2.345892250181113303e-01 1.748374088920811309e-01 1.323195219925077104e-01 1.012591470201551352e-01 8.780052885275502206e-02 7.846805244802192159e-02 4.786544058670295920e-02
4.180869066754558383e-01 3.057050701741578780e-01 2.291796022845449254e-01 1.804150331764346193e-01 1.405859570130663372e-01 1.116463893831377008e-01 1.062802818819244544e-01
9.241759043564137244e-01 6.695757429383603077e-01 4.943444599255792382e-01 3.787336511095998892e-01 2.997509629079906368e-01 2.426229195178147280e-01 1.958199945100963513e-01
1.971450448912669851e+00 1.424271034256322954e+00 1.052996558657183446e+00 8.077678974897164466e-01 6.336047127532340451e-01 5.076166931327100729e-01 4.120347406882716168e-01
3.587050524523417661e+00 2.746550473774340251e+00 2.101584882524902387e+00 1.637187529001225883e+00 1.301809893449240363e+00 1.048059985708822861e+00 8.651281136000472660e-01
4.932619319243760181e+00 4.002785526800121119e+00 3.319979838820423801e+00 2.769647246267965102e+00 2.295161635757817731e+00 1.919513081760601647e+00 1.607762763095160530e+00
4.679432878793391204e+00 4.460291828841025819e+00 3.917491178759417103e+00 3.409824563401992137e+00 3.057026186404038448e+00 2.703486457290309453e+00 2.432655216803694564e+00
5.443095876786539833e+00 3.801099272682834318e+00 3.589587615327873404e+00 3.524980277125635553e+00 3.125873130024773516e+00 2.899290438984261975e+00 2.550079969418408421e+00
2.643404251426490159e+00 5.008306167268615106e+00 3.933213306606832660e+00 2.891246098269349751e+00 3.002285882215378177e+00 2.755700547803990208e+00 2.994097073263253250e+00
1.428211766521661374e+01 1.391122385117120164e+00 2.545012719819279123e+00 4.677246985964345960e+00 2.985155015615092111e+00 2.822768498481774913e+00 1.280247608853134267e+00
-4.477356096667602969e+01 2.286472282376614373e+01 1.473448512709977187e+01 -9.819788381280969425e-01 4.264078065538826401e+00 2.809891751506551572e+00 6.626246214271740875e+00
1.542776234513549980e+02 -6.032987641835803316e+01 -2.278548166531609809e+01 2.612735333594913101e+01 9.709889467491708004e-01 6.712077995329208235e+00 -7.028541425908578333e+00
-1.927545008756652862e+02 3.533940732102603732e+00 -2.992884413299571378e+01 -4.099434820016767134e+01 -3.282307811509599382e+00 -6.438286856519091828e+00 8.566039438819515794e+01
2.751626174164059648e+02 -4.412860906588939969e+01 -4.148169240775195021e+01 2.500464103116082271e+01 -5.709475669431045119e+00 -6.317009938858619478e+01 -1.739821464447408630e+02
-2.630929463063263256e+02 6.902145552721695765e+01 5.507947871252971339e+01 -4.063324425626736058e+01 -4.969081771030497308e+00 4.028474883085063851e+01 2.447903109796298082e+01
1.538803837117153535e+02 -2.266530936780619143e+01 -2.073002881736158898e+01 2.693775289544555562e+01 2.137991067361442177e+00 -1.886725067304174530e+01 2.563566353845865109e+01
-5.888060587225882614e+01 4.089301435166968446e+01 2.620812206108672271e+01 -1.304309234456008149e+01 7.657245653995795820e+00 2.317575741716456506e+01 -2.624661981446262615e+01
4.131739576100120104e+01 4.906632798931187533e-01 1.508357368082939942e+01 2.651373372522941096e+01 -5.051397422504830814e+00 -1.002663716721015419e+01 6.242334468329408992e+01
-2.463084850203661915e+02 -3.746452242630147111e+01 2.933195035482873436e+01 9.278627866763166310e+00 4.032142354785430882e+01 5.372347300112059543e+01 -1.020003070650338373e+02
-2.712211522990896242e+02 -3.924293754357636033e+01 3.075329256332929262e+01 6.857799482992110285e+00 4.415150978056767173e+01 5.954131373515748749e+01 -1.170565634779282789e+02
