6.064547279831694837e+00 6.105686430859621261e+00 6.141652604240936952e+00 6.173605477377189565e+00 6.202352116885718303e+00 6.228475801719727478e+00 6.252411142690596613e+00
6.089032138866191879e+00 6.132889677388082994e+00 6.170875290296899074e+00 6.204384840013514868e+00 6.234368219352226959e+00 6.261498729524241469e+00 6.286278637883280673e+00
6.103980893473978320e+00 6.153638479910958026e+00 6.195865216608208215e+00 6.232594526691213055e+00 6.265097005926199891e+00 6.294208467984897304e+00 6.320638066302012525e+00
6.089560207279333781e+00 6.151718798922187759e+00 6.203028605396405659e+00 6.246595572622443804e+00 6.284391413434640583e+00 6.317748489631900277e+00 6.347582071304725737e+00
6.008909257241387358e+00 6.096081069401471986e+00 6.166035418069606422e+00 6.223814840490615730e+00 6.272703414762195173e+00 6.314877362345184153e+00 6.351851543782625953e+00
5.811940268760817041e+00 5.939667767002567267e+00 6.041704544643742736e+00 6.125257049940912246e+00 6.194967951350908386e+00 6.254149717810359554e+00 6.305143156618635558e+00
5.464597360682853733e+00 5.640906721034421700e+00 5.785192466168169290e+00 5.904591125931824003e+00 6.005164918482463143e+00 6.090903832711357602e+00 6.164865492177247219e+00
4.969154292726654099e+00 5.193577073431809410e+00 5.378757262554203500e+00 5.537051450382103113e+00 5.672529242330879740e+00 5.789856056791854222e+00 5.892149551171967481e+00
4.334060628980282104e+00 4.601431059253481060e+00 4.833713296902262258e+00 5.026537268080037535e+00 5.195063660153317109e+00 5.343184274376026721e+00 5.475393712399880819e+00
3.569299494257519356e+00 3.904980986111234120e+00 4.144949829578037814e+00 4.383220508416292738e+00 4.586758805840415398e+00 4.765861215033769582e+00 4.921413475547008254e+00
2.592406934814860620e+00 2.896748822314246130e+00 3.342770971962624404e+00 3.589337933284341364e+00 3.822352561788683989e+00 4.031293101870568663e+00 4.234390616643477934e+00
1.504506228732019668e+00 2.051199856012615008e+00 2.210516145407284583e+00 2.656681772346374260e+00 2.962052650592423841e+00 3.221807927679384953e+00 3.388983530359359619e+00
1.151755535181483658e+00 1.188396132687637996e+00 1.181314233393937485e+00 1.336487637525535677e+00 1.598305534897060287e+00 1.854495382757101574e+00 2.397648905551894583e+00
1.204643023601301710e+00 1.619621479166170719e+00 9.969294280766753946e-01 9.291742552869547422e-01 1.282515209886290197e+00 1.208039467958728963e+00 1.053864137490649000e+00
1.026742309923492469e+00 1.260045080550798113e+00 1.089565093491028813e+00 9.879916785985678462e-01 1.121377847889178492e+00 1.133915392967926872e+00 7.055937345370000280e-01
6.666630208470456509e-01 1.016696919962045698e+00 8.768534599382404870e-01 8.367133389896791451e-01 1.015114717897096730e+00 9.494254420115394444e-01 7.061028752411210307e-01
2.169208178124086561e-02 5.076855665278471319e-01 5.451488708505337621e-01 5.140738306483547682e-01 6.990894436753563035e-01 7.965129207885598417e-01 5.242722371761937561e-01
-1.033170330720101004e+00 -3.330523468636559237e-01 -7.885292577426497584e-02 5.331352630661727321e-02 2.791719495237807158e-01 3.291175194272132898e-01 2.174490047845962504e-01
-1.682516405491781386e+00 -1.435202526684197455e+00 -1.165281814160610718e+00 -7.547711597656124871e-01 -3.721070000409671952e-01 -1.735077159962168658e-01 -1.931955604439389018e-01
-1.682886764465499008e+00 -1.507076420483891788e+00 -1.232680760834828471e+00 -8.108777043649002536e-01 -4.211579785733336467e-01 -1.886338392040936840e-01 -2.143174238262564313e-01
