2.345892250181113303e-01 1.748374088920811309e-01 1.323195219925077104e-01 1.012591470201551352e-01 8.780052885275502206e-02 7.846805244802192159e-02 4.786544058670295920e-02
4.607604832349675439e-01 3.363327689230993234e-01 2.515714093470095558e-01 1.975005444820107647e-01 1.537529184766838752e-01 1.219603597385526539e-01 1.151460925018724796e-01
1.108559192869355003e+00 8.021094686347866043e-01 5.914731787645022276e-01 4.518907120733262617e-01 3.581968569534229041e-01 2.905041729577638177e-01 2.293308200619816051e-01
2.488721661519046613e+00 1.825081344598537658e+00 1.361685127741431467e+00 1.049210949952744887e+00 8.240320832592202827e-01 6.591198571642802317e-01 5.417502681496221273e-01
4.317029303368292048e+00 3.392150050175881226e+00 2.685159538849338112e+00 2.151527944342009224e+00 1.739993388933414042e+00 1.422834321515407119e+00 1.179061243653670488e+00
4.917800643039914377e+00 4.404709009356905902e+00 3.784286609240381516e+00 3.232487791411630340e+00 2.805742359838029998e+00 2.421785385140447389e+00 2.117876482693664464e+00
5.519016632343991979e+00 3.883412402215320469e+00 3.669705736425214138e+00 3.587108653721255536e+00 3.157945746681703802e+00 2.900477572438228346e+00 2.519852114291817102e+00
1.273573640731833434e+00 5.401443471404117069e+00 4.132575288212538389e+00 2.740210674469324648e+00 3.035067549265904496e+00 2.773297183038298197e+00 3.173574510443323504e+00
1.736545376298041177e+01 3.196178919011193331e-01 2.015938300718044029e+00 5.040482625284722573e+00 2.932158738003525222e+00 2.822681802783633565e+00 8.909267469853998644e-01
-3.373139719762588840e+01 1.936448338792698820e+01 1.352973967471492855e+01 7.780810281219168179e-01 4.201922189299057031e+00 2.834788716996025748e+00 4.631500794195329007e+00
8.456866656171055752e+01 -5.180795636796204917e+01 -2.403625416562253392e+01 1.347339436361369636e+01 2.158648171497432600e-01 9.180371928317379471e+00 1.945087602793018533e+01
9.946098111342024595e+00 -2.379224107728759918e+01 -4.768895948830681419e+01 -1.383869111652941086e+01 -4.388844298774840169e+00 -3.936256256067360937e+01 -8.730215085850602463e+00
-9.010513805228231377e+01 3.649265520085686632e+01 2.692285161554325867e+01 -2.452469660678378105e+01 -5.233978396130526178e+00 5.169524569716267060e+00 -9.126582825558473644e+01
8.635398378971795808e+01 -1.115770560338734896e+01 -8.603076307284883484e+00 1.954587125343540777e+01 -4.436335227096550149e+00 -1.483468001544075854e+01 5.731932450312309157e+01
-5.779936051753057313e+01 3.547780578153379594e+01 2.042647181917940102e+01 -1.545947257395045504e+01 1.247825861455811491e+01 2.667073254382263059e+01 -4.761537980881020360e+01
5.068889302634913463e+01 1.008202416874090623e+01 1.565584975643130683e+01 2.193750622702664899e+01 -7.082676077424805428e+00 -1.046425353556334059e+01 6.327002356952887396e+01
-1.916468673314965940e+02 -3.323518108871632393e+01 2.625394385576097989e+01 1.438898256656825225e+01 3.189605917428697879e+01 4.102259948528096345e+01 -6.914161976003495624e+01
-2.712211522990896242e+02 -3.924293754357636033e+01 3.075329256332929262e+01 6.857799482992110285e+00 4.415150978056767173e+01 5.954131373515748749e+01 -1.170565634779282789e+02
