2.278527362601990292e-01 2.481804518788215397e-01 2.633946823461638664e-01 2.750262733415638206e-01 2.842332369770265710e-01 2.927239171708703735e-01 2.992178429514114613e-01
2.006484017977147871e-01 2.401725114494867031e-01 2.692371674068606557e-01 2.915098098092583356e-01 3.090813842652518351e-01 3.226588957468349839e-01 3.343060659296774872e-01
-2.376125961036746129e-02 7.097372817847065474e-02 1.398544152620660730e-01 1.916368247040080852e-01 2.317621780624404271e-01 2.641429017988341510e-01 2.900803236906557281e-01
-6.228286436559308248e-01 -4.088071941839130918e-01 -2.511375714007764159e-01 -1.314394340000129002e-01 -3.838553770705525198e-02 3.537587067178398631e-02 9.502318829514347365e-02
-1.814446866640460065e+00 -1.430803638478799877e+00 -1.128753898543088274e+00 -8.879931001482922470e-01 -6.943784083713949729e-01 -5.368485727619231040e-01 -4.073653444164380133e-01
-3.429882638584449417e+00 -2.962862732910995334e+00 -2.552518528927518737e+00 -2.203717958319993286e+00 -1.901852524436687286e+00 -1.641143204456520399e+00 -1.414827178333571300e+00
-4.978682423300273108e+00 -4.520410117941795924e+00 -4.154603357379256678e+00 -3.782098651220547669e+00 -3.448733820779525505e+00 -3.144786344124338218e+00 -2.872743549088644155e+00
-6.472121558745532965e+00 -6.093397886356537008e+00 -5.571724131593504659e+00 -5.270999376399085001e+00 -4.967441280414981009e+00 -4.682540107913376382e+00 -4.390713587352899516e+00
-7.851200829784018786e+00 -7.123131882705743934e+00 -7.162538708740587623e+00 -6.675670092037144343e+00 -6.325537790745238809e+00 -6.022610112701062057e+00 -5.821744034207791074e+00
-1.057512846850797139e+01 -1.080238562316987583e+01 -8.666585934214740661e+00 -8.327001519339590985e+00 -7.971786401664684441e+00 -7.646316235929118577e+00 -7.299367139948735428e+00
-6.938964447812902669e+00 -6.668831647558912223e+00 -1.182894488367157493e+01 -1.115148426978686302e+01 -1.082650528013884106e+01 -1.036757675110252919e+01 -8.946897661527192014e+00
1.111639928525850696e+00 3.373192737484821402e-01 -3.318754261011323869e+00 -7.275573064486324348e+00 -6.899839869451299457e+00 -9.634127426896398561e+00 -1.258548352369529333e+01
-1.544590364683332773e+00 -3.090484533600827977e+00 1.215020780872950734e+00 8.981609682740445688e-01 -1.331976326051130144e+00 -4.448752191122806732e-01 -3.859366605146138607e+00
-3.406680615011266067e+00 -4.807526947714669263e-01 -2.302677779381807177e+00 -1.348224014074514310e+00 -1.312086634031310595e-01 -1.782695669754226220e+00 -3.463996895943425303e-01
-6.601148483431567016e+00 -6.814488718052914784e+00 -3.116537335838767575e+00 -3.423681368576217743e+00 -4.080975997907578368e+00 -1.386204887639401750e+00 -1.696115698539635730e+00
-1.057619283056196835e+01 -7.922486091184953949e+00 -7.020431515303833692e+00 -4.767721777135196959e+00 -3.809658229066730240e+00 -5.329636831076390635e+00 -3.331980450738370791e+00
-2.167141511171553958e+00 -1.258688925469635045e+01 -1.211159643885826398e+01 -9.714570024666492998e+00 -8.254731995647563991e+00 -3.614709399699928660e+00 -4.026570750468378534e+00
3.195488845508253628e-01 -1.385380573551075578e+01 -1.292843811245138497e+01 -1.083287132908632877e+01 -9.517238103255870385e+00 -2.732699584405663629e+00 -4.008564728480238593e+00
