2.278527362601990292e-01 2.481804518788215397e-01 2.633946823461638664e-01 2.750262733415638206e-01 2.842332369770265710e-01 2.927239171708703735e-01 2.992178429514114613e-01
2.123418166760737691e-01 2.482326124467904849e-01 2.746780429979616134e-01 2.949938961964161388e-01 3.110588993980732408e-01 3.234740712168107657e-01 3.341739592789912949e-01
4.586129541356594869e-02 1.248874704582607492e-01 1.824220732814137991e-01 2.257437115832699737e-01 2.593897408571461671e-01 2.864223923252492421e-01 3.082584953734576749e-01
-3.755899877962865507e-01 -2.072697881299801481e-01 -8.487228297644826280e-02 7.531050749178904748e-03 7.905014573586124915e-02 1.358578321370243480e-01 1.815870199349394198e-01
-1.241537960455171286e+00 -9.264873643694465644e-01 -6.857100503836484062e-01 -5.001514466069411080e-01 -3.539718873176799785e-01 -2.370685436567073756e-01 -1.419992889881940834e-01
-2.565069518145183025e+00 -2.120357843380187290e+00 -1.756278142636360062e+00 -1.451946105768528783e+00 -1.199820460648023390e+00 -9.896192100665343050e-01 -8.137879031181773914e-01
-4.031609839413282437e+00 -3.571926440697149818e+00 -3.150340126982718481e+00 -2.787257070454461694e+00 -2.463212939690336611e+00 -2.175876544910846810e+00 -1.919758698611371939e+00
-5.360834955197345764e+00 -4.910545905613449058e+00 -4.552932269102488050e+00 -4.187731571909450778e+00 -3.859086207307313998e+00 -3.556806130702484303e+00 -3.283315712127973018e+00
-6.692423831162215286e+00 -6.281171687089926792e+00 -5.805429090258621194e+00 -5.493424837357750334e+00 -5.188746304195301029e+00 -4.904888498193256119e+00 -4.621440132638815257e+00
-7.968218441510092731e+00 -7.301597152450086448e+00 -7.221831110659948649e+00 -6.759983144104801944e+00 -6.413859254683555555e+00 -6.111961959207920181e+00 -5.895310034070378791e+00
-1.049473546071337537e+01 -1.095877302213296467e+01 -8.447408278863766995e+00 -8.264750205665063021e+00 -7.945053350859560659e+00 -7.635276033147269992e+00 -7.207390307998334578e+00
-8.561876370443471274e+00 -5.965754807316583808e+00 -1.222278850002324546e+01 -1.014390313210569694e+01 -9.466291145848929389e+00 -8.919790228163197554e+00 -8.773265829110350467e+00
8.508370991241952508e-01 -6.695597354113388633e+00 -6.100748970217497735e+00 -1.193479015411498700e+01 -1.267370046172336195e+01 -1.395351903087248857e+01 -1.078620249003638065e+01
-6.064991766551538488e-01 8.262383381367069290e+00 1.299050448181405359e+00 2.094025459175864690e+00 3.059963649763416615e+00 6.058009133755254405e-02 -1.135243700585381177e+01
-2.627631170286851781e+00 -9.447402553840399619e+00 -3.585526864511551226e-01 -1.157198349804788862e+00 -4.105972022570163915e+00 -1.831359100122753825e+00 1.915659465774339765e+00
-4.432031812689979589e+00 6.413804575890955650e-01 -3.015727898585675248e+00 -1.980208600471137004e+00 -4.376210419293782850e-02 -1.426126384076144671e+00 -1.633607040404496669e+00
-8.306270645050403800e+00 -8.251829283458931741e+00 -3.942951525200185436e+00 -3.829082275077050568e+00 -4.553184913972113890e+00 -2.470360685457467564e+00 -2.082729730365736831e+00
-9.986483072187422039e+00 -8.357910477493073031e+00 -8.041028986807315704e+00 -5.446620753211738553e+00 -4.171458614832577183e+00 -5.570570524278401159e+00 -3.595945328434283716e+00
-4.555464297667020102e-01 -1.346046772032564398e+01 -1.268336724212483091e+01 -1.048907082499975729e+01 -9.124437729800304098e+00 -3.012810989689734598e+00 -4.017270780223556770e+00
3.195488845508253628e-01 -1.385380573551075578e+01 -1.292843811245138497e+01 -1.083287132908632877e+01 -9.517238103255870385e+00 -2.732699584405663629e+00 -4.008564728480238593e+00
