6.064547279831694837e+00 6.105686430859621261e+00 6.141652604240936952e+00 6.173605477377189565e+00 6.202352116885718303e+00 6.228475801719727478e+00 6.252411142690596613e+00
6.091591497907484332e+00 6.135915610204025761e+00 6.174244656833496769e+00 6.208017709241617332e+00 6.238209212575804408e+00 6.265500515934346204e+00 6.290418697868304321e+00
6.104291453240887400e+00 6.156094150727572156e+00 6.199881492363811475e+00 6.237784696847653798e+00 6.271197719885302391e+00 6.301042911604206154e+00 6.328062247930792417e+00
6.071212519445525757e+00 6.140450289035167764e+00 6.196938657553267227e+00 6.244425971244882412e+00 6.285262315862424565e+00 6.321030372447152601e+00 6.352809687245883907e+00
5.933629842327765580e+00 6.038151173265879912e+00 6.121567822447897989e+00 6.189888914563667299e+00 6.247166189559415272e+00 6.296105888947730378e+00 6.338610791277206502e+00
5.626408778623561702e+00 5.782635061663791376e+00 5.908784338514523782e+00 6.012726536002227284e+00 6.099692516879725801e+00 6.173513021850978610e+00 6.236972370306625990e+00
5.129181782250634924e+00 5.339500809470857590e+00 5.513604800993619826e+00 5.660448995784560289e+00 5.785670825563291153e+00 5.893605766955389846e+00 5.987465463510087460e+00
4.456353778545912192e+00 4.716440031098704466e+00 4.939359121177886003e+00 5.126521571159280199e+00 5.289406375603965316e+00 5.432248266580571361e+00 5.559100804425726849e+00
3.618271652284728024e+00 3.949627018629149777e+00 4.189486192639800599e+00 4.424815935666416955e+00 4.626197893919175463e+00 4.803427513326796294e+00 4.957689264233686721e+00
2.527168685925905045e+00 2.829345044752270333e+00 3.289798346806269258e+00 3.537967993624692387e+00 3.773069119452207687e+00 3.983975144570375715e+00 4.189479189928020375e+00
1.359852866279968930e+00 1.934917752295268967e+00 1.986464103967042982e+00 2.459283819205338339e+00 2.774216843995120918e+00 3.043389911471494180e+00 3.224335987768951028e+00
1.185935975755419092e+00 1.079575431937118912e+00 1.034620165233172129e+00 1.031917899643452374e+00 1.285901386010180225e+00 1.481129003943466582e+00 2.037515374664716550e+00
1.157746358221416694e+00 1.761593360965644006e+00 1.057947547963740353e+00 1.008400495594706126e+00 1.340260891406310106e+00 1.213169725421060718e+00 7.118657065176645649e-01
8.592187359488591136e-01 9.747802678232623252e-01 1.013399863183978677e+00 9.162661923681836296e-01 1.000806663185349832e+00 1.029679193266412884e+00 7.620248905804223316e-01
2.974384696739832412e-01 7.947349897048887613e-01 6.743539104320439570e-01 6.497699971203615421e-01 8.640241701299894439e-01 8.655541266499420239e-01 5.934550598582774006e-01
-7.772245768943168986e-01 -1.320391718564990768e-01 1.076103190013199123e-01 1.794078483773777488e-01 3.773774505914290200e-01 4.647672518467980129e-01 3.033733533023561524e-01
-1.666114400101013970e+00 -1.273993787964016189e+00 -1.011759676022144561e+00 -6.297211019087526340e-01 -2.645750243921988210e-01 -1.323876074898930055e-01 -1.433722918891339182e-01
-1.682886764465499008e+00 -1.507076420483891788e+00 -1.232680760834828471e+00 -8.108777043649002536e-01 -4.211579785733336467e-01 -1.886338392040936840e-01 -2.143174238262564313e-01
