4.413923874251233781e-01 3.834586275898086982e-01 3.379328344928954619e-01 3.023814299656157334e-01 2.735268249880729030e-01 2.496210003582544357e-01 2.297599477252765809e-01
4.783675990260869981e-01 4.106902207674092420e-01 3.584662856846786982e-01 3.185076076215894725e-01 2.864399560981917836e-01 2.602167687675773222e-01 2.389775276064817766e-01
5.657645364913661545e-01 4.741198044284705149e-01 4.054574194824485112e-01 3.547669012441831971e-01 3.149618011856061273e-01 2.831323367099357058e-01 2.584446933393423351e-01
7.697148686983674715e-01 6.218356068165945549e-01 5.147268472674966233e-01 4.385274704048595651e-01 3.808730203877982445e-01 3.361124841120174955e-01 3.010981846678941198e-01
1.172242267150606532e+00 9.289371261061779572e-01 7.501486320286891996e-01 6.226005847126565573e-01 5.274000424661727804e-01 4.543084769445255855e-01 3.987041012894273484e-01
1.740966182570267140e+00 1.397718638844547723e+00 1.139426058780366402e+00 9.473213561871000055e-01 7.985338674273322335e-01 6.821377495661018475e-01 5.913107371152417358e-01
2.316835480657774227e+00 1.905830078730805788e+00 1.592534766708548766e+00 1.352476443846044596e+00 1.159540194997400020e+00 1.004065911289288238e+00 8.780352982493164760e-01
2.780696331469163507e+00 2.418027716373276625e+00 2.037353081996935433e+00 1.735006157456214559e+00 1.524039920960585270e+00 1.340635021340156774e+00 1.204252858331640086e+00
4.174688288037896378e+00 2.654245870312943012e+00 2.344764441362484853e+00 2.222363875355142682e+00 1.867131095598212998e+00 1.667459072063371517e+00 1.407773725583618685e+00
4.345862494422919609e-01 4.711044615743412045e+00 3.600125113994966153e+00 2.147143394449373854e+00 2.309424487585692187e+00 1.995373183578367682e+00 2.201384892375206181e+00
1.305201334600395668e+01 7.911702813687018221e-01 2.581642659133442042e+00 4.613241089399596540e+00 2.597975184110510316e+00 2.518040942143052074e+00 8.334353605321919156e-01
-1.812962572872736544e+00 -5.354136780522482653e-01 -5.848570305856797269e-01 1.445115831584961708e+00 2.342830327556074899e+00 2.659895987191164046e+00 9.566005383315342669e+00
2.091924381455005033e+01 -4.670648905476939561e+00 -5.230612500372593843e+00 2.997312945839167853e+00 1.710761020293016132e+00 -3.697280132220623461e+00 -5.773496038069889202e+00
8.764811516544391834e-01 1.102827561004609658e+00 -6.623575786193000026e-01 -2.088195101797734876e-01 1.119839619379522366e+00 -8.681489403914474101e-01 -4.810697035961544188e+00
1.078409272895477855e+01 5.232074377268148835e-01 -1.569459257120236151e+00 1.405679813218302154e+00 1.636847795185386811e+00 -1.479547108072447603e+00 -3.835732671046946596e+00
9.089268652192284748e+00 4.119306964021117956e+00 9.785503685923215844e-01 1.309902168625901142e+00 1.874854904607341055e+00 -2.485396829726596868e-01 -3.100819091388878679e+00
5.710828096466499915e+00 2.701678883333900050e+00 3.113098092563978181e+00 4.174109328068099423e+00 2.606004144061987216e+00 3.218789282497293569e-01 -2.574378819689506770e-01
1.643280578337505293e+00 2.061978159723992121e+00 3.614986891686641002e+00 4.364035757099196999e+00 3.274553547761399397e+00 1.205066006679398116e+00 -1.889600932066661354e+00
