4.413923874251233781e-01 3.834586275898086982e-01 3.379328344928954619e-01 3.023814299656157334e-01 2.735268249880729030e-01 2.496210003582544357e-01 2.297599477252765809e-01
4.729304006124352422e-01 4.067180634894844715e-01 3.554918883509106675e-01 3.161692618697769519e-01 2.846189358297943617e-01 2.587716801328764360e-01 2.376068995702885767e-01
5.406706867157253793e-01 4.559513288474967840e-01 3.920536919211723426e-01 3.445153068754731596e-01 3.068387601167278378e-01 2.765478914681080980e-01 2.532014852851781628e-01
6.870683039029360506e-01 5.617227597697579400e-01 4.700926005301870325e-01 4.042100491171666254e-01 3.539514441481986240e-01 3.145716845737015488e-01 2.834815536595364782e-01
9.759595406849049803e-01 7.765537533289540439e-01 6.316102708458404269e-01 5.290182959619571523e-01 4.523564460840424073e-01 3.934315753389323600e-01 3.483611231731181257e-01
1.431780291546651096e+00 1.135795526351508711e+00 9.179658795350734701e-01 7.600194436584595259e-01 6.398585470460460556e-01 5.473264042408202412e-01 4.760919940225051827e-01
1.947521429313215036e+00 1.590820652572360494e+00 1.307049124956805475e+00 1.091514994522458037e+00 9.260644663821745448e-01 7.936083433347851379e-01 6.905193711221694342e-01
2.489262481758502510e+00 2.023603990741172254e+00 1.704410650103262759e+00 1.462984717354566477e+00 1.256809873778705233e+00 1.093913979823132765e+00 9.561434721614707755e-01
2.814421224279494371e+00 2.515625360397200971e+00 2.112657371791099248e+00 1.786931417235053887e+00 1.580127856800309649e+00 1.391967344443344690e+00 1.261904332823256647e+00
4.273073112384571992e+00 2.659404200646162675e+00 2.358820144646328387e+00 2.252500889920241445e+00 1.885445583544018033e+00 1.684937974428027063e+00 1.414442609941695128e+00
6.788502380830030436e-01 4.579903848821758494e+00 3.512455481062866092e+00 2.147947556029635496e+00 2.283201989600381676e+00 1.977899543155630990e+00 2.166341483420906489e+00
1.076800102205605647e+01 1.847960553466085454e+00 3.020454264337538497e+00 4.234679879196528773e+00 2.586921374430525056e+00 2.371419283071682926e+00 7.353278862908112501e-01
1.467582433543260789e+00 -2.934884961789469560e-01 5.931324975461412796e-01 2.363703651131300543e+00 2.461791943022336060e+00 3.329360933726332572e+00 8.201065441717357629e+00
1.594679288484202928e+01 -4.342895875583893783e+00 -4.806617248245264484e+00 2.855948152188462874e+00 1.950398093779847741e+00 -2.291584147154640760e+00 3.564063229694832691e-01
6.074971538082531985e+00 -5.474011038493705739e-01 -2.000683615658969128e+00 3.885335079183365181e-01 1.400932215930109415e+00 -1.614550940558017400e+00 -7.416251854263376408e+00
8.165361880963702745e+00 -5.686585160386881110e-02 -1.632185301812396849e+00 1.186099629682458412e+00 1.035624521848243385e+00 -1.947234626419635184e+00 -2.517041295848969185e+00
8.313010003788203761e+00 2.012071818245188215e+00 -6.575936046901807996e-01 8.099505241307669579e-01 2.036008692911785101e+00 -4.808125915717639254e-01 -5.357274521599597605e+00
1.027450958115494473e+01 4.249718560351558594e+00 1.356138325813877277e+00 1.916704331501130509e+00 1.717790607122964497e+00 -5.137469663751175197e-01 -1.514491083798023441e+00
3.004760769560841815e+00 2.263844881623342076e+00 3.456897443880908583e+00 4.321506350410581732e+00 3.052321578066057306e+00 9.071106504070490795e-01 -1.313420991783395220e+00
1.643280578337505293e+00 2.061978159723992121e+00 3.614986891686641002e+00 4.364035757099196999e+00 3.274553547761399397e+00 1.205066006679398116e+00 -1.889600932066661354e+00
