2.348524791720354887e+00 -2.497667465392956476e+00 2.496295852568143570e+00 -7.851135628795525845e-01 -1.904294447119315947e+00 -2.086465418225761592e+00 -3.708629765055882488e-01
-5.401949580309631571e+00 -1.846083816964289692e+00 -4.863624990455937436e+00 -1.086365237011673646e+00 -3.031343365059941397e-01 -2.249016901273234725e-02 -8.889636299712944112e-01
-6.769208467164752330e-01 -2.437708254320799295e+00 -1.625754339847384156e+00 -4.256991002607231067e+00 -5.100560211630543073e+00 -4.706067276077739336e+00 -3.267283676494745048e+00
8.147542448272079296e-01 -1.501524490067073780e-01 8.258410654187620104e-01 -2.288977307624220359e-01 -1.514034692613020205e-01 -7.679356680494875409e-01 -1.585092084259126732e+00
-6.946558028567147991e-01 -2.860697016167797549e-02 1.674215147556582517e-01 7.081799777193981127e-01 9.941821771238341654e-01 9.575974332696669533e-01 7.391583902399970762e-01
-6.811985763966010854e-01 -9.427478957614903177e-01 -7.386241419000194597e-01 -5.092544748630891682e-01 -2.191972101680430829e-01 1.715156564115284665e-01 3.932217709863999322e-01
-2.623986246395565214e+00 -1.554762107212182665e+00 -1.085611283254713344e+00 -1.069124466928299100e+00 -9.542326742035962539e-01 -8.326051904699436346e-01 -5.609636608614679831e-01
-3.607231343837900006e+00 -3.295271190800325822e+00 -2.818116936952552720e+00 -2.086996065617841456e+00 -1.599845934118093282e+00 -1.314875670377637640e+00 -1.270134727106656314e+00
-3.952867784140463137e+00 -3.772104844140548252e+00 -3.644382642463867672e+00 -3.451704439934392354e+00 -3.113416076676162714e+00 -2.744049875045136311e+00 -2.237044837419245980e+00
-4.685171922293935864e+00 -4.305281137397507507e+00 -4.075091299174202319e+00 -3.851606381962755954e+00 -3.761910896899913759e+00 -3.619430274678081538e+00 -3.396119739893651790e+00
-5.911596348935267642e+00 -5.076156894505793993e+00 -4.648083459792847982e+00 -4.510492669858050085e+00 -4.299450132577427475e+00 -4.107563459620687141e+00 -4.011354712844032555e+00
-5.544803684849355818e+00 -5.583103919271761306e+00 -5.632136396581752358e+00 -5.822510861708205532e+00 -4.878791047588718399e+00 -4.628382539855937949e+00 -4.373173621605070061e+00
8.040793604869396205e+00 -7.001649166484138043e+00 4.566963589236079812e+00 -4.695708736414390572e+00 -5.492959101737014294e+00 -5.292957676234629538e+00 -5.184340918729585468e+00
-6.908924994408241815e+00 -9.014525044890008942e+00 -6.100017293810534369e+00 4.533978038406996092e+00 6.153128677747944586e+00 3.495743546719202399e+00 2.568539012832644630e+00
-3.355979036536363935e+01 -5.934929390523244308e+00 -2.016555113490419870e+01 -1.986971530685047682e+01 -8.823709337183874624e+00 -2.109250403793137707e+01 -1.909220698842142383e+01
-1.154833191185116981e+01 2.476423445068828499e+01 1.431043035963109489e+01 1.253088289633215169e+01 -2.057516403331079147e+01 -9.215193944762629652e-01 -7.392183790120476772e-02
3.083640179977258811e+00 -2.112840093164827593e+01 -4.798994656606278397e+01 -4.418849542816995779e+01 2.492767801006696970e+01 1.811435149347108364e+01 4.545534940815123548e+00
4.773607535549942327e+01 -5.160862720601201659e+01 7.747313565773543687e+00 5.222772078376570093e+00 -1.366847126330383588e+01 -2.272123538761730188e+01 -4.549497563429955704e+01
-6.980671367594712251e+01 3.269364670240636883e+01 -3.721304398363678700e+01 -3.078097104364611880e+01 1.342613500528504034e+01 -5.351070738877835709e+01 3.909886313203163155e+01
-8.003417902874863898e+01 3.996797605635051553e+01 -4.221248034301209628e+01 -3.491809156198895892e+01 1.657915850495743015e+01 -5.475213096392776890e+01 4.695396759596147973e+01
