-1.864486403584155028e+02 4.513182526019411966e+01 1.035447114307280714e+01 -3.517309275708323213e+01 -1.679809105363675226e+00 2.851773518151684783e+00 3.627565915116869633e+01
1.367728509867195044e+02 -3.148195638527213092e+01 5.304712249979619543e+00 3.305466478393206131e+01 -7.086517672094809761e-01 1.696194324874122028e+00 -2.365100433624597187e+01
-6.196394512123934106e+01 1.100201475174914201e+01 -1.050911867968451574e+01 -2.354402248160409172e+01 4.410324526061035755e-01 8.307604467064471976e+00 2.132684573320990751e+01
-4.028850551949949477e+01 1.052290287288947646e+01 -1.470501354311771536e+00 -7.003255908313847478e+00 1.661889471652224504e-01 -9.832637998959038228e+00 -3.846295401263811087e+00
1.310330588021030174e+01 2.264028680876140953e+00 3.702898924656304658e+00 5.027984056930928425e+00 9.879847186652542801e-01 -1.497399265083890540e+00 -2.649101264844796244e+00
-6.817323916552306962e+00 6.496048508687195522e-01 2.496137547974894844e+00 2.370647584183742662e+00 3.604080067249418651e+00 3.636136085057120493e+00 2.239450271554018213e-01
1.365654400134818935e+01 7.709906799011847944e+00 1.655077696829941214e+00 2.389116221848975874e-01 1.330634085963975588e+00 1.534130327709860353e+00 4.330915003460430235e+00
3.246646638601678792e+00 3.469064228288254448e+00 6.550528654805708229e+00 6.577074907963483597e+00 3.689301798374135632e+00 1.829329755746085695e+00 -1.115284611015366245e+00
2.439863855570831408e+00 1.358910326405214919e+00 1.379049089106171744e+00 2.736905443354785472e+00 3.602326111105810025e+00 4.083427058899656181e+00 6.355102831003072161e+00
5.349326368322876668e+00 2.649446222602175549e+00 2.355307434860431925e+00 1.539566700998650672e+00 8.818378293736022222e-01 1.898365200047183787e+00 2.498436080625533684e+00
1.045059667703078432e+01 6.287878428635396588e+00 2.303276282700224442e+00 1.468943179996024639e+00 2.279950813778273577e+00 1.499129872011758957e+00 3.663922901765470641e-01
-2.909205451762531425e+00 8.532686023262225916e-01 -3.123850309514281776e+00 4.459924362637469386e+00 7.884513328755311079e+00 -1.741280220907244214e-01 7.980521539117045648e+00
-5.192711238834590404e+02 1.005265591891109977e+02 1.294998665801619353e+01 -8.314829291908330333e+01 1.784550428912390529e+01 -6.151192432019554346e+00 1.601781092917716620e+01
-1.477004511969192890e+01 -1.164870869347735649e+01 8.563211091153274879e+01 7.557535754625644131e+01 -2.033916194980423597e+01 -2.536574449767364570e+01 1.426444999303959094e+01
7.157021230714385638e+02 -4.811685371116696075e+01 -1.214075313129885103e+02 1.157034014733039839e+02 -1.150820648618065434e+00 -1.477837808112602431e+02 2.842310143565315457e+02
9.057846338927222405e+02 -2.511974764226113876e+01 -2.954277517921092411e+01 -2.237096982715796685e+02 -1.221862635227255112e+02 3.088826836382327201e+02 -4.983072051679164929e+02
-1.734318357806146196e+02 -2.830884600910479207e+02 -2.264219262363944267e+02 4.969733301409753494e+02 4.260573429563831951e+02 -3.321172943172801979e+02 2.909475422351829366e+02
-2.761440503237620305e+03 2.873013215293820508e+02 4.125723634283203864e+02 -2.326487967110040245e+02 -1.244507214566251605e+02 -1.078685414423113116e+02 -3.988702439040004037e+02
2.921466148017887008e+03 -3.542452959946336364e+02 -5.266748732700459641e+02 5.567062566932422669e+02 -1.809747838352702729e+02 -5.146992117061347471e+02 3.009953474462200120e+03
3.427412238364109271e+03 -4.191303216167224264e+02 -6.162399913251263115e+02 6.375082583670432541e+02 -1.700438767039629511e+02 -5.523539336093630254e+02 3.290703883871529342e+03
