1.160955849476129309e+01 1.156188710205744563e+01 1.160955849476129131e+01 1.165124372095116279e+01 1.168820315638441620e+01
1.154249166959156625e+01 1.136878383717252738e+01 1.154249166959156270e+01 1.159381556597235274e+01 1.163751877311752381e+01
1.132037727860354082e+01 1.093370417813638795e+01 1.132037727860354082e+01 1.140894362496858427e+01 1.148874294327356260e+01
1.094110805729992641e+01 1.092910618754681984e+01 1.094110805729992819e+01 1.092969711716855130e+01 1.102275353393815749e+01
1.103601376609034546e+01 1.098989472342943330e+01 1.103601376609034368e+01 1.107226669631158344e+01 1.109980419633812687e+01
1.105533811289928714e+01 1.098332304343403187e+01 1.105533811289928536e+01 1.110884773815810256e+01 1.115554611490324000e+01
1.099397110851473158e+01 1.089951773587965178e+01 1.099397110851472803e+01 1.107645536825031485e+01 1.115635502891108111e+01
1.087091944339158189e+01 1.076464859063520230e+01 1.087091944339157834e+01 1.096938544584179098e+01 1.106286482893233547e+01
1.064393651442743938e+01 1.047109913547204840e+01 1.064393651442743760e+01 1.078999026613170997e+01 1.091363427133492259e+01
1.029812888347438360e+01 1.010292056979863595e+01 1.029812888347438182e+01 1.047586847470002169e+01 1.063404398461389277e+01
9.908405705409528252e+00 9.697120861678962811e+00 9.908405705409528252e+00 1.009676358189513579e+01 1.027012245465881790e+01
9.462609358358974987e+00 9.220542073294806684e+00 9.462609358358974987e+00 9.671847243457589727e+00 9.866016128921717865e+00
8.879689695012864092e+00 8.687726366568387704e+00 8.879689695012862316e+00 9.181170752951896219e+00 9.395931750887230649e+00
8.370159349226334200e+00 9.005127278924193845e+00 8.370159349226334200e+00 8.629405857893896581e+00 8.859368288974794226e+00
8.905185934405063009e+00 8.767774234713879622e+00 8.905185934405061232e+00 9.054133487968821115e+00 9.182948791432973934e+00
8.905185934405064785e+00 8.767774234713879622e+00 8.905185934405061232e+00 9.054133487968821115e+00 9.182948791432975710e+00
8.905185934405064785e+00 8.767774234713879622e+00 8.905185934405061232e+00 9.054133487968821115e+00 9.182948791432975710e+00
8.905185934405064785e+00 8.767774234713879622e+00 8.905185934405061232e+00 9.054133487968821115e+00 9.182948791432975710e+00
