1.144012743668659127e+01 1.150638674307173126e+01 1.156188710205744208e+01 1.160955849476129309e+01 1.165124372095116279e+01 1.168820315638441798e+01 1.172137547460052787e+01
1.116880392259952615e+01 1.128899090738337208e+01 1.134347404987640573e+01 1.153700167617170358e+01 1.159242531806480336e+01 1.163756644501181725e+01 1.167183680027536141e+01
1.074486959513064122e+01 1.107297383452899275e+01 1.091289169910333712e+01 1.127739060832840856e+01 1.135847137312498489e+01 1.144249333764886600e+01 1.146733339009713681e+01
1.086853062361221234e+01 1.089145403303829518e+01 1.094298250613302059e+01 1.092789333912431005e+01 1.091419698621984402e+01 1.099908389095168992e+01 1.114511781807109969e+01
1.084658437146624266e+01 1.093564615378696736e+01 1.099484964019459454e+01 1.105733131109485434e+01 1.110216536998616554e+01 1.112572759528874577e+01 1.113226367948272966e+01
1.077304508983506182e+01 1.087086626839830750e+01 1.096678397583676023e+01 1.104295257597340729e+01 1.110249869852618154e+01 1.116005741185270672e+01 1.120855858952002215e+01
1.061761690684152981e+01 1.074427294237219677e+01 1.086738827617399217e+01 1.096369695349199525e+01 1.105119372363405184e+01 1.113594407008759291e+01 1.119889769039724214e+01
1.027299121071597732e+01 1.049421143393107059e+01 1.067325644191991074e+01 1.080181282867945747e+01 1.091524537981272935e+01 1.101748855314619746e+01 1.110120181856657062e+01
9.875758669977901860e+00 1.011064643961561416e+01 1.032156461325419095e+01 1.050838329886605393e+01 1.067155052168563500e+01 1.081111287748245964e+01 1.091986506949578306e+01
9.424145802166624009e+00 9.690074029629887065e+00 9.913287727310905240e+00 1.011925806902790015e+01 1.030274675386725747e+01 1.047000093028222345e+01 1.062282965640991605e+01
8.880267357595524658e+00 9.193318843960637921e+00 9.471534820423288537e+00 9.677956255141435093e+00 9.874815117794149444e+00 1.005525575921437564e+01 1.022196490647450418e+01
8.160102846556496203e+00 8.643651259798456721e+00 8.853679507524329750e+00 9.175929778597861741e+00 9.416826184878956951e+00 9.634985582102034485e+00 9.816238780087541471e+00
8.365374517440294255e+00 7.953894625655774320e+00 8.794726374567563454e+00 8.369497531453230721e+00 8.760418057244235612e+00 8.942202617294231715e+00 9.165676095644197829e+00
8.835052072800362311e+00 7.242213410496436410e+00 9.201592725207405010e+00 9.020638077706243152e+00 8.838184501508376201e+00 9.197590905260943472e+00 9.323646637694364969e+00
6.028527416294701347e+00 5.912680946876191612e+00 6.603945088132075369e+00 7.061079759772949771e+00 9.207674221619670973e+00 8.050510974210789428e+00 8.296248837474701432e+00
4.164573315267048770e+00 7.545575144196671857e+00 8.153878902940970619e+00 8.333756593171431248e+00 6.414385835940717762e+00 6.469826012964064788e+00 6.788063301071042943e+00
2.636443076402681385e+00 8.143430447940311012e+00 4.590189169062523611e+00 5.083055931754561385e+00 7.906766608175002986e+00 8.156037082102093549e+00 8.311843651447055947e+00
6.597627458279942125e+00 3.376194880659037167e+00 3.196515414138707545e+00 3.642110078836965581e+00 8.031796009682491189e+00 7.875936534747157047e+00 5.109791582716601610e+00
6.889757906319546876e+00 1.358375302433139753e+00 2.565125586600276009e+00 3.077871824939445666e+00 7.418108074216871906e+00 3.764130014382583322e+00 3.561654491749062679e+00
6.495621485496873682e+00 1.549462312380643914e+00 2.356225978659713061e+00 2.905077171188700014e+00 7.496994256253590727e+00 3.479215358315517648e+00 3.787957872005455862e+00
