-7.851094340108668579e-01 2.496297375634400240e+00 -7.851094340109132652e-01 -1.904293534557851775e+00 -2.086462936330733431e+00
-1.001066575086230870e+00 -4.749638646469019676e+00 -1.001066575086221100e+00 -2.278850224656054080e-01 3.773710271930230675e-02
-3.886060750376802098e+00 -2.343230507390015038e+00 -3.886060750376778117e+00 -4.453169255057069620e+00 -4.048291867872128691e+00
-1.496198792155700952e+00 9.322311872578463721e-01 -1.496198792155720270e+00 -1.882991421420154854e+00 -2.287526806611730024e+00
1.339950543603782407e+00 3.000221171499841688e-01 1.339950543603773525e+00 1.884827081027749207e+00 1.530236686256067236e+00
-4.367017142786088213e-01 -5.058139792414714231e-01 -4.367017142786155937e-01 -2.817982730042556394e-01 1.503574905398963046e-01
-8.544234137577435551e-01 -9.880758266775850895e-01 -8.544234137577568777e-01 -6.319738308487585776e-01 -4.351416712270513854e-01
-1.678164715921619532e+00 -2.102116298013049445e+00 -1.678164715921588668e+00 -1.374175173090145918e+00 -1.190229384758829889e+00
-2.933955545174640189e+00 -3.456016993498422618e+00 -2.933955545174626867e+00 -2.465278540348860403e+00 -2.085563517022428037e+00
-3.769729900895759656e+00 -3.925656353090287709e+00 -3.769729900895759656e+00 -3.570219799767461843e+00 -3.332141876704772798e+00
-4.053049121779555009e+00 -4.060705807932974309e+00 -4.053049121779562114e+00 -4.050642787678426338e+00 -3.891223476441574292e+00
-5.083659365448218281e+00 -6.302875310292651356e+00 -5.083659365448239598e+00 -4.347845986791756268e+00 -4.143799888294106282e+00
-6.473793728327479791e+00 -1.009627804213567570e+00 -6.473793728327471797e+00 -6.025758133451816434e+00 -5.759298083529593271e+00
-1.794665995221070176e+00 3.878942696028599091e+00 -1.794665995221053745e+00 -2.822363046311794577e+00 -3.018442975995217825e+00
1.441734489097765781e+01 -1.210470693553599908e+01 1.441734489097759031e+01 1.350409236920667411e+01 1.144358120388271338e+01
1.441734489097768268e+01 -1.210470693553602750e+01 1.441734489097761696e+01 1.350409236920670075e+01 1.144358120388273647e+01
1.441734489097768268e+01 -1.210470693553602750e+01 1.441734489097761696e+01 1.350409236920670075e+01 1.144358120388273647e+01
1.441734489097768268e+01 -1.210470693553602750e+01 1.441734489097761696e+01 1.350409236920670075e+01 1.144358120388273647e+01
