-1.376682133548401632e+00 2.116271397357145090e-01 5.301735746055037390e-01 3.483771286537490908e-01 4.356577594732337078e-01
-5.527291024367603001e+00 1.026567187993412178e+00 1.421022272393871466e+00 4.029558642586862638e-02 1.268608487681496699e+00
-1.243896576036309831e+01 2.352751875510033397e+00 3.027958258322943852e+00 -2.074015038359832142e-01 2.852617697121642149e+00
-5.441731565112646329e-01 1.520678807245637310e-01 -6.409836638698895861e-02 1.220534734753117301e-01 2.025248771632696343e+00
-1.348773912428547384e+00 2.131965296051542835e-01 4.959877940078455394e-01 2.740114808279519587e-01 3.216791901138997822e-01
-2.127278148786380996e+00 3.434883797406155792e-01 7.533246298238585048e-01 4.089539426861347193e-01 6.170996595502309390e-01
-2.733870623262340871e+00 4.224015852803497673e-01 1.044264282140807909e+00 7.086702572763627916e-01 9.925723006443434304e-01
-3.045876230161814746e+00 4.602295875171102391e-01 1.204957880093284972e+00 8.620445483073613246e-01 1.105225492899992945e+00
-5.012302417907490870e+00 7.777774193998220342e-01 1.901192740308194740e+00 1.184185539157341260e+00 1.452997810286977609e+00
-5.601942431970280190e+00 8.488880792276569665e-01 2.206390115059649215e+00 1.513988607575324830e+00 1.815108488824313193e+00
-6.088539572155996282e+00 9.314213487723027596e-01 2.362854177066783468e+00 1.606443549445923269e+00 2.062874102628198703e+00
-7.010162576950484947e+00 1.084408437833540795e+00 2.672528825616268922e+00 1.764631364584878348e+00 2.371148832926549765e+00
-4.819105608450980682e+00 4.899195197807009183e-01 2.859427529328086415e+00 2.875701954412216210e+00 1.125026329254130264e+00
2.248623359792197718e+01 -4.893437501982409010e+00 -2.912483589992374444e+00 5.271729231042944441e+00 -3.498165141725587013e+00
-3.818875346804242454e+00 5.353206764902898041e-01 1.677592640843003080e+00 1.345086357785878928e+00 1.274947638850899567e+00
-3.818875346804341042e+00 5.353206764903096770e-01 1.677592640843022398e+00 1.345086357785867381e+00 1.274947638850916443e+00
-3.818875346804341042e+00 5.353206764903096770e-01 1.677592640843022398e+00 1.345086357785867381e+00 1.274947638850916443e+00
-3.818875346804341042e+00 5.353206764903096770e-01 1.677592640843022398e+00 1.345086357785867381e+00 1.274947638850916443e+00
