1.030034609031298345e+02 -1.868766235511236928e+01 -2.825281148268179976e+01 -3.188190199280249715e-01 -9.512517507200662692e+00
-1.206635284267935617e+02 2.284604349956893898e+01 2.927935442851815395e+01 -4.310852493539114150e+00 1.912816587980397287e+01
4.778214399960344849e+01 -8.462769569933790592e+00 -1.393106571986760223e+01 8.888700193925171966e-01 5.508652117437065954e+00
7.902848846406897110e+01 -1.522994443789904828e+01 -1.810871071247332509e+01 3.208109027452284323e+00 -1.846356583101610127e+01
-3.119034241784355999e+01 5.195886944383768302e+00 1.040679464030819723e+01 7.210834107163843765e-01 -7.582544003604958505e+00
-1.760268560948352601e+00 1.890116308455341565e-01 1.004222037566015580e+00 2.514571406006871346e+00 6.549268482961867477e+00
-3.321484663376795599e+00 3.242182024899491477e-01 2.024611853416597995e+00 2.260394258708445570e+00 1.512263387670784720e+00
-1.251173522680745442e+01 2.016351792489505801e+00 4.446328056850365584e+00 2.036569727796137652e+00 2.045452966847838283e+00
-1.498452826874798838e+01 2.271649651136205428e+00 5.897929664203570788e+00 3.858785286536376979e+00 4.118690034216902163e+00
-4.232137752454784518e+00 5.568043542821078384e-01 2.004920335326354053e+00 2.086610904097272012e+00 2.776276774014176496e+00
-3.740353488880012733e-01 1.104508129097814539e-01 -6.776790275132618668e-02 4.625114057319849037e-01 3.072491639963016219e+00
-3.651832520139936378e+01 6.067003152255301401e+00 1.225031259237755066e+01 3.582626183261395258e+00 1.614966989200867786e+00
1.845303550656365132e+02 -3.762351829167906914e+01 -3.403628189891990985e+01 2.328473601021120842e+01 -3.766779279798851832e+01
1.832887901850290291e+02 -3.490830818001775526e+01 -4.365555746495749645e+01 8.491365769635962124e+00 -2.702321503681112347e+01
-8.876786079563480598e+02 1.786187857130373402e+02 1.732034651041970790e+02 -1.031686669875447819e+02 1.502582922331357622e+02
-8.876786079563498788e+02 1.786187857130376244e+02 1.732034651041974485e+02 -1.031686669875449667e+02 1.502582922331360464e+02
-8.876786079563498788e+02 1.786187857130376244e+02 1.732034651041974485e+02 -1.031686669875449667e+02 1.502582922331360464e+02
-8.876786079563498788e+02 1.786187857130376244e+02 1.732034651041974485e+02 -1.031686669875449667e+02 1.502582922331360464e+02
