7.270055787655491653e-01 6.034894378957624816e-01 5.118266307769183676e-01 4.443565896833655549e-01 3.914455773012636697e-01 3.492009498053150751e-01 3.157032329584109065e-01
2.747213324323112715e+00 2.649385038691455807e-01 1.433136478506677802e+00 1.442838645753984128e+00 2.640469841293920372e-01 5.179164829318065877e-01 4.663155046008363169e-02
1.100485469713897224e+01 -1.801329694654197455e+00 1.241127200658689755e+00 2.969324106001787200e+00 2.489665959836596942e-01 9.878913896773453551e-01 -9.346716455285247749e-01
-3.619830184189748445e-01 5.963553097723365282e-01 2.101182549538922195e-01 -3.436491470074686250e-01 3.009127356806637343e-01 1.275714759106289176e+00 1.523853183431842062e+00
1.202285102889340207e+00 6.601384435834795061e-01 6.051191846272975239e-01 5.699395371438478186e-01 3.345945605444985427e-01 1.435707464949510237e-01 -5.928261627408680338e-03
9.135505302452245902e-01 1.005783735514090171e+00 8.754811077494007998e-01 6.548810607413092510e-01 5.764363299679328145e-01 5.525186957658758669e-01 3.952856167837801027e-01
1.168525452965583078e+00 1.306726052155032791e+00 1.097711418388130911e+00 8.851486078864123641e-01 8.758575738680377532e-01 7.788345945093828604e-01 4.399230509901962960e-01
2.349556288435468598e+00 2.038087165943074375e+00 1.506051983910235093e+00 1.165746740867487752e+00 1.090629189404402455e+00 9.420082355170676935e-01 7.200310311425408560e-01
2.468112787217903836e+00 2.229336160958927060e+00 1.988720867235092671e+00 1.747886147613849639e+00 1.519311795252754838e+00 1.256754029867257261e+00 9.031085195826953349e-01
2.988176812983224906e+00 2.388048681001721185e+00 2.133886217338317515e+00 1.951927631585329559e+00 1.742174053010879353e+00 1.601661994000873612e+00 1.453665047265410459e+00
3.075914814497091587e+00 3.070726113472008745e+00 2.379204616447801790e+00 1.951577756160597810e+00 1.912893280035558252e+00 1.715834245885369036e+00 1.638263396833686603e+00
8.070518933383318938e+00 2.534166318147533570e+00 2.600115623061599379e+00 3.033726753588247949e+00 2.159377683224196431e+00 2.100436618640138420e+00 1.421253698472785931e+00
-2.369443267717573676e+01 8.805797063560842020e+00 1.351800136750455517e+00 -1.744910436638925200e+00 4.598592090105436903e+00 5.316946514471220242e-01 5.432370456104907319e+00
-5.995834842045930912e+01 1.496713921820803783e+01 1.108601111983850807e+01 -5.958443681267928227e+00 1.845516894262385854e+00 3.884960930859450379e+00 -2.821496532120516321e+00
-1.353621941150823460e+01 7.048189191162465228e+00 2.605992801979640561e+00 1.697980398782172173e+01 7.586665251361317530e+00 -1.764352856013196558e+01 3.564468746481729511e+01
6.078489245274796815e+01 1.339083603210703366e+01 5.330931049041460312e+00 -1.106911675903008430e+01 -1.323925602292860226e+01 8.108223444523600776e+00 -7.983313801256012532e+00
1.560931911746510252e+02 -1.809235664029963786e+01 -2.511138183365738286e+01 2.672664848935662363e+01 1.770211104960520387e+01 -5.345658177351567453e+00 1.583283295796266010e+01
-6.403088754740190325e+01 -8.701662112861161091e+00 -3.195825325390441840e+00 2.946241935976074444e+01 3.040456575266080463e+01 -2.406588869309848633e+01 -2.180114378924345431e+01
-1.297273683261976487e+02 -1.261722675063345012e+00 5.035289434873131853e+00 3.270546061075998523e+01 9.732342750584621172e+00 -5.104708592980483672e+01 7.876239349460026062e+01
-1.130290584855840450e+02 -3.295551255463114337e+00 2.029398302321880010e+00 3.584640381041727863e+01 8.808034783825128500e+00 -5.385439733191375922e+01 9.533846301638561727e+01
