1.660014874442465953e+03
1.667706123690534469e+03
1.675368408089155764e+03
1.683001469533958698e+03
1.690605049920564170e+03
1.698178891144602630e+03
1.705722735101698390e+03
1.713236323687475533e+03
1.720719398797560416e+03
1.728171702327581215e+03
1.735592976173159741e+03
1.742982962229923942e+03
1.750341402393499038e+03
1.757668038559510933e+03
1.764962612623584619e+03
1.772224866481346453e+03
1.779454542028422111e+03
1.786651381160437268e+03
1.793815125773016007e+03
1.800945517761786505e+03
1.808042299022373300e+03
1.815105211450403203e+03
1.822133996941500300e+03
1.829128397391289354e+03
1.836088154695398771e+03
1.843013010749452860e+03
1.849902707449077752e+03
1.856756986689899577e+03
1.863575590367541736e+03
1.870358260377632178e+03
1.877104738615796350e+03
1.883814766977659929e+03
1.890488087358847224e+03
1.897124441654984366e+03
1.903723571761699077e+03
1.910285219574614302e+03
1.916809126989358447e+03
1.923295035901554002e+03
1.929742688206828689e+03
1.936151825800809092e+03
1.942522190579119297e+03
1.948853524437384976e+03
1.955145569271232262e+03
1.961398066976286827e+03
1.967610759448174349e+03
1.973783388582520956e+03
1.979915696274951642e+03
1.986007424421092537e+03
1.992058314916568861e+03
1.998068109657006289e+03
2.004036550538031634e+03
2.009963379455269660e+03
2.015848338304345589e+03
2.021691168980886232e+03
2.027491613380516810e+03
2.033249413398862771e+03
2.038964310931550017e+03
2.044636047874203996e+03
2.050264366122450610e+03
2.055849007571916445e+03
2.061389714118225129e+03
2.066886227657004383e+03
2.072338290083878292e+03
2.077745643294473666e+03
2.083108029184415500e+03
2.088425189649330150e+03
2.093696866584843519e+03
2.098922801886579691e+03
2.104102737450166387e+03
2.109236415171227691e+03
2.114323576945389959e+03
2.119363964668278641e+03
2.124357320235519182e+03
2.129303385542739306e+03
2.134201902485562641e+03
2.139052612959614180e+03
2.143855258860522099e+03
2.148609582083910482e+03
2.153315324525405686e+03
2.157972228080631794e+03
2.162580034645216074e+03
2.167138486114784428e+03
2.171647324384961394e+03
2.176106291351373784e+03
2.180515128909646592e+03
2.184873578955405719e+03
2.189181383384276614e+03
2.193438284091885635e+03
2.197644022973857318e+03
2.201798341925818931e+03
2.205900982843395013e+03
2.209951687622211011e+03
2.213950198157893283e+03
2.217896256346067730e+03
2.221789604082359347e+03
2.225629983262394035e+03
2.229417135781798152e+03
2.233150803536196236e+03
2.236830728421215099e+03
2.240456652332480189e+03
2.244028317165616045e+03
2.247545464816249478e+03
2.251007837180006391e+03
2.254415176152511776e+03
2.257767223629391538e+03
2.261063721506271122e+03
2.264304411678776432e+03
2.267489036042533826e+03
2.270617336493167386e+03
2.273689054926304834e+03
2.276703933237570709e+03
2.279661713322590913e+03
2.282562137076990439e+03
2.285404946396395644e+03
2.288189883176431977e+03
2.290916689312725794e+03
2.293585122198047884e+03
2.296195585093253612e+03
2.298749346283329942e+03
2.301247734557809508e+03
2.303692078706224947e+03
2.306083707518112078e+03
2.308423949783002172e+03
2.310714134290430138e+03
2.312955589829929522e+03
2.315149645191032505e+03
2.317297629163274451e+03
2.319400870536187540e+03
2.321460698099305318e+03
2.323478440642162241e+03
2.325455426954290942e+03
2.327392985825224969e+03
2.329292446044498774e+03
2.331155136401644995e+03
2.332982385686197631e+03
2.334775522687689318e+03
2.336535876195653600e+03
2.338264774999625843e+03
2.339963547889138226e+03
2.341633523653724751e+03
2.343276031082918053e+03
2.344892398966251221e+03
2.346483956093259621e+03
2.348052031253475889e+03
2.349597953236433568e+03
2.351123050831665751e+03
2.352628652828706890e+03
2.354116088017089169e+03
2.355586685186347950e+03
2.357041773126014959e+03
2.358482680625625107e+03
2.359910736474710575e+03
2.361327269462804452e+03
2.362733608379443467e+03
2.364131082014158437e+03
2.365521019156482453e+03
2.366904748595951787e+03
2.368283590890820960e+03
2.369658389130316664e+03
2.371029255609876600e+03
2.372396240833571937e+03
2.373759395305477483e+03
2.375118769529666224e+03
2.376474414010210239e+03
2.377826379251183880e+03
2.379174715756658316e+03
2.380519474030706533e+03
2.381860704577401975e+03
2.383198457900818084e+03
2.384532784505026939e+03
2.385863734894100617e+03
2.387191359572113470e+03
2.388515709043138486e+03
2.389836833811247288e+03
2.391154784380513775e+03
2.392469611255010477e+03
2.393781364938810384e+03
2.395090095935986028e+03
2.396395854750610852e+03
2.397698691886756933e+03
2.398998657848498169e+03
2.400295803139906639e+03
2.401590178265055329e+03
2.402881833728017682e+03
2.404170820032865777e+03
2.405457187683673055e+03
2.406740987184512051e+03
2.408022269039456660e+03
2.409301083752578506e+03
2.410577481827950578e+03
2.411851513769646772e+03
2.413123230081738711e+03
2.414392681268299384e+03
2.415659917833402687e+03
2.416924990281121154e+03
2.418187949115528227e+03
2.419448844840694619e+03
2.420707727960695593e+03
2.421964648979602771e+03
2.423219658401489141e+03
2.424472806730427692e+03
2.425724144470491865e+03
2.426973722125754193e+03
2.428221590200287665e+03
2.429467799198163902e+03
2.430712399623457713e+03
2.431955441980241176e+03
2.433196976772586368e+03
2.434437054504566731e+03
2.435675725680256164e+03
2.436913040803726744e+03
2.438149050379051459e+03
2.439383804910302388e+03
2.440617354901552972e+03
2.441849750856876653e+03
2.443081043280345057e+03
2.444311282676032533e+03
2.445540519548011616e+03
2.446768804400354838e+03
2.447996187737134733e+03
2.449222720062424287e+03
2.450448451880296943e+03
2.451673433694825690e+03
2.452897716010082149e+03
2.454121349330141129e+03
2.455344384159073797e+03
2.456566871000954052e+03
2.457788860359853970e+03
2.459010402739846995e+03
2.460231548645006114e+03
2.461452348579404315e+03
2.462672853047113222e+03
2.463893112552207185e+03
2.465113177598759194e+03
2.466333098690840416e+03
2.467552926332525658e+03
2.468772711027886999e+03
2.469992503280996061e+03
2.471212353595928107e+03
2.472432312476754760e+03
2.473652430427548552e+03
2.474872757952382926e+03
2.476093345555330870e+03
2.477314243740465372e+03
2.478535503011858509e+03
2.479757173873584179e+03
2.480979306829713551e+03
2.482201952384321885e+03
2.483425161041480351e+03
2.484648983305262846e+03
2.485873469679741447e+03
2.487098670668988689e+03
2.488324636777078922e+03
2.489551418508084225e+03
2.490779066366076677e+03
2.492007630855131083e+03
2.493237162479318613e+03
2.494467711742712709e+03
2.495699329149386358e+03
2.496932065203412549e+03
2.498165970408863814e+03
2.499401095269813140e+03
2.500637490290333972e+03
2.501875205974497931e+03
2.503114292826379369e+03
2.504354801350049456e+03
2.505596782049582998e+03
2.506840285429051619e+03
2.508085361992528760e+03
2.509332062244087410e+03
2.510580436687800102e+03
2.511830535827738458e+03
2.513082410167977287e+03
2.514336110212589574e+03
2.515591686465646944e+03
2.516849189431223294e+03
2.518108669613390248e+03
2.519370177516221702e+03
2.520633763643791099e+03
2.521899478500169153e+03
2.523167372589431125e+03
2.524437496415648184e+03
2.525709900482895137e+03
2.526984635295242697e+03
2.528261751356764307e+03
2.529541299171533865e+03
2.530823329243623448e+03
2.532107892077106044e+03
2.533395038176054641e+03
2.534684818044542226e+03
2.535977282186641787e+03
2.537272481106424948e+03
2.538570465307966515e+03
2.539871285295338566e+03
2.541174991572613635e+03
2.542481634643864254e+03
2.543791265013164320e+03
2.545103933184586822e+03
2.546419689662203837e+03
2.547738584950088352e+03
2.549060669552312902e+03
2.550385993972951837e+03
2.551714608716076327e+03
2.553046564285760724e+03
2.554381911186076650e+03
2.555720699921098458e+03
2.557062980994896861e+03
2.558408804911547122e+03
2.559758222175119954e+03
2.561111283289690164e+03
2.562468038759329374e+03
2.563828539088111029e+03
2.565192834780107660e+03
2.566560976339392255e+03
2.567933014270038257e+03
2.569308999076117288e+03
2.570688981261703248e+03
2.572073011330870031e+03
2.573461139787686534e+03
2.574853417136230291e+03
2.576249893880572927e+03
2.577650604853723053e+03
2.579055522204444969e+03
2.580464602410435873e+03
2.581877801949396599e+03
2.583295077299026616e+03
2.584716384937024941e+03
2.586141681341091953e+03
2.587570922988925759e+03
2.589004066358227192e+03
2.590441067926694814e+03
2.591881884172029459e+03
2.593326471571927868e+03
2.594774786604093606e+03
2.596226785746222049e+03
2.597682425476015851e+03
2.599141662271172663e+03
2.600604452609391956e+03
2.602070752968374109e+03
2.603540519825819501e+03
2.605013709659425331e+03
2.606490278946892886e+03
2.607970184165919818e+03
2.609453381794207871e+03
2.610939828309455152e+03
2.612429480189361584e+03
2.613922293911626639e+03
2.615418225953949332e+03
2.616917232794029587e+03
2.618419270909566876e+03
2.619924296778261578e+03
2.621432266877811344e+03
2.622943137685917463e+03
2.624456865680278042e+03
2.625973407338593006e+03
2.627492719138562734e+03
2.629014757557885332e+03
2.630539479074261635e+03
2.632066840165390204e+03
2.633596797308970508e+03
2.635129306982702929e+03
2.636664325664285570e+03
2.638201809831418814e+03
2.639741715961803038e+03
2.641284000533135895e+03
2.642828620023118674e+03
2.644375530909448571e+03
2.645924689669827330e+03
2.647476052781953513e+03
2.649029576723527043e+03
2.650585217972246028e+03
2.652142933005812210e+03
2.653702678301923243e+03
2.655264410338280413e+03
2.656828085592579555e+03
2.658393660542524685e+03
2.659961091665813456e+03
2.661530335440143972e+03
2.663101348343218888e+03
2.664674086852734035e+03
2.666248507446391159e+03
2.667824566601889728e+03
2.669402220796928304e+03
2.670981426509206813e+03
2.672562140216425178e+03
2.674144318396282870e+03
2.675727917526477995e+03
2.677312894084711388e+03
2.678899204548682519e+03
2.680486805396090404e+03
2.682075653104634966e+03
2.683665704152016133e+03
2.685256915015931554e+03
2.686849242174082065e+03
2.688442642104168044e+03
2.690037071283887599e+03
2.691632486190940654e+03
2.693228843303025769e+03
2.694826099097845145e+03
2.696424210053095067e+03
2.698023132646477279e+03
2.699622823355689889e+03
2.701223238658433274e+03
2.702824335032406452e+03
2.704426068955308892e+03
2.706028396904840065e+03
2.707631275358700350e+03
2.709234660794588308e+03
2.710838509690203409e+03
2.712442778523246034e+03
2.714047423771415197e+03
2.715652401912409005e+03
2.717257669423929201e+03
2.718863182783674347e+03
2.720468898469343458e+03
2.722074772958637823e+03
2.723680762729253729e+03
2.725286824258894285e+03
2.726892914025256232e+03
2.728498988506040405e+03
2.730105004178945819e+03
2.731710917521672854e+03
2.733316685011919617e+03
2.734922263127386032e+03
2.736527608345772933e+03
2.738132677144778427e+03
2.739737426002101529e+03
2.741341811395443074e+03
2.742945789802501622e+03
2.744549317700977554e+03
2.746152351568569429e+03
2.747754847882978083e+03
2.749356763121901622e+03
2.750958053763040880e+03
2.752558676284093053e+03
2.754158587162759886e+03
2.755757742876740394e+03
2.757356099903732684e+03
2.758953614721438498e+03
2.760550243807555944e+03
2.762145943639784946e+03
2.763740679030870979e+03
2.765334448133747173e+03
2.766927257436394939e+03
2.768519113426790682e+03
2.770110022592916721e+03
2.771699991422751282e+03
2.773289026404274409e+03
2.774877134025464784e+03
2.776464320774303815e+03
2.778050593138768818e+03
2.779635957606841203e+03
2.781220420666499649e+03
2.782803988805724202e+03
2.784386668512494907e+03
2.785968466274789535e+03
2.787549388580588584e+03
2.789129441917873464e+03
2.790708632774621037e+03
2.792286967638811802e+03
2.793864452998426259e+03
2.795441095341442633e+03
2.797016901155841879e+03
2.798591876929601767e+03
2.800166029150704162e+03
2.801739364307126380e+03
2.803311888886850284e+03
2.804883609377853645e+03
2.806454532268116509e+03
2.808024664045618465e+03
2.809594011198339558e+03
2.811162580214258924e+03
2.812730377581356151e+03
2.814297409787611741e+03
2.815863683321003464e+03
2.817429204669512728e+03
2.818993980321117760e+03
2.820558016763799060e+03
2.822121320485535762e+03
2.823683897974307456e+03
2.825245755718094188e+03
2.826806900204874637e+03
2.828367337922629304e+03
2.829927075359336868e+03
2.831486119002977830e+03
2.833044475341530870e+03
2.834602150862976487e+03
2.836159152055294271e+03
2.837715485406462903e+03
2.839271157404462883e+03
2.840826174537272891e+03
2.842380543292872972e+03
2.843934270159242715e+03
2.845487361624361256e+03
2.847039824176209549e+03
2.848591664302766276e+03
2.850142888492010115e+03
2.851693503231922477e+03
2.853243515010481133e+03
2.854792930315667945e+03
2.856341755635459322e+03
2.857889997457837126e+03
2.859437662270781857e+03
2.860984756562270832e+03
2.862531286820283185e+03
2.864077259532801236e+03
2.865622681187802755e+03
2.867167558273267787e+03
2.868711897277175922e+03
2.870255704687506295e+03
2.871798986992238497e+03
2.873341750679353936e+03
2.874884002236829929e+03
2.876425748152645610e+03
2.877966994914783299e+03
2.879507749011220767e+03
2.881048016929937603e+03
2.882587805158913852e+03
2.884127120186129105e+03
2.885665968499562496e+03
2.887204356587194070e+03
2.888742290937003418e+03
2.890279778036970129e+03
2.891816824375073338e+03
2.893353436439293091e+03
2.894889620717607613e+03
2.896425383697999223e+03
2.897960731868444782e+03
2.899495671716925699e+03
2.901030209731421110e+03
2.902564352399910149e+03
2.904098106210372407e+03
2.905631477650787019e+03
2.907164473209135394e+03
2.908697099373395758e+03
2.910229362631547701e+03
2.911761269471570813e+03
2.913292826381445138e+03
2.914824039849149813e+03
2.916354916362664426e+03
2.917885462409969477e+03
2.919415684479043193e+03
2.920945589057865618e+03
2.922475182634416797e+03
2.924004471696675864e+03
2.925533462732622866e+03
2.927062162230236481e+03
2.928590576677497666e+03
2.930118712562385099e+03
2.931646576372877917e+03
2.933174174596957073e+03
2.934701513722600339e+03
2.936228600237789578e+03
2.937755440630500743e+03
2.939282041388717971e+03
2.940808409000418123e+03
2.942334549953580790e+03
2.943860470736186471e+03
2.945386177836214756e+03
2.946911677741644780e+03
2.948436976940455679e+03
2.949962080846703884e+03
2.951486990578755467e+03
2.953011706181048339e+03
2.954536227698024959e+03
2.956060555174126875e+03
2.957584688653792455e+03
2.959108628181465974e+03
2.960632373801585800e+03
2.962155925558592571e+03
2.963679283496928747e+03
2.965202447661034057e+03
2.966725418095349596e+03
2.968248194844317368e+03
2.969770777952376193e+03
2.971293167463968075e+03
2.972815363423533199e+03
2.974337365875514024e+03
2.975859174864350280e+03
2.977380790434482151e+03
2.978902212630351642e+03
2.980423441496399391e+03
2.981944477077065130e+03
2.983465319416791317e+03
2.984985968560018591e+03
2.986506424551186228e+03
2.988026687434736687e+03
2.989546757255110606e+03
2.991066634056747716e+03
2.992586317884090477e+03
2.994105808781579526e+03
2.995625106793654140e+03
2.997144211964755868e+03
2.998663124339326714e+03
3.000181843961806408e+03
3.001700370876636043e+03
3.003218705128256261e+03
3.004736846761108609e+03
3.006254795819634182e+03
3.007772552348272256e+03
3.009290116391464835e+03
3.010807487993652558e+03
3.012324667199276064e+03
3.013841654052776448e+03
3.015358448598595260e+03
3.016875050881170864e+03
3.018391460944947994e+03
3.019907678834364106e+03
3.021423704593860748e+03
3.022939538267880380e+03
3.024455179900863186e+03
3.025970629537249351e+03
3.027485887221479970e+03
3.029000952997994773e+03
3.030515826911237582e+03
3.032030509005646763e+03
3.033544999325663866e+03
3.035059297915729985e+03
3.036573404820284850e+03
3.038087320083772738e+03
3.039601043750629287e+03
3.041114575865298775e+03
3.042627916472221386e+03
3.044141065615837761e+03
3.045654023340588992e+03
3.047166789690916175e+03
3.048679364711259950e+03
3.050191748446061411e+03
3.051703940939759377e+03
3.053215942236798583e+03
3.054727752381616028e+03
3.056239371418655537e+03
3.057750799392355930e+03
3.059262036347158300e+03
3.060773082327504653e+03
3.062283937377835173e+03
3.063794601542590499e+03
3.065305074866211271e+03
3.066815357393139493e+03
3.068325449167814895e+03
3.069835350234679026e+03
3.071345060638172981e+03
3.072854580422736035e+03
3.074363909632810191e+03
3.075873048312837000e+03
3.077381996507256190e+03
3.078890754260508857e+03
3.080399321617035639e+03
3.081907698621277632e+03
3.083415885317676839e+03
3.084923881750672535e+03
3.086431687964705361e+03
3.087939304004217320e+03
3.089446729913648596e+03
3.090953965737440740e+03
3.092461011520033935e+03
3.093967867305869731e+03
3.095474533139388313e+03
3.096981009065029866e+03
3.098487295127237303e+03
3.099993391370449899e+03
3.101499297839107840e+03
3.103005014577654038e+03
3.104510541630528223e+03
3.106015879042171036e+03
3.107521026857024026e+03
3.109025985119527832e+03
3.110530753874123548e+03
3.112035333165250449e+03
3.113539723037350086e+03
3.115043923534865371e+03
3.116547934702235125e+03
3.118051756583900897e+03
3.119555389224301962e+03
3.121058832667882143e+03
3.122562086959080261e+03
3.124065152142336956e+03
3.125568028262094231e+03
3.127070715362791361e+03
3.128573213488871716e+03
3.130075522684774114e+03
3.131577642994940106e+03
3.133079574463811241e+03
3.134581317135825429e+03
3.136082871055426949e+03
3.137584236267055530e+03
3.139085412815151813e+03
3.140586400744156890e+03
3.142087200098510493e+03
3.143587810922655081e+03
3.145088233261030837e+03
3.146588467158077492e+03
3.148088512658238869e+03
3.149588369805951970e+03
3.151088038645661072e+03
3.152587519221806360e+03
3.154086811578825746e+03
3.155585915761164415e+03
3.157084831813258916e+03
3.158583559779554434e+03
3.160082099704487973e+03
3.161580451632502445e+03
3.163078615608039854e+03
3.164576591675537657e+03
3.166074379879439675e+03
3.167571980264185186e+03
3.169069392874214827e+03
3.170566617753971514e+03
3.172063654947893610e+03
3.173560504500424031e+03
3.175057166456002051e+03
3.176553640859069219e+03
3.178049927754066175e+03
3.179546027185434468e+03
3.181041939197614283e+03
3.182537663835046260e+03
3.184033201142172402e+03
3.185528551163432439e+03
3.187023713943266557e+03
3.188518689526117669e+03
3.190013477956425504e+03
3.191508079278630703e+03
3.193002493537174360e+03
3.194496720776497568e+03
3.195990761041041878e+03
3.197484614375245656e+03
3.198978280823552723e+03
3.200471760430400991e+03
3.201965053240234283e+03
3.203458159297490965e+03
3.204951078646613951e+03
3.206443811332042060e+03
3.207936357398218206e+03
3.209428716889581665e+03
3.210920889850574895e+03
3.212412876325636717e+03
3.213904676359208224e+03
3.215396289995731877e+03
3.216887717279648768e+03
3.218378958255398175e+03
3.219870012967421644e+03
3.221360881460158453e+03
3.222851563778051059e+03
3.224342059965540557e+03
3.225832370067068496e+03
3.227322494127072787e+03
3.228812432189996798e+03
3.230302184300280715e+03
3.231791750502366085e+03
3.233281130840692640e+03
3.234770325359700109e+03
3.236259334103832316e+03
3.237748157117527626e+03
3.239236794445229407e+03
3.240725246131376025e+03
3.242213512220409939e+03
3.243701592756771333e+03
3.245189487784900848e+03
3.246677197349239123e+03
3.248164721494228161e+03
3.249652060264308147e+03
3.251139213703919268e+03
3.252626181857504889e+03
3.254112964769501559e+03
3.255599562484354465e+03
3.257085975046501062e+03
3.258572202500384265e+03
3.260058244890445167e+03
3.261544102261123498e+03
3.263029774656860354e+03
3.264515262122097283e+03
3.266000564701273561e+03
3.267485682438832100e+03
3.268970615379212177e+03
3.270455363566854430e+03
3.271939927046200864e+03
3.273424305861693028e+03
3.274908500057770198e+03
3.276392509678873012e+03
3.277876334769443474e+03
3.279359975373921770e+03
3.280843431536748540e+03
3.282326703302365786e+03
3.283809790715214604e+03
3.285292693819732904e+03
3.286775412660364964e+03
3.288257947281549150e+03
3.289740297727727466e+03
3.291222464043342370e+03
3.292704446272830410e+03
3.294186244460636772e+03
3.295667858651199822e+03
3.297149288888962474e+03
3.298630535218363093e+03
3.300111597683843229e+03
3.301592476329845340e+03
3.303073171200808247e+03
3.304553682341174863e+03
3.306034009795384463e+03
3.307514153607877688e+03
3.308994113823096541e+03
3.310473890485481661e+03
3.311953483639472779e+03
3.313432893329512353e+03
3.314912119600039659e+03
3.316391162495498065e+03
3.317870022060325482e+03
3.319348698338964368e+03
3.320827191375853545e+03
3.322305501215437289e+03
3.323783627902154876e+03
3.325261571480446491e+03
3.326739331994754139e+03
3.328216909489517093e+03
3.329694304009177813e+03
3.331171515598176029e+03
3.332648544300952381e+03
3.334125390161949781e+03
3.335602053225607960e+03
3.337078533536365740e+03
3.338554831138666486e+03
3.340030946076951750e+03
3.341506878395658987e+03
3.342982628139231110e+03
3.344458195352109215e+03
3.345933580078734394e+03
3.347408782363546379e+03
3.348883802250987173e+03
3.350358639785496507e+03
3.351833295011516384e+03
3.353307767973486989e+03
3.354782058715848052e+03
3.356256167283040668e+03
3.357730093719509568e+03
3.359203838069690391e+03
3.360677400378027414e+03
3.362150780688959912e+03
3.363623979046930344e+03
3.365096995496377076e+03
3.366569830081742111e+03
3.368042482847467454e+03
3.369514953837991470e+03
3.370987243097756618e+03
3.372459350671206266e+03
3.373931276602776506e+03
3.375403020936909797e+03
3.376874583718048598e+03
3.378345964990632183e+03
3.379817164799102102e+03
3.381288183187899449e+03
3.382759020201463954e+03
3.384229675884236713e+03
3.385700150280660182e+03
3.387170443435173638e+03
3.388640555392217721e+03
3.390110486196234433e+03
3.391580235891664870e+03
3.393049804522949671e+03
3.394519192134527657e+03
3.395988398770841286e+03
3.397457424476330743e+03
3.398926269295438033e+03
3.400394933272603794e+03
3.401863416452268666e+03
3.403331718878872834e+03
3.404799840596858303e+03
3.406267781650664801e+03
3.407735542084733424e+03
3.409203121943504811e+03
3.410670521271421876e+03
3.412137740112922529e+03
3.413604778512449229e+03
3.415071636514443526e+03
3.416538314163344239e+03
3.418004811503593373e+03
3.419471128579633387e+03
3.420937265435901281e+03
3.422403222116840880e+03
3.423868998666893276e+03
3.425334595130495927e+03
3.426800011552094020e+03
3.428265247976125465e+03
3.429730304447032267e+03
3.431195181009255521e+03
3.432659877707235864e+03
3.434124394585412574e+03
3.435588731688229473e+03
3.437052889060124926e+03
3.438516866745541847e+03
3.439980664788919057e+03
3.441444283234697650e+03
3.442907722127319630e+03
3.444370981511225182e+03
3.445834061430856764e+03
3.447296961930652287e+03
3.448759683055054211e+03
3.450222224848503174e+03
3.451684587355442090e+03
3.453146770620307962e+03
3.454608774687543701e+03
3.456070599601589038e+03
3.457532245406887341e+03
3.458993712147877886e+03
3.460454999869001313e+03
3.461916108614698260e+03
3.463377038429409822e+03
3.464837789357577549e+03
3.466298361443642534e+03
3.467758754732043599e+03
3.469218969267224566e+03
3.470679005093623346e+03
3.472138862255681943e+03
3.473598540797842361e+03
3.475058040764542966e+03
3.476517362200227126e+03
3.477976505149334571e+03
3.479435469656306850e+03
3.480894255765583694e+03
3.482352863521606650e+03
3.483811292968815906e+03
3.485269544151652553e+03
3.486727617114559052e+03
3.488185511901973769e+03
3.489643228558338251e+03
3.491100767128094958e+03
3.492558127655682711e+03
3.494015310185543967e+03
3.495472314762119368e+03
3.496929141429847732e+03
3.498385790233171974e+03
3.499842261216532279e+03
3.501298554424371559e+03
3.502754669901125908e+03
3.504210607691240057e+03
3.505666367839153736e+03
3.507121950389308495e+03
3.508577355386144063e+03
3.510032582874101990e+03
3.511487632897623371e+03
3.512942505501148389e+03
3.514397200729117685e+03
3.515851718625972353e+03
3.517306059236154852e+03
3.518760222604103092e+03
3.520214208774259987e+03
3.521668017791065722e+03
3.523121649698962301e+03
3.524575104542388999e+03
3.526028382365787820e+03
3.527481483213598494e+03
3.528934407130262116e+03
3.530387154160219325e+03
3.531839724347912579e+03
3.533292117737781609e+03
3.534744334374267055e+03
3.536196374301809556e+03
3.537648237564852025e+03
3.539099924207832828e+03
3.540551434275193515e+03
3.542002767811374724e+03
3.543453924860818461e+03
3.544904905467964454e+03
3.546355709677255618e+03
3.547806337533129863e+03
3.549256789080029193e+03
3.550707064362394249e+03
3.552157163424666578e+03
3.553607086311287276e+03
3.555056833066696072e+03
3.556506403735334970e+03
3.557955798361644156e+03
3.559405016990064723e+03
3.560854059665035948e+03
3.562302926431000742e+03
3.563751617332400201e+03
3.565200132413673145e+03
3.566648471719262488e+03
3.568096635293607960e+03
3.569544623181150200e+03
3.570992435426331213e+03
3.572440072073591182e+03
3.573887533167369838e+03
3.575334818752110095e+03
3.576781928872251228e+03
3.578228863572234332e+03
3.579675622896501409e+03
3.581122206889493555e+03
3.582568615595648225e+03
3.584014849059409698e+03
3.585460907325218159e+03
3.586906790437512882e+03
3.588352498440737691e+03
3.589798031379330496e+03
3.591243389297733756e+03
3.592688572240387657e+03
3.594133580251732837e+03
3.595578413376210392e+03
3.597023071658263234e+03
3.598467555142328820e+03
3.599911863872850518e+03
3.601355997894267148e+03
3.602799957251022079e+03
3.604243741987552767e+03
3.605687352148302580e+03
3.607130787777712612e+03
3.608574048920222594e+03
3.610017135620273621e+03
3.611460047922306330e+03
3.612902785870762727e+03
3.614345349510082087e+03
3.615787738884705504e+03
3.617229954039074983e+03
3.618671995017630252e+03
3.620113861864813771e+03
3.621555554625064360e+03
3.622997073342823114e+03
3.624438418062533401e+03
3.625879588828632222e+03
3.627320585685563856e+03
3.628761408677766667e+03
3.630202057849682660e+03
3.631642533245753839e+03
3.633082834910418569e+03
3.634522962888119309e+03
3.635962917223296699e+03
3.637402697960391833e+03
3.638842305143844442e+03
3.640281738818095164e+03
3.641720999027587368e+03
3.643160085816760784e+03
3.644598999230054233e+03
3.646037739311911537e+03
3.647476306106770608e+03
3.648914699659075268e+03
3.650352920013264338e+03
3.651790967213779822e+03
3.653228841305060541e+03
3.654666542331550318e+03
3.656104070337689336e+03
3.657541425367915508e+03
3.658978607466673566e+03
3.660415616686090743e+03
3.661852453109056569e+03
3.663289116826145346e+03
3.664725607927935926e+03
3.666161926505003521e+03
3.667598072647926074e+03
3.669034046447277433e+03
3.670469847993635994e+03
3.671905477377578336e+03
3.673340934689682399e+03
3.674776220020522032e+03
3.676211333460675178e+03
3.677646275100717958e+03
3.679081045031227859e+03
3.680515643342781004e+03
3.681950070125953971e+03
3.683384325471322882e+03
3.684818409469465223e+03
3.686252322210956208e+03
3.687686063786373325e+03
3.689119634286294513e+03
3.690553033801293168e+03
3.691986262421949050e+03
3.693419320238836008e+03
3.694852207342532438e+03
3.696284923823614918e+03
3.697717469772659115e+03
3.699149845280242516e+03
3.700582050436940790e+03
3.702014085333330968e+03
3.703445950059988718e+03
3.704877644707492436e+03
3.706309169366418246e+03
3.707740524127341359e+03
3.709171709080839719e+03
3.710602724317488537e+03
3.712033569927866210e+03
3.713464246002548862e+03
3.714894752632111249e+03
3.716325089907132224e+03
3.717755257918187908e+03
3.719185256755853516e+03
3.720615086510706988e+03
3.722044747273323537e+03
3.723474239134281561e+03
3.724903562184157181e+03
3.726332716513526066e+03
3.727761702212965247e+03
3.729190519373051302e+03
3.730619168084360354e+03
3.732047648437470798e+03
3.733475960522956939e+03
3.734904104431396263e+03
3.736332080253365348e+03
3.737759888079442135e+03
3.739187528000200473e+03
3.740615000106219668e+03
3.742042304488074024e+03
3.743469441236341027e+03
3.744896410441597709e+03
3.746323212194419739e+03
3.747749846585384148e+03
3.749176313705068878e+03
3.750602613644048233e+03
3.752028746492900609e+03
3.753454712342200764e+03
3.754880511282526641e+03
3.756306143404455725e+03
3.757731608798561865e+03
3.759156907555423459e+03
3.760582039765616173e+03
3.762007005519717495e+03
3.763431804908304457e+03
3.764856438021952727e+03
3.766280904951238426e+03
3.767705205786738588e+03
3.769129340619030700e+03
3.770553309538690883e+03
3.771977112636294351e+03
3.773400750002419045e+03
3.774824221727641998e+03
3.776247527902537513e+03
3.777670668617684896e+03
3.779093643963660270e+03
3.780516454031037938e+03
3.781939098910396751e+03
3.783361578692312833e+03
3.784783893467361850e+03
3.786206043326120835e+03
3.787628028359167274e+03
3.789049848657075927e+03
3.790471504310425644e+03
3.791892995409791183e+03
3.793314322045750941e+03
3.794735484308879677e+03
3.796156482289753967e+03
3.797577316078951299e+03
3.798997985767048704e+03
3.800418491444621850e+03
3.801838833202247770e+03
3.803259011130502131e+03
3.804679025319961966e+03
3.806098875861205215e+03
3.807518562844806638e+03
3.808938086361343721e+03
3.810357446501393042e+03
3.811776643355530723e+03
3.813195677014333342e+03
3.814614547568377930e+03
3.816033255108241065e+03
3.817451799724499779e+03
3.818870181507729740e+03
3.820288400548506615e+03
3.821706456937408802e+03
3.823124350765012423e+03
3.824542082121894509e+03
3.825959651098630275e+03
3.827377057785796751e+03
3.828794302273971425e+03
3.830211384653730420e+03
3.831628305015650767e+03
3.833045063450306316e+03
3.834461660048278191e+03
3.835878094900138876e+03
3.837294368096467679e+03
3.838710479727838901e+03
3.840126429884831396e+03
3.841542218658020374e+03
3.842957846137983779e+03
3.844373312415295914e+03
3.845788617580534719e+03
3.847203761724276774e+03
3.848618744937099564e+03
3.850033567309577393e+03
3.851448228932288202e+03
3.852862729895809480e+03
3.854277070290716892e+03
3.855691250207585199e+03
3.857105269736994615e+03
3.858519128969518988e+03
3.859932827995735806e+03
3.861346366906221647e+03
3.862759745791552632e+03
3.864172964742305339e+03
3.865586023849058620e+03
3.866998923202385413e+03
3.868411662892864570e+03
3.869824243011072667e+03
3.871236663647585374e+03
3.872648924892979721e+03
3.874061026837832287e+03
3.875472969572720103e+03
3.876884753188217928e+03
3.878296377774905523e+03
3.879707843423356280e+03
3.881119150224149507e+03
3.882530298267858598e+03
3.883941287645063312e+03
3.885352118446338864e+03
3.886762790762261375e+03
3.888173304683406968e+03
3.889583660300354040e+03
3.890993857703679623e+03
3.892403896983957111e+03
3.893813778231764900e+03
3.895223501537680932e+03
3.896633066992279510e+03
3.898042474686139030e+03
3.899451724709834252e+03
3.900860817153942662e+03
3.902269752109041292e+03
3.903678529665706264e+03
3.905087149914514612e+03
3.906495612946041547e+03
3.907903918850865921e+03
3.909312067719562037e+03
3.910720059642707838e+03
3.912127894710880355e+03
3.913535573014653892e+03
3.914943094644607299e+03
3.916350459691315791e+03
3.917757668245357308e+03
3.919164720397305700e+03
3.920571616237742546e+03
3.921978355857238967e+03
3.923384939346375177e+03
3.924791366795725480e+03
3.926197638295868273e+03
3.927603753937378315e+03
3.929009713810834000e+03
3.930415518006812363e+03
3.931821166615886341e+03
3.933226659728637514e+03
3.934631997435637459e+03
3.936037179827465934e+03
3.937442206994698608e+03
3.938847079027912969e+03
3.940251796017685137e+03
3.941656358054589873e+03
3.943060765229206481e+03
3.944465017632109721e+03
3.945869115353877078e+03
3.947273058485085585e+03
3.948676847116310000e+03
3.950080481338128266e+03
3.951483961241116958e+03
3.952887286915851291e+03
3.954290458452910570e+03
3.955693475942868645e+03
3.957096339476304365e+03
3.958499049143792035e+03
3.959901605035909597e+03
3.961304007243233627e+03
3.962706255856339340e+03
3.964108350965806039e+03
3.965510292662208485e+03
3.966912081036122345e+03
3.968313716178127379e+03
3.969715198178796982e+03
3.971116527128708185e+03
3.972517703118439385e+03
3.973918726238565341e+03
3.975319596579663994e+03
3.976720314232310557e+03
3.978120879287082062e+03
3.979521291834555541e+03
3.980921551965308481e+03
3.982321659769915641e+03
3.983721615338954052e+03
3.985121418763000747e+03
3.986521070132631849e+03
3.987920569538425298e+03
3.989319917070955853e+03
3.990719112820800547e+03
3.992118156878536411e+03
3.993517049334740022e+03
3.994915790279987505e+03
3.996314379804856344e+03
3.997712817999922663e+03
3.999111104955762130e+03
4.000509240762952686e+03
4.001907225512070909e+03
4.003305059293691556e+03
4.004702742198392116e+03
4.006100274316750074e+03
4.007497655739342008e+03
4.008894886556744495e+03
4.010291966859533204e+03
4.011688896738283347e+03
4.013085676283574230e+03
4.014482305585981521e+03
4.015878784736082252e+03
4.017275113824451637e+03
4.018671292941667161e+03
4.020067322178305858e+03
4.021463201624943849e+03
4.022858931372157713e+03
4.024254511510523571e+03
4.025649942130618001e+03
4.027045223323018945e+03
4.028440355178300706e+03
4.029835337787042135e+03
4.031230171239817992e+03
4.032624855627206671e+03
4.034019391039783841e+03
4.035413777568125624e+03
4.036808015302809508e+03
4.038202104334410251e+03
4.039596044753506703e+03
4.040989836650674988e+03
4.042383480116490318e+03
4.043776975241530636e+03
4.045170322116371608e+03
4.046563520831591177e+03
4.047956571477764101e+03
4.049349474145468321e+03
4.050742228925279505e+03
4.052134835907775141e+03
4.053527295183530896e+03
4.054919606843124711e+03
4.056311770977131800e+03
4.057703787676129195e+03
4.059095657030692564e+03
4.060487379131401212e+03
4.061878954068828534e+03
4.063270381933552926e+03
4.064661662816151875e+03
4.066052796807199229e+03
4.067443783997272931e+03
4.068834624476949557e+03
4.070225318336806140e+03
4.071615865667419257e+03
4.073006266559364576e+03
4.074396521103219129e+03
4.075786629389559039e+03
4.077176591508962701e+03
4.078566407552005330e+03
4.079956077609263048e+03
4.081345601771312886e+03
4.082734980128731422e+03
4.084124212772095689e+03
4.085513299791982718e+03
4.086902241278966812e+03
4.088291037323626369e+03
4.089679688016537966e+03
4.091068193448276816e+03
4.092456553709422224e+03
4.093844768890548494e+03
4.095232839082233113e+03
4.096620764375050385e+03
4.098008544859580070e+03
4.099396180626397836e+03
4.100783671766080261e+03
4.102171018369203011e+03
4.103558220526342666e+03
4.104945278328078530e+03
4.106332191864983542e+03
4.107718961227635191e+03
4.109105586506611871e+03
4.110492067792487433e+03
4.111878405175842090e+03
4.113264598747249693e+03
4.114650648597287727e+03
4.116036554816530042e+03
4.117422317495558673e+03
4.118807936724945648e+03
4.120193412595270274e+03
4.121578745197106400e+03
4.122963934621033331e+03
4.124348980957626736e+03
4.125733884297461373e+03
4.127118644731117456e+03
4.128503262349167926e+03
4.129887737242192088e+03
4.131272069500763791e+03
4.132656259215462342e+03
4.134040306476862497e+03
4.135424211375541745e+03
4.136807974002077572e+03
4.138191594447043826e+03
4.139575072801019815e+03
4.140958409154581204e+03
4.142341603598303664e+03
4.143724656222764679e+03
4.145107567118540828e+03
4.146490336376207779e+03
4.147872964086343927e+03
4.149255450339524032e+03
4.150637795226325579e+03
4.152019998837325147e+03
4.153402061263098403e+03
4.154783982594224653e+03
4.156165762921276837e+03
4.157547402334833350e+03
4.158928900925469861e+03
4.160310258783764766e+03
4.161691476000294642e+03
4.163072552665633339e+03
4.164453488870360161e+03
4.165834284705049868e+03
4.167214940260279036e+03
4.168595455626626972e+03
4.169975830894667524e+03
4.171356066154977270e+03
4.172736161498134607e+03
4.174116117014714291e+03
4.175495932795294721e+03
4.176875608930450653e+03
4.178255145510759576e+03
4.179634542626798975e+03
4.181013800369143610e+03
4.182392918828370057e+03
4.183771898095056713e+03
4.185150738259779246e+03
4.186529439413113323e+03
4.187908001645637341e+03
4.189286425047926059e+03
4.190664709710556963e+03
4.192042855724107540e+03
4.193420863179152548e+03
4.194798732166270383e+03
4.196176462776034896e+03
4.197554055099026300e+03
4.198931509225818445e+03
4.200308825246988818e+03
4.201686003253113995e+03
4.203063043334769645e+03
4.204439945582535074e+03
4.205816710086983221e+03
4.207193336938694301e+03
4.208569826228241254e+03
4.209946178046204295e+03
4.211322392483157273e+03
4.212698469629677675e+03
4.214074409576341168e+03
4.215450212413726149e+03
4.216825878232408286e+03
4.218201407122964156e+03
4.219576799175970336e+03
4.220952054482003405e+03
4.222327173131639938e+03
4.223702155215456514e+03
4.225077000824030620e+03
4.226451710047936103e+03
4.227826282977753181e+03
4.229200719704055700e+03
4.230575020317421149e+03
4.231949184908427014e+03
4.233323213567648054e+03
4.234697106385661755e+03
4.236070863453045604e+03
4.237444484860375269e+03
4.238817970698226418e+03
4.240191321057176538e+03
4.241564536027804024e+03
4.242937615700682727e+03
4.244310560166390133e+03
4.245683369515502818e+03
4.247056043838598271e+03
4.248428583226251249e+03
4.249800987769039239e+03
4.251173257557540637e+03
4.252545392682328384e+03
4.253917393233981784e+03
4.255289259303075596e+03
4.256660990980188217e+03
4.258032588355896223e+03
4.259404051520774374e+03
4.260775380565401974e+03
4.262146575580351964e+03
4.263517636656204559e+03
4.264888563883532697e+03
4.266259357352916595e+03
4.267630017154930101e+03
4.269000543380150702e+03
4.270370936119155886e+03
4.271741195462522228e+03
4.273111321500823578e+03
4.274481314324640152e+03
4.275851174024544889e+03
4.277220900691118914e+03
4.278590494414935165e+03
4.279959955286571130e+03
4.281329283396603387e+03
4.282698478835609421e+03
4.284067541694163992e+03
4.285436472062845496e+03
4.286805270032229600e+03
4.288173935692893792e+03
4.289542469135412830e+03
4.290910870450365110e+03
4.292279139728326300e+03
4.293647277059874796e+03
4.295015282535583538e+03
4.296383156246030921e+03
4.297750898281794434e+03
4.299118508733451563e+03
4.300485987691576156e+03
4.301853335246744791e+03
4.303220551489534955e+03
4.304587636510525954e+03
4.305954590400290726e+03
4.307321413249406760e+03
4.308688105148450632e+03
4.310054666187999828e+03
4.311421096458630018e+03
4.312787396050918687e+03
4.314153565055440595e+03
4.315519603562775046e+03
4.316885511663494981e+03
4.318251289448180614e+03
4.319616937007406705e+03
4.320982454431749829e+03
4.322347841811787475e+03
4.323713099238095310e+03
4.325078226801249912e+03
4.326443224591828766e+03
4.327808092700407542e+03
4.329172831217562816e+03
4.330537440233872076e+03
4.331901919839910988e+03
4.333266270126257041e+03
4.334630491183484992e+03
4.335994583102174147e+03
4.337358545972898355e+03
4.338722379886236013e+03
4.340086084932763697e+03
4.341449661203056166e+03
4.342813108787691817e+03
4.344176427777247227e+03
4.345539618262298063e+03
4.346902680333421813e+03
4.348265614081194144e+03
4.349628419596191634e+03
4.350991096968990860e+03
4.352353646290170218e+03
4.353716067650302648e+03
4.355078361139969275e+03
4.356440526849743037e+03
4.357802564870202332e+03
4.359164475291923736e+03
4.360526258205482009e+03
4.361887913701457364e+03
4.363249441870420924e+03
4.364610842802953812e+03
4.365972116589631696e+03
4.367333263321031154e+03
4.368694283087726035e+03
4.370055175980297463e+03
4.371415942089319287e+03
4.372776581505368085e+03
4.374137094319021344e+03
4.375497480620854731e+03
4.376857740501444823e+03
4.378217874051369108e+03
4.379577881361204163e+03
4.380937762521524746e+03
4.382297517622910163e+03
4.383657146755936083e+03
4.385016650011177262e+03
4.386376027479213008e+03
4.387735279250618078e+03
4.389094405415968140e+03
4.390453406065842501e+03
4.391812281290816827e+03
4.393171031181466788e+03
4.394529655828368959e+03
4.395888155322100829e+03
4.397246529753238974e+03
4.398604779212359063e+03
4.399962903790039491e+03
4.401320903576854107e+03
4.402678778663381308e+03
4.404036529140197672e+03
4.405394155097877956e+03
4.406751656627002376e+03
4.408109033818144781e+03
4.409466286761880838e+03
4.410823415548789853e+03
4.412180420269446586e+03
4.413537301014428522e+03
4.414894057874311329e+03
4.416250690939673405e+03
4.417607200301088596e+03
4.418963586049135301e+03
4.420319848274391006e+03
4.421675987067429560e+03
4.423032002518829358e+03
4.424387894719167889e+03
4.425743663759019000e+03
4.427099309728961089e+03
4.428454832719570732e+03
4.429810232821423597e+03
4.431165510125098081e+03
4.432520664721168941e+03
4.433875696700213666e+03
4.435230606152807923e+03
4.436585393169529198e+03
4.437940057840954069e+03
4.439294600257659113e+03
4.440649020510219088e+03
4.442003318689213302e+03
4.443357494885216511e+03
4.444711549188806202e+03
4.446065481690559864e+03
4.447419292481052253e+03
4.448772981650859947e+03
4.450126549290560433e+03
4.451479995490730289e+03
4.452833320341945182e+03
4.454186523934784418e+03
4.455539606359820027e+03
4.456892567707633134e+03
4.458245408068796678e+03
4.459598127533889055e+03
4.460950726193487753e+03
4.462303204138167530e+03
4.463655561458504963e+03
4.465007798245078448e+03
4.466359914588462743e+03
4.467711910579236246e+03
4.469063786307973714e+03
4.470415541865251726e+03
4.471767177341648676e+03
4.473118692827739324e+03
4.474470088414100246e+03
4.475821364191310749e+03
4.477172520249943773e+03
4.478523556680578622e+03
4.479874473573790056e+03
4.481225271020155560e+03
4.482575949110252623e+03
4.483926507934655092e+03
4.485276947583941364e+03
4.486627268148688927e+03
4.487977469719473447e+03
4.489327552386870593e+03
4.490677516241457852e+03
4.492027361373811800e+03
4.493377087874509016e+03
4.494726695834126986e+03
4.496076185343239558e+03
4.497425556492426949e+03
4.498774809372261188e+03
4.500123944073323401e+03
4.501472960686187434e+03
4.502821859301429868e+03
4.504170640009629096e+03
4.505519302901361698e+03
4.506867848067200612e+03
4.508216275597727872e+03
4.509564585583515509e+03
4.510912778115142828e+03
4.512260853283185497e+03
4.513608811178219185e+03
4.514956651890821377e+03
4.516304375511568651e+03
4.517651982131038494e+03
4.518999471839805665e+03
4.520346844728447650e+03
4.521694100887541026e+03
4.523041240407662372e+03
4.524388263379388263e+03
4.525735169893295279e+03
4.527081960039959085e+03
4.528428633909958990e+03
4.529775191593868840e+03
4.531121633182266123e+03
4.532467958765727417e+03
4.533814168434829298e+03
4.535160262280148345e+03
4.536506240392260224e+03
4.537852102861743333e+03
4.539197849779173339e+03
4.540543481235126819e+03
4.541888997320181261e+03
4.543234398124911422e+03
4.544579683739893881e+03
4.545924854255707032e+03
4.547269909762926545e+03
4.548614850352128997e+03
4.549959676113891874e+03
4.551304387138789934e+03
4.552648983517399756e+03
4.553993465340301555e+03
4.555337832698068269e+03
4.556682085681275566e+03
4.558026224380502754e+03
4.559370248886327317e+03
4.560714159289322197e+03
4.562057955680065788e+03
4.563401638149135579e+03
4.564745206787107236e+03
4.566088661684558247e+03
4.567432002932063369e+03
4.568775230620200091e+03
4.570118344839545898e+03
4.571461345680675549e+03
4.572804233234166531e+03
4.574147007590596331e+03
4.575489668840540617e+03
4.576832217074575965e+03
4.578174652383278953e+03
4.579516974857226160e+03
4.580859184586994161e+03
4.582201281663160444e+03
4.583543266176301586e+03
4.584885138216991436e+03
4.586226897875808390e+03
4.587568545243329936e+03
4.588910080410133560e+03
4.590251503466792201e+03
4.591592814503885165e+03
4.592934013611986302e+03
4.594275100881676735e+03
4.595616076403530315e+03
4.596956940268122707e+03
4.598297692566031401e+03
4.599638333387833882e+03
4.600978862824105818e+03
4.602319280965424696e+03
4.603659587902364365e+03
4.604999783725505949e+03
4.606339868525421480e+03
4.607679842392690261e+03
4.609019705417887963e+03
4.610359457691592979e+03
4.611699099304378251e+03
4.613038630346823993e+03
4.614378050909503145e+03
4.615717361082995922e+03
4.617056560957877082e+03
4.618395650624723203e+03
4.619734630174110862e+03
4.621073499696616636e+03
4.622412259282818923e+03
4.623750909023291570e+03
4.625089449008612064e+03
4.626427879329356983e+03
4.627766200076103814e+03
4.629104411339430044e+03
4.630442513209908611e+03
4.631780505778119732e+03
4.633118389134636345e+03
4.634456163370037757e+03
4.635793828574899635e+03
4.637131384839800376e+03
4.638468832255315647e+03
4.639806170912019297e+03
4.641143400900490633e+03
4.642480522311305322e+03
4.643817535235040850e+03
4.645154439762272887e+03
4.646491235983578008e+03
4.647827923989534611e+03
4.649164503870716544e+03
4.650500975717703113e+03
4.651837339621066349e+03
4.653173595671388284e+03
4.654509743959242769e+03
4.655845784575205471e+03
4.657181717609855696e+03
4.658517543153768202e+03
4.659853261297519566e+03
4.661188872131686367e+03
4.662524375746846999e+03
4.663859772233575313e+03
4.665195061682448795e+03
4.666530244184044932e+03
4.667865319828941210e+03
4.669200288707712389e+03
4.670535150910933226e+03
4.671869906529183936e+03
4.673204555653040188e+03
4.674539098373076740e+03
4.675873534779872898e+03
4.677207864964002511e+03
4.678542089016044883e+03
4.679876207026574775e+03
4.681210219086167854e+03
4.682544125285403425e+03
4.683877925714857156e+03
4.685211620465102897e+03
4.686545209626719952e+03
4.687878693290286719e+03
4.689212071546376137e+03
4.690545344485566602e+03
4.691878512198432873e+03
4.693211574775553345e+03
4.694544532307505506e+03
4.695877384884861385e+03
4.697210132598204837e+03
4.698542775538106071e+03
4.699875313795144393e+03
4.701207747459895472e+03
4.702540076622937704e+03
4.703872301374844028e+03
4.705204421806194659e+03
4.706536438007565266e+03
4.707868350069531516e+03
4.709200158082670896e+03
4.710531862137558164e+03
4.711863462324772627e+03
4.713194958734889951e+03
4.714526351458485806e+03
4.715857640586136768e+03
4.717188826208421233e+03
4.718519908415913051e+03
4.719850887299189708e+03
4.721181762948829601e+03
4.722512535455409306e+03
4.723843204909501765e+03
4.725173771401687191e+03
4.726504235022539433e+03
4.727834595862637798e+03
4.729164854012557953e+03
4.730495009562875566e+03
4.731825062604167215e+03
4.733155013227012205e+03
4.734484861521981657e+03
4.735814607579657604e+03
4.737144251490613897e+03
4.738473793345428021e+03
4.739803233234676554e+03
4.741132571248934255e+03
4.742461807478780429e+03
4.743790942014789835e+03
4.745119974947539049e+03
4.746448906367608288e+03
4.747777736365567762e+03
4.749106465031998596e+03
4.750435092457475548e+03
4.751763618732577015e+03
4.753092043947878665e+03
4.754420368193955255e+03
4.755748591561385183e+03
4.757076714140745935e+03
4.758404736022612269e+03
4.759732657297559854e+03
4.761060478056167995e+03
4.762388198389013269e+03
4.763715818386670435e+03
4.765043338139716070e+03
4.766370757738727661e+03
4.767698077274282696e+03
4.769025296836955022e+03
4.770352416517323036e+03
4.771679436405963315e+03
4.773006356593452438e+03
4.774333177170366980e+03
4.775659898227282611e+03
4.776986519854777725e+03
4.778313042143427083e+03
4.779639465183807260e+03
4.780965789066495745e+03
4.782292013882070023e+03
4.783618139721104853e+03
4.784944166674176813e+03
4.786270094831864299e+03
4.787595924284742068e+03
4.788921655123387609e+03
4.790247287438377498e+03
4.791572821320288313e+03
4.792898256859696630e+03
4.794223594147178119e+03
4.795548833273310265e+03
4.796873974328669647e+03
4.798199017403832841e+03
4.799523962589375515e+03
4.800848809975876065e+03
4.802173559653910161e+03
4.803498211714053468e+03
4.804822766246883475e+03
4.806147223342975849e+03
4.807471583092909896e+03
4.808795845587259464e+03
4.810120010916600222e+03
4.811444079171511476e+03
4.812768050442569802e+03
4.814091924820349959e+03
4.815415702395430344e+03
4.816739383258384805e+03
4.818062967499793558e+03
4.819386455210229542e+03
4.820709846480271153e+03
4.822033141400496788e+03
4.823356340061479386e+03
4.824679442553798253e+03
4.826002448968027238e+03
4.827325359394745647e+03
4.828648173924530056e+03
4.829970892647955225e+03
4.831293515655598640e+03
4.832616043038036878e+03
4.833938474885845608e+03
4.835260811289603225e+03
4.836583052339885398e+03
4.837905198127267795e+03
4.839227248742328811e+03
4.840549204275643206e+03
4.841871064817789375e+03
4.843192830459342986e+03
4.844514501290879707e+03
4.845836077402977935e+03
4.847157558886213337e+03
4.848478945831161582e+03
4.849800238328400155e+03
4.851121436468505635e+03
4.852442540342055509e+03
4.853763550039625443e+03
4.855084465651791106e+03
4.856405287269129985e+03
4.857726014982220477e+03
4.859046648881634610e+03
4.860367189057954420e+03
4.861687635601752845e+03
4.863007988603606464e+03
4.864328248154092762e+03
4.865648414343789227e+03
4.866968487263271527e+03
4.868288467003117148e+03
4.869608353653900849e+03
4.870928147306199207e+03
4.872247848050590619e+03
4.873567455977650752e+03
4.874886971177955274e+03
4.876206393742084401e+03
4.877525723760610163e+03
4.878844961324111864e+03
4.880164106523164264e+03
4.881483159448344850e+03
4.882802120190231108e+03
4.884120988839397796e+03
4.885439765486423312e+03
4.886758450221883322e+03
4.888077043136354405e+03
4.889395544320413137e+03
4.890713953864637006e+03
4.892032271859601678e+03
4.893350498395882823e+03
4.894668633564059746e+03
4.895986677454704477e+03
4.897304630158399050e+03
4.898622491765716404e+03
4.899940262367234027e+03
4.901257942053530314e+03
4.902575530915179115e+03
4.903893029042756098e+03
4.905210436526840567e+03
4.906527753458010011e+03
4.907844979926840097e+03
4.909162116023904673e+03
4.910479161839783046e+03
4.911796117465049974e+03
4.913112982990283854e+03
4.914429758506061262e+03
4.915746444102956957e+03
4.917063039871549336e+03
4.918379545902414975e+03
4.919695962286127724e+03
4.921012289113267798e+03
4.922328526474409045e+03
4.923644674460128954e+03
4.924960733161005919e+03
4.926276702667613790e+03
4.927592583070530054e+03
4.928908374460332197e+03
4.930224076927596798e+03
4.931539690562898613e+03
4.932855215456815131e+03
4.934170651699923837e+03
4.935485999382801310e+03
4.936801258596022308e+03
4.938116429430163407e+03
4.939431511975804824e+03
4.940746506323519498e+03
4.942061412563885824e+03
4.943376230787478562e+03
4.944690961084876108e+03
4.946005603546655948e+03
4.947320158263391022e+03
4.948634625325659727e+03
4.949949004824039548e+03
4.951263296849107974e+03
4.952577501491438852e+03
4.953891618841610580e+03
4.955205648990197005e+03
4.956519592027779254e+03
4.957833448044930265e+03
4.959147217132227524e+03
4.960460899380248520e+03
4.961774494879568920e+03
4.963088003720765300e+03
4.964401425994415149e+03
4.965714761791094134e+03
4.967028011201381560e+03
4.968341174315848548e+03
4.969654251225077132e+03
4.970967242019638434e+03
