7.705645637999911912e+01
7.676809840741042024e+01
7.647715939107857253e+01
7.618363933100367547e+01
7.588753822718562958e+01
7.558885607962454856e+01
7.528759288832033292e+01
7.498374865327303951e+01
7.467732337448265412e+01
7.436831705194917674e+01
7.405672968567259318e+01
7.374256127565291763e+01
7.342581182189013589e+01
7.310648132438426217e+01
7.278456978313531067e+01
7.246007719814323877e+01
7.213300356940810332e+01
7.180334889692987588e+01
7.147111318070849961e+01
7.113629642074407400e+01
7.079889861703655640e+01
7.045891976958591840e+01
7.011635987839220263e+01
6.977121894345535225e+01
6.942349696477546672e+01
6.907319394235246079e+01
6.872030987618634867e+01
6.836484476627717299e+01
6.800679861262487691e+01
6.764617141522948884e+01
6.728296317409099458e+01
6.691717388920945098e+01
6.654880356058477275e+01
6.617785218821698834e+01
6.580431977210612615e+01
6.542820631225217198e+01
6.504951180865512583e+01
6.466823626131495928e+01
6.428437967023171495e+01
6.389794203540538575e+01
6.350892335683597167e+01
6.311732363452343009e+01
6.272314286846781783e+01
6.232638105866909228e+01
6.192703820512728186e+01
6.152511430784237234e+01
6.112060936681437084e+01
6.071352338204327737e+01
6.030385635352908480e+01
5.989160828127179315e+01
5.947677916527142372e+01
5.905936900552794100e+01
5.863937780204135919e+01
5.821680555481169250e+01
5.779165226383894094e+01
5.736391792912308318e+01
5.693360255066412634e+01
5.650070612846208462e+01
5.606522866251693671e+01
5.562717015282871813e+01
5.518653059939737204e+01
5.474331000222294819e+01
5.429750836130542524e+01
5.384912567664481031e+01
5.339816194824109630e+01
5.294461717609429741e+01
5.248849136020439943e+01
5.202978450057138815e+01
5.156849659719529910e+01
5.110462765007611097e+01
5.063817765921383796e+01
5.016914662460845165e+01
4.969753454625998756e+01
4.922334142416841019e+01
4.874656725833376214e+01
4.826721204875600080e+01
4.778527579543514747e+01
4.730075849837120927e+01
4.681366015756417198e+01
4.632398077301401429e+01
4.583172034472079304e+01
4.533687887268447270e+01
4.483945635690503906e+01
4.433945279738252765e+01
4.383686819411691005e+01
4.333170254710820757e+01
4.282395585635642021e+01
4.231362812186150535e+01
4.180071934362351271e+01
4.128522952164243520e+01
4.076715865591825860e+01
4.024650674645097581e+01
3.972327379324060104e+01
3.919745979628713428e+01
3.866906475559057554e+01
3.813808867115091772e+01
3.760453154296816081e+01
3.706839337104231191e+01
3.652967415537337814e+01
3.598837389596134528e+01
3.544449259280621334e+01
3.489803024590797520e+01
3.434898685526665929e+01
3.379736242088225140e+01
3.324315694275474442e+01
3.268637042088413125e+01
3.212700285527042610e+01
3.156505424591363251e+01
3.100052459281373984e+01
3.043341389597075874e+01
2.986372215538467501e+01
2.929144937105549928e+01
2.871659554298322092e+01
2.813916067116785769e+01
2.755914475560939536e+01
2.697654779630784816e+01
2.639256677615604474e+01
2.581890577718706226e+01
2.525853267355326892e+01
2.471144746525467539e+01
2.417765015229126391e+01
2.365714073466304512e+01
2.314991921237002259e+01
2.265598558541219631e+01
2.217533985378955919e+01
2.170798201750212186e+01
2.125391207654985948e+01
2.081313003093280756e+01
2.038563588065094123e+01
1.997142962570426761e+01
1.957051126609279024e+01
1.918288080181649491e+01
1.880853823287540649e+01
1.844748355926950367e+01
1.809971678099879355e+01
1.776523789806327969e+01
1.744404691046294786e+01
1.713614381819781940e+01
1.684152862126788008e+01
1.656020131967313347e+01
1.629216191341358311e+01
1.603741040248921124e+01
1.579594678690004805e+01
1.556777106664607224e+01
1.535288324172728913e+01
1.515128331214369872e+01
1.496297127789530101e+01
1.478794713898209423e+01
1.462621089540408548e+01
1.447776254716126232e+01
1.434260209425363719e+01
1.422072953668120121e+01
1.411214487444395616e+01
1.401684810754191091e+01
1.393483923597505481e+01
1.386611825974339141e+01
1.381068517884691715e+01
1.376780954153993441e+01
1.372823942181641144e+01
1.368917434282171541e+01
1.365061430455584102e+01
1.361255930701879890e+01
1.357500935021058197e+01
1.353796443413119555e+01
1.350142455878063785e+01
1.346538972415890711e+01
1.342985993026600156e+01
1.339483517710192650e+01
1.336031546466667663e+01
1.332630079296025194e+01
1.329279116198266131e+01
1.325978657173389585e+01
1.322728702221395736e+01
1.319529251342284759e+01
1.316380304536056478e+01
1.313281861802710893e+01
1.310233923142248180e+01
1.307236488554668341e+01
1.304289558039971197e+01
1.301393131598156749e+01
1.298547209229225174e+01
1.295751790933176295e+01
1.293006876710010289e+01
1.290312466559726978e+01
1.287668560482326363e+01
1.285075158477808621e+01
1.282532260546173575e+01
1.280039866687421757e+01
1.277597976901552101e+01
1.275206591188565142e+01
1.272865709548461588e+01
1.270575331981240197e+01
1.268335458486901679e+01
1.266146089065446212e+01
1.264007223716873440e+01
1.261918862441183542e+01
1.259881005238375984e+01
1.257893652108451832e+01
1.255956803051409842e+01
1.254070458067250726e+01
1.252234617155974661e+01
1.250449280317580936e+01
1.248714447552070617e+01
1.247030118859442815e+01
1.245396294239697532e+01
1.243812973692835300e+01
1.242280157218855763e+01
1.240797844817758744e+01
1.239366036489544776e+01
1.237984732234213325e+01
1.236653932051765281e+01
1.235373635942199400e+01
1.234143843905516569e+01
1.232964555941716078e+01
1.231835772050798994e+01
1.230757492232764250e+01
1.229729716487612201e+01
1.228752444815343203e+01
1.227825677215957079e+01
1.226949413689453650e+01
1.226123654235832916e+01
1.225348398855094700e+01
1.224623647547239358e+01
1.223949400312266711e+01
1.223325657150177292e+01
1.222752418060970392e+01
1.222229683044646364e+01
1.221757452101205033e+01
1.221335725230646219e+01
1.220964502432970633e+01
1.220643783708177388e+01
1.220373569056267016e+01
1.220153858477239694e+01
1.219984651971094891e+01
1.219865949537832961e+01
1.219797751177453726e+01
1.219780056889957542e+01
1.219812866675343699e+01
1.219896180533612906e+01
1.220029998464764809e+01
1.220214320468799230e+01
1.220449146545716701e+01
1.220734476695517046e+01
1.221070310918200086e+01
1.221456649213765644e+01
1.221893491582214253e+01
1.222380838023545735e+01
1.222918688537759557e+01
1.223507043124856430e+01
1.224145901784835999e+01
1.224835264517698441e+01
1.225575131323443578e+01
1.226365502202071411e+01
1.227206377153582118e+01
1.228097756177975519e+01
1.229039639275251972e+01
1.230032026445410764e+01
1.231074917688452608e+01
1.232168313004376969e+01
1.233312212393184559e+01
1.234506615854874667e+01
1.235751523389447470e+01
1.237046934996902969e+01
1.238392850677241341e+01
1.239789270430462587e+01
1.241236194256566350e+01
1.242733622155553341e+01
1.244281554127422851e+01
1.245879990172174878e+01
1.247528930289810134e+01
1.249228374480327730e+01
1.250978322743728199e+01
1.252778775080011719e+01
1.254629731489177757e+01
1.256531191971226669e+01
1.258483156526158453e+01
1.260485625153972755e+01
1.262538597854669931e+01
1.264642074628249802e+01
1.266796055474712546e+01
1.269000540394058163e+01
1.271255529386286476e+01
1.273561022451397662e+01
1.275917019589391366e+01
1.278323520800267943e+01
1.280780526084027215e+01
1.283288035440669361e+01
1.285846048870194380e+01
1.288454566372601917e+01
1.291113587947892505e+01
1.293823113596065610e+01
1.296583143317121767e+01
1.299393677111060441e+01
1.302254714977881989e+01
1.305166256917586409e+01
1.308128302930173348e+01
1.311140853015643160e+01
1.314203907173995844e+01
1.317317465405231403e+01
1.320481527709349479e+01
1.323696094086350428e+01
1.326961164536234072e+01
1.330276739059000768e+01
1.333642817654649804e+01
1.337059400323181890e+01
1.340526487064596850e+01
1.344044077878894328e+01
1.347612172766074679e+01
1.351230771726137547e+01
1.354899874759083644e+01
1.358619481864912260e+01
1.362389593043623570e+01
1.366210208295217932e+01
1.370081327619694989e+01
1.374002951017054563e+01
1.377975078487297012e+01
1.381997710030422155e+01
1.386070845646430705e+01
1.390194485335320707e+01
1.394368629097094647e+01
1.398593276931751461e+01
1.402821415652598347e+01
1.407006032072943391e+01
1.411147126192786949e+01
1.415244698012128488e+01
1.419298747530968541e+01
1.423309274749306397e+01
1.427276279667143122e+01
1.431199762284477650e+01
1.435079722601310692e+01
1.438916160617641715e+01
1.442709076333471607e+01
1.446458469748798947e+01
1.450164340863624979e+01
1.453826689677948814e+01
1.457445516191771517e+01
1.461020820405092202e+01
1.464552602317911045e+01
1.468040861930228580e+01
1.471485599242044096e+01
1.474886814253357592e+01
1.478244506964169780e+01
1.481558677374479949e+01
1.484829325484288454e+01
1.488056451293594940e+01
1.491240054802400117e+01
1.494380136010703630e+01
1.497476694918504947e+01
1.500529731525804955e+01
1.503539245832602589e+01
1.506505237838899269e+01
1.509427707544693575e+01
1.512306654949986573e+01
1.515142080054777551e+01
1.517933982859066688e+01
1.520682363362854517e+01
1.523387221566140326e+01
1.526048557468924471e+01
1.528666371071206598e+01
1.531240662372987238e+01
1.533771431374266392e+01
1.536258678075043349e+01
1.538702402475318642e+01
1.541102604575092450e+01
1.543459284374364060e+01
1.545772441873134539e+01
1.548042077071402645e+01
1.550268189969169441e+01
1.552450780566434041e+01
1.554589848863197510e+01
1.556685394859458782e+01
1.558737418555218568e+01
1.560745919950476335e+01
1.562710899045232615e+01
1.564632355839486877e+01
1.566510290333239475e+01
1.568344702526490764e+01
1.570135592419239678e+01
1.571882960011487462e+01
1.573586805303233049e+01
1.575247128294476973e+01
1.576863928985219232e+01
1.578437207375459650e+01
1.579966963465198582e+01
1.581453197254435672e+01
1.582895908743170743e+01
1.584295097931404150e+01
1.585650764819136249e+01
1.586962909406366151e+01
1.588231531693094212e+01
1.589456631679320786e+01
1.590638209365045697e+01
1.591776264750268766e+01
1.592870797834989816e+01
1.593921808619209557e+01
1.594929297102927279e+01
1.595893263286143338e+01
1.596813707168857377e+01
1.597690628751070463e+01
1.598524028032780997e+01
1.599313905013990222e+01
1.600060259694697606e+01
1.600763092074903327e+01
1.601422402154607028e+01
1.602038189933809065e+01
1.602610455412509438e+01
1.603139198590708148e+01
1.603624419468404838e+01
1.604066118045599865e+01
1.604464294322293583e+01
1.604818948298485282e+01
1.605130079974175317e+01
1.605397689349363333e+01
1.605621776424049685e+01
1.605802341198234018e+01
1.605939383671917398e+01
1.606032903845098048e+01
1.606082901717778100e+01
1.606089377289955422e+01
1.606052330561631436e+01
1.605971761532805431e+01
1.605847670203478472e+01
1.605680056573648784e+01
1.605468920643317787e+01
1.605214262412485127e+01
1.604916081881150802e+01
1.604574379049314103e+01
1.604189153916976096e+01
1.603760406484136425e+01
1.603288136750795090e+01
1.602772344716951736e+01
1.602213030382606718e+01
1.601610193747760036e+01
1.600963834812412045e+01
1.600273953576561325e+01
1.599540550040209475e+01
1.598763624203355604e+01
1.597943176066000248e+01
1.597079205628142873e+01
1.596171712889784189e+01
1.595220697850923486e+01
1.594251165651604119e+01
1.593288121431868021e+01
1.592331565191716436e+01
1.591381496931148121e+01
1.590437916650164318e+01
1.589500824348764496e+01
1.588570220026948476e+01
1.587646103684715726e+01
1.586728475322067489e+01
1.585817334939003054e+01
1.584912682535522599e+01
1.584014518111625591e+01
1.583122841667313097e+01
1.582237653202584049e+01
1.581358952717439159e+01
1.580486740211877539e+01
1.579621015685900787e+01
1.578761779139507482e+01
1.577909030572697979e+01
1.577062769985472279e+01
1.576222997377830914e+01
1.575389712749773174e+01
1.574562916101299237e+01
1.573742607432409457e+01
1.572928786743103657e+01
1.572121454033381482e+01
1.571320609303243110e+01
1.570526252552688717e+01
1.569738383781718483e+01
1.568957002990332228e+01
1.568182110178529243e+01
1.567413705346310593e+01
1.566651788493676101e+01
1.565896359620624700e+01
1.565147418727157991e+01
1.564404965813274906e+01
1.563669000878975623e+01
1.562939523924259966e+01
1.562216534949128821e+01
1.561500033953581479e+01
1.560790020937617939e+01
1.560086495901238024e+01
1.559389458844442267e+01
1.558698909767230489e+01
1.558014848669602515e+01
1.557337275551558342e+01
1.556666190413098150e+01
1.556001593254221582e+01
1.555343484074929350e+01
1.554691862875220920e+01
1.554046729655096470e+01
1.553408084414555468e+01
1.552775927153598623e+01
1.552150257872225758e+01
1.551531076570436873e+01
1.550918383248231613e+01
1.550312177905610511e+01
1.549712460542573034e+01
1.549119231159119892e+01
1.548532489755250374e+01
1.547952236330964659e+01
1.547378470886263102e+01
1.546811193421145525e+01
1.546250403935611395e+01
1.545696102429661245e+01
1.545148288903295075e+01
1.544606963356513063e+01
1.544072125789314676e+01
1.543543776201700268e+01
1.543021914593669663e+01
1.542506540965223572e+01
1.541997655316360394e+01
1.541495257647081552e+01
1.540999347957386867e+01
1.540509926247275985e+01
1.540026992516748905e+01
1.539550546765805628e+01
1.539080588994446153e+01
1.538617119202670480e+01
1.538160137390479321e+01
1.537709643557871608e+01
1.537265637704848054e+01
1.536828119831408301e+01
1.536397089937552352e+01
1.535972548023280204e+01
1.535554494088592214e+01
1.535142928133488027e+01
1.534737850157967465e+01
1.534339260162031593e+01
1.533947158145678991e+01
1.533561544108910368e+01
1.533182418051725548e+01
1.532809779974124709e+01
1.532443629876107849e+01
1.532083967757674969e+01
1.531730793618825537e+01
1.531384107459560617e+01
1.531043909279879145e+01
1.530710199079781653e+01
1.530382976859268318e+01
1.530062242618338786e+01
1.529747996356993056e+01
1.529440238075231129e+01
1.529138967773053359e+01
1.528844185450459392e+01
1.528555891107449050e+01
1.528274084744023043e+01
1.527998766360180660e+01
1.527729935955922258e+01
1.527467593531247836e+01
1.527211739086157039e+01
1.526962372620650399e+01
1.526719494134727384e+01
1.526483103628388882e+01
1.526253201101633650e+01
1.526029786554462753e+01
1.525812859986875303e+01
1.525602421398872188e+01
1.525398470790452876e+01
1.525201008161617366e+01
1.525006811743000767e+01
1.524812659765238720e+01
1.524618552228330692e+01
1.524424489132277216e+01
1.524230470477078292e+01
1.524036496262733209e+01
1.523842566489242856e+01
1.523648681156606344e+01
1.523454840264824206e+01
1.523261043813896798e+01
1.523067291803823231e+01
1.522873584234604216e+01
1.522679921106239398e+01
1.522486302418728776e+01
1.522292728172072707e+01
1.522099198366270834e+01
1.521905713001323157e+01
1.521712272077229855e+01
1.521518875593990927e+01
1.521325523551606018e+01
1.521132215950075839e+01
1.520938952789399679e+01
1.520745734069577715e+01
1.520552559790610303e+01
1.520359429952497266e+01
1.520166344555238425e+01
1.519973303598833780e+01
1.519780307083283333e+01
1.519587355008587259e+01
1.519394447374745738e+01
1.519201584181758236e+01
1.519008765429625285e+01
1.518815991118346354e+01
1.518623261247921796e+01
1.518430575818351613e+01
1.518237934829635627e+01
1.518045338281774193e+01
1.517852786174766777e+01
1.517660278508613914e+01
1.517467815283315247e+01
1.517275396498870776e+01
1.517083022155280680e+01
1.516890692252544603e+01
1.516698406790663434e+01
1.516506165769635928e+01
1.516313969189463151e+01
1.516121817050144749e+01
1.515929709351680188e+01
1.515737646094070179e+01
1.515545627277314544e+01
1.515353652901413462e+01
1.515161722966366220e+01
1.514969837472172820e+01
1.514777996418835038e+01
1.514586199806350564e+01
1.514394447634720642e+01
1.514202739903944916e+01
1.514011076614023743e+01
1.513819457764956944e+01
1.513627883356744164e+01
1.513436353389385580e+01
1.513244867862881549e+01
1.513053426777231714e+01
1.512862030132436431e+01
1.512670677928494989e+01
1.512479370165408099e+01
1.512288106843175761e+01
1.512096887961797265e+01
1.511905713521273320e+01
1.511714583521603572e+01
1.511523497962788376e+01
1.511332456844827199e+01
1.511141460167720219e+01
1.510950507931468145e+01
1.510759600136069736e+01
1.510568736781525701e+01
1.510377917867836040e+01
1.510187143395000753e+01
1.509996413363019840e+01
1.509805727771893125e+01
1.509615086621620783e+01
1.509424489912202638e+01
1.509233937643638868e+01
1.509043429815929294e+01
1.508852966429074272e+01
1.508662547483073091e+01
1.508472172977926640e+01
1.508281842913634208e+01
1.508091557290196505e+01
1.507901316107612821e+01
1.507711119365883157e+01
1.507520967065007866e+01
1.507330859204987306e+01
1.507140795785820586e+01
1.506950776807508596e+01
1.506760802270050803e+01
1.506570872173447206e+01
1.506380986517697806e+01
1.506191145302802958e+01
1.506001348528762129e+01
1.505811596195575675e+01
1.505621888303243594e+01
1.505432224851765710e+01
1.505242605841142201e+01
1.505053031271373420e+01
1.504863501142458304e+01
1.504674015454397740e+01
1.504484574207191194e+01
1.504295177400839201e+01
1.504105825035341759e+01
1.503916517110698337e+01
1.503727253626909111e+01
1.503538034583974436e+01
1.503348859981893781e+01
1.503159729820667678e+01
1.502970644100295772e+01
1.502781602820778062e+01
1.502592605982114726e+01
1.502403653584305943e+01
1.502214745627351178e+01
1.502025882111250787e+01
1.501837063036004594e+01
1.501648288401612952e+01
1.501459558208075329e+01
1.501270872455392258e+01
1.501082231143563561e+01
1.500893634272588884e+01
1.500705081842468402e+01
1.500516573853202473e+01
1.500328110304790741e+01
1.500139691197233205e+01
1.499951316530530221e+01
1.499762986304681434e+01
1.499574700519687021e+01
1.499386459175547159e+01
1.499198262272260962e+01
1.499010109809829494e+01
1.498822001788251690e+01
1.498633938207528971e+01
1.498445919067660270e+01
1.498257944368646122e+01
1.498070014110485992e+01
1.497882128293180237e+01
1.497694286916728501e+01
1.497506489981131494e+01
1.497318737486388329e+01
1.497131029432500071e+01
1.496943365819465477e+01
1.496755746647285967e+01
1.496568171915960122e+01
1.496380641625488472e+01
1.496193155775871197e+01
1.496005714367108652e+01
1.495818317399200126e+01
1.495630964872145974e+01
1.495443656785946374e+01
1.495256393140600437e+01
1.495069173936109230e+01
1.494881999172472042e+01
1.494694868849689406e+01
1.494507782967760789e+01
1.494320741526687080e+01
1.494133744526467211e+01
1.493946791967101717e+01
1.493759883848590597e+01
1.493573020170933319e+01
1.493386200934130947e+01
1.493199426138182595e+01
1.493012695783088617e+01
1.492826009868848836e+01
1.492639368395463606e+01
1.492452771362932751e+01
1.492266218771255737e+01
1.492079710620432920e+01
1.491893246910465010e+01
1.491706827641351296e+01
1.491520452813091424e+01
1.491334122425686459e+01
1.491147836479135513e+01
1.490961594973438942e+01
1.490775397908596211e+01
1.490589245284608033e+01
1.490403137101474407e+01
1.490217073359194977e+01
1.490031054057769566e+01
1.489845079197198707e+01
1.489659148777482400e+01
1.489473262798620112e+01
1.489287421260611843e+01
1.489101624163458126e+01
1.488915871507158606e+01
1.488730163291713637e+01
1.488544499517122865e+01
1.488358880183386468e+01
1.488173305290504267e+01
1.487987774838476263e+01
1.487802288827302633e+01
1.487616847256983732e+01
1.487431450127518495e+01
1.487246097438907810e+01
1.487060789191151322e+01
1.486875525384249386e+01
1.486690306018201646e+01
1.486505131093008103e+01
1.486320000608668934e+01
1.486134914565183962e+01
1.485949872962553187e+01
1.485764875800777318e+01
1.485579923079855291e+01
1.485395014799787461e+01
1.485210150960574005e+01
1.485025331562215101e+01
1.484840556604710038e+01
1.484655826088059527e+01
1.484471140012263213e+01
1.484286498377321628e+01
1.484101901183234062e+01
1.483917348430000693e+01
1.483732840117621699e+01
1.483548376246097078e+01
1.483363956815426477e+01
1.483179581825610249e+01
1.482995251276648929e+01
1.482810965168541451e+01
1.482626723501287991e+01
1.482442526274889083e+01
1.482258373489344550e+01
1.482074265144654390e+01
1.481890201240818072e+01
1.481706181777836662e+01
1.481522206755709270e+01
1.481338276174436075e+01
1.481154390034017432e+01
1.480970548334452985e+01
1.480786751075742913e+01
1.480602998257886682e+01
1.480419289880885181e+01
1.480235625944737876e+01
1.480052006449444946e+01
1.479868431395006390e+01
1.479684900781421852e+01
1.479501414608691690e+01
1.479317972876816079e+01
1.479134575585794309e+01
1.478951222735627447e+01
1.478767914326314425e+01
1.478584650357855956e+01
1.478401430830251329e+01
1.478218255743501608e+01
1.478035125097605729e+01
1.477852038892564579e+01
1.477668997128377626e+01
1.477485999805044692e+01
1.477303046922566487e+01
1.477120138480942124e+01
1.476937274480171958e+01
1.476754454920256521e+01
1.476571679801195458e+01
1.476388949122988059e+01
1.476206262885635567e+01
1.476023621089137450e+01
1.475841023733493351e+01
1.475658470818703272e+01
1.475475962344767744e+01
1.475293498311686413e+01
1.475111078719459812e+01
1.474928703568087229e+01
1.474746372857569021e+01
1.474564086587904832e+01
1.474381844759095195e+01
1.474199647371139754e+01
1.474017494424038688e+01
1.473835385917792173e+01
1.473653321852399500e+01
1.473471302227861202e+01
1.473289327044177455e+01
1.473107396301348082e+01
1.472925509999372728e+01
1.472743668138251394e+01
1.472561870717985144e+01
1.472380117738572558e+01
1.472198409200014346e+01
1.472016745102310509e+01
1.471835125445461223e+01
1.471653550229465957e+01
1.471472019454325064e+01
1.471290533120038369e+01
1.471109091226606225e+01
1.470927693774028278e+01
1.470746340762304705e+01
1.470565032191434973e+01
1.470383768061419971e+01
1.470202548372259344e+01
1.470021373123952557e+01
1.469840242316500500e+01
1.469659155949902996e+01
1.469478114024159332e+01
1.469297116539270043e+01
1.469116163495235128e+01
1.468935254892054409e+01
1.468754390729727710e+01
1.468573571008255563e+01
1.468392795727637790e+01
1.468212064887874391e+01
1.468031378488965366e+01
1.467850736530910716e+01
1.467670139013710084e+01
1.467489585937363472e+01
1.467309077301871589e+01
1.467128613107233903e+01
1.466948193353450591e+01
1.466767818040521298e+01
1.466587487168446913e+01
1.466407200737226191e+01
1.466226958746860198e+01
1.466046761197348047e+01
1.465866608088690448e+01
1.465686499420887223e+01
1.465506435193938373e+01
1.465326415407843896e+01
1.465146440062603261e+01
1.464966509158217001e+01
1.464786622694685292e+01
1.464606780672007602e+01
1.464426983090184464e+01
1.464247229949215878e+01
1.464067521249101134e+01
1.463887856989841119e+01
1.463708237171435300e+01
1.463528661793883501e+01
1.463349130857185720e+01
1.463169644361342847e+01
1.462990202306354348e+01
1.462810804692219691e+01
1.462631451518939407e+01
1.462452142786513676e+01
1.462272878494942319e+01
1.462093658644224803e+01
1.461914483234361839e+01
1.461735352265352894e+01
1.461556265737198501e+01
1.461377223649898660e+01
1.461198226003452838e+01
1.461019272797861390e+01
1.460840364033123961e+01
1.460661499709241085e+01
1.460482679826212582e+01
1.460303904384038276e+01
1.460125173382718700e+01
1.459946486822252609e+01
1.459767844702641071e+01
1.459589247023884262e+01
1.459410693785981294e+01
1.459232184988932701e+01
1.459053720632738660e+01
1.458875300717398993e+01
1.458696925242913345e+01
1.458518594209282249e+01
1.458340307616505171e+01
1.458162065464582646e+01
1.457983867753513962e+01
1.457805714483300008e+01
1.457627605653940073e+01
1.457449541265434512e+01
1.457271521317783325e+01
1.457093545810986690e+01
1.456915614745044074e+01
1.456737728119955833e+01
1.456559885935721788e+01
1.456382088192341939e+01
1.456204334889816820e+01
1.456026626028145721e+01
1.455848961607328995e+01
1.455671341627366289e+01
1.455493766088258489e+01
1.455316234990004354e+01
1.455138748332604770e+01
1.454961306116059561e+01
1.454783908340368548e+01
1.454606555005532087e+01
1.454429246111549645e+01
1.454251981658421577e+01
1.454074761646147707e+01
1.453897586074728032e+01
1.453720454944162732e+01
1.453543368254452162e+01
1.453366326005595610e+01
1.453189328197593433e+01
1.453012374830445452e+01
1.452835465904151846e+01
1.452658601418712259e+01
1.452481781374127223e+01
1.452305005770396384e+01
1.452128274607520098e+01
1.451951587885497830e+01
1.451774945604329936e+01
1.451598347764016417e+01
1.451421794364557094e+01
1.451245285405951968e+01
1.451068820888201394e+01
1.450892400811305016e+01
1.450716025175263013e+01
1.450539693980075029e+01
1.450363407225741774e+01
1.450187164912262716e+01
1.450010967039637677e+01
1.449834813607867190e+01
1.449658704616950899e+01
1.449482640066888806e+01
1.449306619957681264e+01
1.449130644289327918e+01
1.448954713061828770e+01
1.448778826275183640e+01
1.448602983929393417e+01
1.448427186024457214e+01
1.448251432560375385e+01
1.448075723537147930e+01
1.447900058954774494e+01
1.447724438813255787e+01
1.447548863112590922e+01
1.447373331852780431e+01
1.447197845033824848e+01
1.447022402655722750e+01
1.446847004718475027e+01
1.446671651222082033e+01
1.446496342166543414e+01
1.446321077551858636e+01
1.446145857378028410e+01
1.445970681645052380e+01
1.445795550352930725e+01
1.445620463501663266e+01
1.445445421091250360e+01
1.445270423121691294e+01
1.445095469592987136e+01
1.444920560505136820e+01
1.444745695858140877e+01
1.444570875651999309e+01
1.444396099886712115e+01
1.444221368562279295e+01
1.444046681678700494e+01
1.443872039235976246e+01
1.443697441234106016e+01
1.443522887673090160e+01
1.443348378552928679e+01
1.443173913873621750e+01
1.442999493635168839e+01
1.442825117837570126e+01
1.442650786480826142e+01
1.442476499564935999e+01
1.442302257089900408e+01
1.442128059055718836e+01
1.441953905462391816e+01
1.441779796309918993e+01
1.441605731598300544e+01
1.441431711327536291e+01
1.441257735497626413e+01
1.441083804108571087e+01
1.440909917160369780e+01
1.440736074653022492e+01
1.440562276586529933e+01
1.440388522960891748e+01
1.440214813776107761e+01
1.440041149032177614e+01
1.439867528729102375e+01
1.439693952866881332e+01
1.439520421445514309e+01
1.439346934465001482e+01
1.439173491925343384e+01
1.439000093826539839e+01
1.438826740168589780e+01
1.438653430951494627e+01
1.438480166175253494e+01
1.438306945839866735e+01
1.438133769945334350e+01
1.437960638491656162e+01
1.437787551478832171e+01
1.437614508906862554e+01
1.437441510775747489e+01
1.437268557085486265e+01
1.437095647836079948e+01
1.436922806095390648e+01
1.436750054931282961e+01
1.436577394343756531e+01
1.436404824332811181e+01
1.436232344898446733e+01
1.436059956040663899e+01
1.435887657759461966e+01
1.435715450054841291e+01
1.435543332926801874e+01
1.435371306375343536e+01
1.435199370400466456e+01
1.435027525002170634e+01
1.434855770180455536e+01
1.434684105935322052e+01
1.434512532266769647e+01
1.434341049174798677e+01
1.434169656659408432e+01
1.433998354720599622e+01
1.433827143358372069e+01
1.433656022572725242e+01
1.433484992363660204e+01
1.433314052731175892e+01
1.433143203675273369e+01
1.432972445195951217e+01
1.432801777293210677e+01
1.432631199967051217e+01
1.432460713217473192e+01
1.432290317044476247e+01
1.432120011448060204e+01
1.431949796428225419e+01
1.431779671984971714e+01
1.431609638118299621e+01
1.431439694828208253e+01
1.431269842114698498e+01
1.431100079977770001e+01
1.430930408417421873e+01
1.430760827433655535e+01
1.430591337026470455e+01
1.430421937195866278e+01
1.430252627941843535e+01
1.430083409264401695e+01
1.429914281163541645e+01
1.429745243639261787e+01
1.429576296691563542e+01
1.429407440320446554e+01
1.429238674525910824e+01
1.429069999307956351e+01
1.428901414666582603e+01
1.428732920601790468e+01
1.428564517113579413e+01
1.428396204201949615e+01
1.428227981866901075e+01
1.428059850108433260e+01
1.427891808926546879e+01
1.427723858321241934e+01
1.427555998292517714e+01
1.427388228840375106e+01
1.427220549964813223e+01
1.427052961665832953e+01
1.426885463943433763e+01
1.426718056797615652e+01
1.426550740228378622e+01
1.426383514235722849e+01
1.426216378819648334e+01
1.426049333980155076e+01
1.425882379717242898e+01
1.425715516030911623e+01
1.425548742921161960e+01
1.425382060387993199e+01
1.425215468431405874e+01
1.425048967051399451e+01
1.424882556247974108e+01
1.424716236021130378e+01
1.424550006370867550e+01
1.424383867297186157e+01
1.424217818800085844e+01
1.424051860879566611e+01
1.423885993535628636e+01
1.423720216768271740e+01
1.423554530577496102e+01
1.423388934963301722e+01
1.423223429925688421e+01
1.423058015464656201e+01
1.422892691580205415e+01
1.422727458272335710e+01
1.422562315541047084e+01
1.422397263386339539e+01
1.422232301808213428e+01
1.422067430806668398e+01
1.421902650381704447e+01
1.421737960533321754e+01
1.421573361261520141e+01
1.421408852566300141e+01
1.421244434447661042e+01
1.421080106905603024e+01
1.420915869940126086e+01
1.420751723551230405e+01
1.420587667738916160e+01
1.420423702503182994e+01
1.420259827844030909e+01
1.420096043761459903e+01
1.419932350255470155e+01
1.419768747326061664e+01
1.419605234973234253e+01
1.419441813196988278e+01
1.419278481997323205e+01
1.419115241374239567e+01
1.418952091327737008e+01
1.418789031857815353e+01
1.418626062964475310e+01
1.418463184647716346e+01
1.418300396907538463e+01
1.418137699743941660e+01
1.417975093156925759e+01
1.417812577146491648e+01
1.417650151712638618e+01
1.417487816855366667e+01
1.417325572574675618e+01
1.417163418870566005e+01
1.417001355743037827e+01
1.416839383192090551e+01
1.416677501217724355e+01
1.416515709819939595e+01
1.416354008998735914e+01
1.416192398754113313e+01
1.416030879086071792e+01
1.415869449994611706e+01
1.415708111479732523e+01
1.415546863541435130e+01
1.415385706179718284e+01
1.415224639394582695e+01
1.415063663186028720e+01
1.414902777554055646e+01
1.414741982498663475e+01
1.414581278019852917e+01
1.414420664117623438e+01
1.414260140791975040e+01
1.414099708042907899e+01
1.413939365870421838e+01
1.413779114274517035e+01
1.413618953255193489e+01
1.413458882812451023e+01
1.413298902946289459e+01
1.413139013656709508e+01
1.412979214943710460e+01
1.412819506807292846e+01
1.412659889247456313e+01
1.412500362264200859e+01
1.412340925857526663e+01
1.412181580027433725e+01
1.412022324773921689e+01
1.411863160096991088e+01
1.411704085996641567e+01
1.411545102472873303e+01
1.411386209525686120e+01
1.411227407155080193e+01
1.411068695361055525e+01
1.410910074143611936e+01
1.410751543502749605e+01
1.410593103438468354e+01
1.410434753950768183e+01
1.410276495039649269e+01
1.410118326705111969e+01
1.409960248947155215e+01
1.409802261765779896e+01
1.409644365160986013e+01
1.409486559132772676e+01
1.409328843681141130e+01
1.409171218806090664e+01
1.409013684507621100e+01
1.408856240785732616e+01
1.408698887640425745e+01
1.408541625071700132e+01
1.408384453079555243e+01
1.408227371663991612e+01
1.408070380825009416e+01
1.407913480562608477e+01
1.407756670876788263e+01
1.407599951767549484e+01
1.407443323234891963e+01
1.407286785278815699e+01
1.407130337899320338e+01
1.406973981096406234e+01
1.406817714870073388e+01
1.406661539220321622e+01
1.406505454147151113e+01
1.406349459650561862e+01
1.406193555730553690e+01
1.406037742387126599e+01
1.405882019620280765e+01
1.405726387430016366e+01
1.405570845816332870e+01
1.405415394779230986e+01
1.405260034318709828e+01
1.405104764434769749e+01
1.404949585127410927e+01
1.404794496396633363e+01
1.404639498242437057e+01
1.404484590664822008e+01
1.404329773663788039e+01
1.404175047239335150e+01
1.404020411391463519e+01
1.403865866120173145e+01
1.403711411425463673e+01
1.403557047307335814e+01
1.403402773765788858e+01
1.403248590800822981e+01
1.403094498412438718e+01
1.402940496600635001e+01
1.402786585365413075e+01
1.402632764706772051e+01
1.402479034624712106e+01
1.402325395119233598e+01
1.402171846190335813e+01
1.402018387838019819e+01
1.401865020062284550e+01
1.401711742863130539e+01
1.401558556240557962e+01
1.401405460194566288e+01
1.401252454725156049e+01
1.401099539832326890e+01
1.400946715516078989e+01
1.400793981776412167e+01
1.400641338613326603e+01
1.400488786026821764e+01
1.400336324016898537e+01
1.400183952583556568e+01
1.400031671726795679e+01
1.399879481446615870e+01
1.399727381743017318e+01
1.399575372615999669e+01
1.399423454065563632e+01
1.399271626091708676e+01
1.399119888694434799e+01
1.398968241873742180e+01
1.398816685629630463e+01
1.398665219962100359e+01
1.398513844871150980e+01
1.398362560356783213e+01
1.398211366418996526e+01
1.398060263057790920e+01
1.397909250273166570e+01
1.397758328065123123e+01
1.397607496433661112e+01
1.397456755378780002e+01
1.397306104900480506e+01
1.397155544998762267e+01
1.397005075673624752e+01
1.396854696925068673e+01
1.396704408753094029e+01
1.396554211157699754e+01
1.396404104138887270e+01
1.396254087696655866e+01
1.396104161831005541e+01
1.395954326541936652e+01
1.395804581829448665e+01
1.395654927693542113e+01
1.395505364134216819e+01
1.395355891151472427e+01
1.395206508745309293e+01
1.395057216915727238e+01
1.394908015662726442e+01
1.394758904986306725e+01
1.394609884886468265e+01
1.394460955363211241e+01
1.394312116416535119e+01
1.394163368046440254e+01
1.394014710252926292e+01
1.393866143035993943e+01
1.393717666395642496e+01
1.393569280331872484e+01
1.393420984844683197e+01
1.393272779934075523e+01
1.393124665600048928e+01
1.392976641842603769e+01
1.392828708661739157e+01
1.392680866057455980e+01
1.392533114029754238e+01
1.392385452578633576e+01
1.392237881704093994e+01
1.392090401406135491e+01
1.391943011684758424e+01
1.391795712539962437e+01
1.391648503971747708e+01
1.391501385980114058e+01
1.391354358565061311e+01
1.391207421726590354e+01
1.391060575464699944e+01
1.390913819779391147e+01
1.390767154670663430e+01
1.390620580138516971e+01
1.390474096182951591e+01
1.390327702803967291e+01
1.390181400001564249e+01
1.390035187775742465e+01
1.389889066126501760e+01
1.389743035053842490e+01
1.389597094557764123e+01
1.389451244638266836e+01
1.389305485295351161e+01
1.389159816529016211e+01
1.389014238339262874e+01
1.388868750726090440e+01
1.388723353689499262e+01
1.388578047229489165e+01
1.388432831346060325e+01
1.388287706039212743e+01
1.388142671308945886e+01
1.387997727155260819e+01
1.387852873578156832e+01
1.387708110577633747e+01
1.387563438153691919e+01
1.387418856306331527e+01
1.387274365035551860e+01
1.387129964341353627e+01
1.386985654223736830e+01
1.386841434682700935e+01
1.386697305718246120e+01
1.386553267330372741e+01
1.386409319519080263e+01
1.386265462284369221e+01
1.386121695626239614e+01
1.385978019544690731e+01
1.385834434039723106e+01
1.385690939111336561e+01
1.385547534759531274e+01
1.385404220984307422e+01
1.385260997785664472e+01
1.385117865163602602e+01
1.384974823118122345e+01
1.384831871649222990e+01
1.384689010756904715e+01
1.384546240441167875e+01
1.384403560702012115e+01
1.384260971539437257e+01
1.384118472953444012e+01
1.383976064944031492e+01
1.383833747511200407e+01
1.383691520654950935e+01
1.383549384375282010e+01
1.383407338672194342e+01
1.383265383545687932e+01
1.383123518995762780e+01
1.382981745022418885e+01
1.382840061625656070e+01
1.382698468805474690e+01
1.382556966561874034e+01
1.382415554894854814e+01
1.382274233804416674e+01
1.382133003290559614e+01
1.381991863353283989e+01
1.381850813992589622e+01
1.381709855208476334e+01
1.381568987000944126e+01
1.381428209369992999e+01
1.381287522315623306e+01
1.381146925837834871e+01
1.381006419936627161e+01
1.380866004612000886e+01
1.380725679863955868e+01
1.380585445692491575e+01
1.380445302097609073e+01
1.380305249079307650e+01
1.380165286637587307e+01
1.380025414772448222e+01
1.379885633483890039e+01
1.379745942771913114e+01
1.379606342636517624e+01
1.379466833077703214e+01
1.379327414095469884e+01
1.379188085689817811e+01
1.379048847860746818e+01
1.378909700608257083e+01
1.378770643932348250e+01
1.378631677833021385e+01
1.378492802310274890e+01
1.378354017364110007e+01
1.378215322994526026e+01
1.378076719201523304e+01
1.377938205985101838e+01
1.377799783345261808e+01
1.377661451282002325e+01
1.377523209795324632e+01
1.377385058885227487e+01
1.377246998551712309e+01
1.377109028794777679e+01
1.376971149614424306e+01
1.376833361010652723e+01
1.376695662983461688e+01
1.376558055532852265e+01
1.376420538658823389e+01
1.376283112361376126e+01
1.376145776640510121e+01
1.376008531496225018e+01
1.375871376928521528e+01
1.375734312937398940e+01
1.375597339522857432e+01
1.375460456684897181e+01
1.375323664423518188e+01
1.375186962738720098e+01
1.375050351630503798e+01
1.374913831098868044e+01
1.374777401143813726e+01
1.374641061765340488e+01
1.374504812963448508e+01
1.374368654738137607e+01
1.374232587089408142e+01
1.374096610017259756e+01
1.373960723521692451e+01
1.373824927602706403e+01
1.373689222260301435e+01
1.373553607494478079e+01
1.373418083305235271e+01
1.373282649692573898e+01
1.373147306656493605e+01
1.373012054196994747e+01
1.372876892314076969e+01
1.372741821007740448e+01
1.372606840277984830e+01
1.372471950124810647e+01
1.372337150548217544e+01
1.372202441548205876e+01
1.372067823124774932e+01
1.371933295277925424e+01
1.371798858007656996e+01
1.371664511313969825e+01
1.371530255196863912e+01
1.371396089656339257e+01
1.371262014692395681e+01
1.371128030305033185e+01
1.370994136494251947e+01
1.370860333260051789e+01
1.370726620602432888e+01
1.370592998521395067e+01
1.370459467016938682e+01
1.370326026089063021e+01
1.370192675737769150e+01
1.370059415963056004e+01
1.369926246764924294e+01
1.369793168143373485e+01
1.369660180098404112e+01
1.369527282630015819e+01
1.369394475738208428e+01
1.369261759422982827e+01
1.369129133684338129e+01
1.368996598522274688e+01
1.368864153936792150e+01
1.368731799927890869e+01
1.368599536495570845e+01
1.368467363639831902e+01
1.368335281360674216e+01
1.368203289658097965e+01
1.368071388532102617e+01
1.367939577982688526e+01
1.367807858009855515e+01
1.367676228613603939e+01
1.367544689793933266e+01
1.367413241550844027e+01
1.367281883884335514e+01
1.367150616794408435e+01
1.367019440281062792e+01
1.366888354344298051e+01
1.366757358984114390e+01
1.366626454200512164e+01
1.366495639993491196e+01
1.366364916363051307e+01
1.366234283309192499e+01
1.366103740831914948e+01
1.365973288931218477e+01
1.365842927607103263e+01
1.365712656859569130e+01
1.365582476688616431e+01
1.365452387094244457e+01
1.365322388076454097e+01
1.365192479635244815e+01
1.365062661770616614e+01
1.364932934482569493e+01
1.364803297771103985e+01
1.364673751636219201e+01
1.364544296077916030e+01
1.364414931096193584e+01
1.364285656691052750e+01
1.364156472862492642e+01
1.364027379610514146e+01
1.363898376935116374e+01
1.363769464836300216e+01
1.363640643314064960e+01
1.363511912368410783e+01
1.363383271999338042e+01
1.363254722206846381e+01
1.363126262990935977e+01
1.362997894351606831e+01
1.362869616288858765e+01
1.362741428802691956e+01
1.362613331893106050e+01
1.362485325560101757e+01
1.362357409803678365e+01
1.362229584623836232e+01
1.362101850020575000e+01
1.361974205993895382e+01
1.361846652543796665e+01
1.361719189670279206e+01
1.361591817373343183e+01
1.361464535652987884e+01
1.361337344509214020e+01
1.361210243942021236e+01
1.361083233951409888e+01
1.360956314537379441e+01
1.360829485699930075e+01
1.360702747439062321e+01
1.360576099754775470e+01
1.360449542647069876e+01
1.360323076115945540e+01
1.360196700161402106e+01
1.360070414783439929e+01
1.359944219982059010e+01
1.359818115757259349e+01
1.359692102109040590e+01
1.359566179037403444e+01
1.359440346542347200e+01
1.359314604623872214e+01
1.359188953281978307e+01
1.359063392516665481e+01
1.358937922327934089e+01
1.358812542715783778e+01
1.358687253680214724e+01
1.358562055221226927e+01
1.358436947338820033e+01
1.358311930032994574e+01
1.358187003303750195e+01
1.358062167151086896e+01
1.357937421575005033e+01
1.357812766575503716e+01
1.357688202152584367e+01
1.357563728306245920e+01
1.357439345036488554e+01
1.357315052343312445e+01
1.357190850226717593e+01
1.357066738686703644e+01
1.356942717723271130e+01
1.356818787336419874e+01
1.356694947526149519e+01
1.356571198292460423e+01
1.356447539635352584e+01
1.356323971554825825e+01
1.356200494050880678e+01
1.356077107123515901e+01
1.355953810772733092e+01
1.355830604998531008e+01
1.355707489800910182e+01
1.355584465179870612e+01
1.355461531135411946e+01
1.355338687667535069e+01
1.355215934776238740e+01
1.355093272461524201e+01
1.354970700723390209e+01
1.354848219561837652e+01
1.354725828976866353e+01
1.354603528968476311e+01
1.354481319536667527e+01
1.354359200681439646e+01
1.354237172402793021e+01
1.354115234700727655e+01
1.353993387575243190e+01
1.353871631026340339e+01
1.353749965054018389e+01
1.353628389658277698e+01
1.353506904839118263e+01
1.353385510596539731e+01
1.353264206930542457e+01
1.353142993841126618e+01
1.353021871328291681e+01
1.352900839392038179e+01
1.352779898032365757e+01
1.352659047249274593e+01
1.352538287042764509e+01
1.352417617412835682e+01
1.352297038359487757e+01
1.352176549882721268e+01
1.352056151982535859e+01
1.351935844658931885e+01
1.351815627911908635e+01
1.351695501741466821e+01
1.351575466147606264e+01
1.351455521130326787e+01
1.351335666689628390e+01
1.351215902825511250e+01
1.351096229537975368e+01
1.350976646827020744e+01
1.350857154692647200e+01
1.350737753134854735e+01
1.350618442153643528e+01
1.350499221749013401e+01
1.350380091920964531e+01
1.350261052669496920e+01
1.350142103994610565e+01
1.350023245896305468e+01
1.349904478374581274e+01
1.349785801429438337e+01
1.349667215060876657e+01
1.349548719268896058e+01
1.349430314053496716e+01
1.349311999414678631e+01
1.349193775352441449e+01
1.349075641866785524e+01
1.348957598957710857e+01
1.348839646625217625e+01
1.348721784869304940e+01
1.348604013689974224e+01
1.348486333087224054e+01
1.348368743061055142e+01
1.348251243611467665e+01
1.348133834738461445e+01
1.348016516442035950e+01
1.347899288722192068e+01
1.347782151578929088e+01
1.347665105012247366e+01
1.347548149022146902e+01
1.347431283608627695e+01
1.347314508771689390e+01
1.347197824511332342e+01
1.347081230827556908e+01
1.346964727720362021e+01
1.346848315189748746e+01
1.346731993235716374e+01
1.346615761858265437e+01
1.346499621057395757e+01
1.346383570833106802e+01
1.346267611185399460e+01
1.346151742114273020e+01
1.346035963619728015e+01
1.345920275701763913e+01
1.345804678360381246e+01
1.345689171595579481e+01
1.345573755407359151e+01
1.345458429795719724e+01
1.345343194760661909e+01
1.345228050302184997e+01
1.345112996420289164e+01
1.344998033114974767e+01
1.344883160386241272e+01
1.344768378234089212e+01
1.344653686658518232e+01
1.344539085659528155e+01
1.344424575237119868e+01
1.344310155391292305e+01
1.344195826122046178e+01
1.344081587429380953e+01
1.343967439313297163e+01
1.343853381773794453e+01
1.343739414810872645e+01
1.343625538424532451e+01
1.343511752614773158e+01
1.343398057381595301e+01
1.343284452724998701e+01
1.343170938644982826e+01
1.343057515141548386e+01
1.342944182214695203e+01
1.342830939864423101e+01
1.342717788090732078e+01
1.342604726893622313e+01
1.342491756273093806e+01
1.342378876229146556e+01
1.342266086761780208e+01
1.342153387870995473e+01
1.342040779556791463e+01
1.341928261819168711e+01
1.341815834658127393e+01
1.341703498073666978e+01
1.341591252065787998e+01
1.341479096634489920e+01
1.341367031779773100e+01
1.341255057501637715e+01
1.341143173800083233e+01
1.341031380675110185e+01
1.340919678126718040e+01
1.340808066154907152e+01
1.340696544759677522e+01
1.340585113941029149e+01
1.340473773698961679e+01
1.340362524033475822e+01
1.340251364944570689e+01
1.340140296432247169e+01
1.340029318496504374e+01
1.339918431137343191e+01
1.339807634354762556e+01
1.339696928148763710e+01
1.339586312519345945e+01
1.339475787466509260e+01
1.339365352990253655e+01
1.339255009090579307e+01
1.339144755767486217e+01
1.339034593020974384e+01
1.338924520851043454e+01
1.338814539257693781e+01
1.338704648240925543e+01
1.338594847800738386e+01
1.338485137937132308e+01
1.338375518650107487e+01
1.338265989939663569e+01
1.338156551805801087e+01
1.338047204248519861e+01
1.337937947267819894e+01
1.337828780863700828e+01
1.337719705036163020e+01
1.337610719785206115e+01
1.337501825110830822e+01
1.337393021013036787e+01
1.337284307491823654e+01
1.337175684547191779e+01
1.337067152179141161e+01
1.336958710387671623e+01
1.336850359172783165e+01
1.336742098534475964e+01
1.336633928472750199e+01
1.336525848987605158e+01
1.336417860079041731e+01
1.336309961747059205e+01
1.336202153991658115e+01
1.336094436812837927e+01
1.335986810210598819e+01
1.335879274184941323e+01
1.335771828735864730e+01
1.335664473863369395e+01
1.335557209567455139e+01
1.335450035848122141e+01
1.335342952705370401e+01
1.335235960139199740e+01
1.335129058149610159e+01
1.335022246736602014e+01
1.334915525900174771e+01
1.334808895640329141e+01
1.334702355957064412e+01
1.334595906850380942e+01
1.334489548320278374e+01
1.334383280366757241e+01
1.334277102989817188e+01
1.334171016189458570e+01
1.334065019965680676e+01
1.333959114318484396e+01
1.333853299247869018e+01
1.333747574753834897e+01
1.333641940836382034e+01
1.333536397495510073e+01
1.333430944731219903e+01
1.333325582543510279e+01
1.333220310932382269e+01
1.333115129897835160e+01
1.333010039439869310e+01
1.332905039558484717e+01
1.332800130253680848e+01
1.332695311525458948e+01
1.332590583373817772e+01
1.332485945798757854e+01
1.332381398800279015e+01
1.332276942378381435e+01
1.332172576533064756e+01
1.332068301264329691e+01
1.331964116572175527e+01
1.331860022456602977e+01
1.331756018917611151e+01
1.331652105955200582e+01
1.331548283569371094e+01
1.331444551760123218e+01
1.331340910527456423e+01
1.331237359871370529e+01
1.331133899791866071e+01
1.331030530288942515e+01
1.330927251362600394e+01
1.330824063012839176e+01
1.330720965239659748e+01
1.330617958043060689e+01
1.330515041423043243e+01
1.330412215379606877e+01
1.330309479912751947e+01
1.330206835022477918e+01
1.330104280708784970e+01
1.330001816971673634e+01
1.329899443811143023e+01
1.329797161227194024e+01
1.329694969219825751e+01
1.329592867789038735e+01
1.329490856934833332e+01
1.329388936657208831e+01
1.329287106956165232e+01
1.329185367831703246e+01
1.329083719283821985e+01
1.328982161312522337e+01
1.328880693917803768e+01
1.328779317099666279e+01
1.328678030858110048e+01
1.328576835193134897e+01
1.328475730104741004e+01
1.328374715592928368e+01
1.328273791657696989e+01
1.328172958299046513e+01
1.328072215516977472e+01
1.327971563311489334e+01
1.327871001682582452e+01
1.327770530630256829e+01
1.327670150154512463e+01
1.327569860255349354e+01
1.327469660932766971e+01
1.327369552186766199e+01
1.327269534017346686e+01
1.327169606424508075e+01
1.327069769408250544e+01
1.326970022968574447e+01
1.326870367105479431e+01
1.326770801818965673e+01
1.326671327109032994e+01
1.326571942975681573e+01
1.326472649418911232e+01
1.326373446438722326e+01
1.326274334035114144e+01
1.326175312208087398e+01
1.326076380957642087e+01
1.325977540283777500e+01
1.325878790186494349e+01
1.325780130665792456e+01
1.325681561721671464e+01
1.325583083354131730e+01
1.325484695563173254e+01
1.325386398348796035e+01
1.325288191711000074e+01
1.325190075649784660e+01
1.325092050165151392e+01
1.324994115257098493e+01
1.324896270925627206e+01
1.324798517170737000e+01
1.324700853992428051e+01
1.324603281390700182e+01
1.324505799365553393e+01
1.324408407916988040e+01
1.324311107045003766e+01
1.324213896749600572e+01
1.324116777030778636e+01
1.324019747888537779e+01
1.323922809322878180e+01
1.323825961333799839e+01
1.323729203921302577e+01
1.323632537085386573e+01
1.323535960826052005e+01
1.323439475143298161e+01
1.323343080037125574e+01
1.323246775507534245e+01
1.323150561554524351e+01
1.323054438178095182e+01
1.322958405378247448e+01
1.322862463154980617e+01
1.322766611508295398e+01
1.322670850438191259e+01
1.322575179944668200e+01
1.322479600027726221e+01
1.322384110687365677e+01
1.322288711923586035e+01
1.322193403736387651e+01
1.322098186125770347e+01
1.322003059091734478e+01
1.321908022634279511e+01
1.321813076753406158e+01
1.321718221449113528e+01
1.321623456721402512e+01
1.321528782570272398e+01
1.321434198995723719e+01
1.321339705997755765e+01
1.321245303576369068e+01
1.321150991731563806e+01
1.321056770463339802e+01
1.320962639771696701e+01
1.320868599656634856e+01
1.320774650118154092e+01
1.320680791156254941e+01
1.320587022770936514e+01
1.320493344962199522e+01
1.320399757730043433e+01
1.320306261074468956e+01
1.320212854995475382e+01
1.320119539493062888e+01
1.320026314567231829e+01
1.319933180217982027e+01
1.319840136445313128e+01
1.319747183249225309e+01
1.319654320629719102e+01
1.319561548586793620e+01
1.319468867120449396e+01
1.319376276230686607e+01
1.319283775917504897e+01
1.319191366180904623e+01
1.319099047020885074e+01
1.319006818437446782e+01
1.318914680430589570e+01
1.318822633000313971e+01
1.318730676146619274e+01
1.318638809869505835e+01
1.318547034168973475e+01
1.318455349045022373e+01
1.318363754497652351e+01
1.318272250526863587e+01
1.318180837132656258e+01
1.318089514315029653e+01
1.317998282073984306e+01
1.317907140409520572e+01
1.317816089321637740e+01
1.317725128810335811e+01
1.317634258875615672e+01
1.317543479517476257e+01
1.317452790735918100e+01
1.317362192530941023e+01
1.317271684902545381e+01
1.317181267850730819e+01
1.317090941375497337e+01
1.317000705476845113e+01
1.316910560154774323e+01
1.316820505409284436e+01
1.316730541240375629e+01
1.316640667648048257e+01
1.316550884632301965e+01
1.316461192193136753e+01
1.316371590330552799e+01
1.316282079044549924e+01
1.316192658335128307e+01
1.316103328202287948e+01
1.316014088646028668e+01
1.315924939666350646e+01
1.315835881263253704e+01
1.315746913436737842e+01
1.315658036186803237e+01
1.315569249513450245e+01
1.315480553416677978e+01
1.315391947896486968e+01
1.315303432952877394e+01
1.315215008585848544e+01
1.315126674795401307e+01
1.315038431581534972e+01
1.314950278944250073e+01
1.314862216883546076e+01
1.314774245399423513e+01
1.314686364491881854e+01
1.314598574160921629e+01
1.314510874406542484e+01
1.314423265228744420e+01
1.314335746627527612e+01
1.314248318602892063e+01
1.314160981154837593e+01
1.314073734283364203e+01
1.313986577988472071e+01
1.313899512270161551e+01
1.313812537128431579e+01
1.313725652563283042e+01
1.313638858574715584e+01
1.313552155162729207e+01
1.313465542327324442e+01
1.313379020068500402e+01
1.313292588386257975e+01
1.313206247280596806e+01
1.313119996751516183e+01
1.313033836799017351e+01
1.312947767423099066e+01
