-2.486608169525399958e+01 4.033907662596300625e+00 9.605405086597942343e+00 6.554253287852739085e+00 9.586294977462507916e+00
1.151160938972855696e+01 -1.928559653293022258e+00 -4.459217496093556221e+00 -3.038748406399144120e+00 -4.625536651935888699e+00
9.560985902039886852e+00 -1.748761879353190052e+00 -3.485974008407668023e+00 -1.430880141496938540e+00 -1.363709934994399742e+00
-9.253110174995503812e+00 2.689700238008535305e+00 4.599583420737078043e+00 1.253672201418679855e+00 -2.570900591718091377e+00
1.228335982910181379e+01 -4.284477254652990119e+00 -7.905794390384549786e+00 -2.147664576631973521e+00 9.422839188065589511e+00
-1.361334143940812780e+01 1.864760679125459397e+00 4.517133950757102667e+00 1.830374840174778583e+00 1.291079812066481480e+00
-3.281071877420936289e+01 7.377062905195577613e+00 1.537898456182567486e+01 7.006137864686625250e+00 -1.930385517215848168e+00
6.397615927946223024e-01 -1.224328747000116291e+00 -1.707517480491943518e-01 3.329663521647593605e+00 8.806087994090431081e+00
-3.714997805417171506e+00 9.453040658948576036e-01 2.027629618482241991e+00 7.668990839961075112e-01 -1.601967305912409767e+00
-1.062927020898420594e+01 1.111272781938172249e+00 2.834649810856570529e+00 1.359802391545466893e+00 3.505672037779337558e+00
6.054413580055237887e+00 1.097563837130136388e+00 1.859720862674773212e+00 2.901429166253312708e+00 -1.216766742570074999e+00
-2.095950873893809785e+01 4.566524303334912105e+00 2.805931951496358323e+00 -1.908234262007194815e+00 1.475707719527078510e+01
-2.495246467975633919e+01 1.791552256338900584e+00 5.371534081655543247e+00 1.637354893433871084e+00 6.438888788914162831e+00
1.045658255639339629e+01 -2.220466714950295462e+00 5.814812448271786671e+00 9.954566685661315972e+00 -1.440905736317999164e+01
-6.454100546873848998e+01 1.005025984024562291e+01 8.426108074978158058e+00 -1.628486198560603171e+00 4.767145158560952467e+01
-6.454100546873863209e+01 1.005025984024564600e+01 8.426108074978165163e+00 -1.628486198560626264e+00 4.767145158560963836e+01
-6.454100546873863209e+01 1.005025984024564600e+01 8.426108074978165163e+00 -1.628486198560626264e+00 4.767145158560963836e+01
-6.454100546873863209e+01 1.005025984024564600e+01 8.426108074978165163e+00 -1.628486198560626264e+00 4.767145158560963836e+01
