1.094987068698955568e+01 1.101960239505260830e+01 1.107818854152699117e+01 1.112829623874425700e+01 1.117183728215915828e+01 1.121020569627217611e+01 1.124442842439802881e+01
1.026039678187238202e+01 1.027742099379941720e+01 1.095154125278377499e+01 1.101153644180562452e+01 1.106319260300609386e+01 1.110828173572155642e+01 1.119684595317116305e+01
1.034631599166357141e+01 1.036687003155841325e+01 1.035152198564642845e+01 1.036487079149053514e+01 1.037405375197356427e+01 1.038494857880249178e+01 1.105434549943193190e+01
1.042435359816091989e+01 1.042357808964521482e+01 1.045324034071906460e+01 1.047333289960484848e+01 1.050519768835305356e+01 1.052000143379748565e+01 1.047437420580333800e+01
1.054831074073498165e+01 1.054861060491625402e+01 1.050436796916384630e+01 1.052442993481334099e+01 1.053413371118131181e+01 1.055352952252223275e+01 1.060018004718077833e+01
1.037120742373548055e+01 1.052345696557002341e+01 1.062826523722876360e+01 1.065089201056319546e+01 1.059366955938430621e+01 1.065316175178492841e+01 1.063451905563699995e+01
1.004989819392780070e+01 1.023258497039247850e+01 1.039054522494756583e+01 1.053008053016453438e+01 1.065045236286064423e+01 1.071479915005144434e+01 1.074189317401376620e+01
9.698930272528288654e+00 9.897490712130267099e+00 1.006811227293349909e+01 1.022314625359418550e+01 1.035549443190121011e+01 1.048861072462070432e+01 1.060397838914245661e+01
9.289457397107502956e+00 9.517994904263970213e+00 9.712475906651640400e+00 9.878849365991875686e+00 1.003244230356259337e+01 1.016678916652347553e+01 1.029291047972091455e+01
8.813350842715131250e+00 9.067131899742316037e+00 9.288619452841270885e+00 9.490772120261718570e+00 9.655198077049950811e+00 9.809449222389925893e+00 9.945904002932092425e+00
8.275915602473910226e+00 8.559795079701427056e+00 8.809255409776016066e+00 8.986098888722377609e+00 9.216463427657062724e+00 9.385938652546013117e+00 9.548995091262936441e+00
7.620912922810589407e+00 7.960138653480435700e+00 8.216694993619027443e+00 8.466684013520881180e+00 8.677417647188756078e+00 8.897491756277249308e+00 9.054495150892407196e+00
6.829402852521778478e+00 7.237524967640145412e+00 7.548897048089278528e+00 7.866987555442102042e+00 8.094271661796767603e+00 8.336629987725608260e+00 8.524104312646132442e+00
5.839419938142846433e+00 6.242615547213537397e+00 6.717090106833425445e+00 7.067139681434162490e+00 7.392324320822390327e+00 7.673613255061950689e+00 7.888687773081062282e+00
4.411716552101678346e+00 5.314245523816531147e+00 5.640847316730743799e+00 6.075986641315890502e+00 6.409751202471473341e+00 6.785680178461665157e+00 7.068110847748958037e+00
3.902991483949554308e+00 3.125364215209587737e+00 4.319503904681464945e+00 4.828967413995204794e+00 5.410564152359643053e+00 5.681678724502201128e+00 6.035963577506296751e+00
1.642705325233241753e+00 7.048840554910885459e+00 2.713727726725891909e+00 3.377496464052248903e+00 3.460303479954903061e+00 4.323262047158126009e+00 4.749022369144188183e+00
-1.231901231962739818e+00 5.751811375517965619e-01 1.039793143271291243e+00 1.701068706186961821e+00 7.010299859272727474e+00 2.642434750238252583e+00 3.161497699839830311e+00
-3.350432877931498687e+00 -2.823896700050140929e+00 -1.736887341146365671e+00 -7.643989568164443194e-01 1.696721914249068819e+00 5.789784989748281152e-01 1.532526135565607239e+00
-3.433866020259836560e+00 -2.339551836120739470e+00 -1.933518068463658368e+00 -9.221189037798336319e-01 7.543150983588878811e-01 4.644969316498118728e-01 1.456989393134327626e+00
