1.112829623874426055e+01 1.107818854152699473e+01 1.112829623861859929e+01 1.117183728215915473e+01 1.121020569627217611e+01
1.104855373496745585e+01 1.098643817163580216e+01 1.104855374375183175e+01 1.110223664009745370e+01 1.114926842040478050e+01
1.039018874988763486e+01 1.037396755408571636e+01 1.038719711813953062e+01 1.040169355145798313e+01 1.041341381758374851e+01
1.045588371916013237e+01 1.044000273604011397e+01 1.045784293348130589e+01 1.047918273323552540e+01 1.049579183882704037e+01
1.050251243171181770e+01 1.047377941769208221e+01 1.051145493061641112e+01 1.053949204511124016e+01 1.054936792841678184e+01
1.063570177847551967e+01 1.063459129921334245e+01 1.058591292069230150e+01 1.055364251849032442e+01 1.061483808239673365e+01
1.059551009165603830e+01 1.047899032137190822e+01 1.059641649582719580e+01 1.068347906536181746e+01 1.073090548194823235e+01
1.033703760835561170e+01 1.018432848277566016e+01 1.033418275025926825e+01 1.046647143002321378e+01 1.058641491804101342e+01
1.002067705986668500e+01 9.859947138925438281e+00 1.001764695838453534e+01 1.016600385154957564e+01 1.029967191170828045e+01
9.672756023368185296e+00 9.490692277416593825e+00 9.670565118486232237e+00 9.833416212102642717e+00 9.975804571092048434e+00
9.258357019340426319e+00 9.052013042070052862e+00 9.256438163176492040e+00 9.443068972189236021e+00 9.608307622159061978e+00
8.739264778847626758e+00 8.565703624873478361e+00 8.788163374321809940e+00 8.990031112982357797e+00 9.171963145432103559e+00
8.256088551035974277e+00 7.948940766384180456e+00 8.254547194785480713e+00 8.442086686858619515e+00 8.684559766684026627e+00
7.605156931333535653e+00 7.291158923935967096e+00 7.607214596007477070e+00 7.876081458174504668e+00 8.118340437899654205e+00
6.793096879898842921e+00 6.416028809227587892e+00 6.792921671397164296e+00 7.121413228005565976e+00 7.437200403986374830e+00
6.793096879898842033e+00 6.416028809227586116e+00 6.792921671397162520e+00 7.121413228005563312e+00 7.437200403986373942e+00
6.793096879898842033e+00 6.416028809227586116e+00 6.792921671397162520e+00 7.121413228005563312e+00 7.437200403986373942e+00
6.793096879898842033e+00 6.416028809227586116e+00 6.792921671397162520e+00 7.121413228005563312e+00 7.437200403986373942e+00
