-1.398606657495919414e+01 -1.497475903096119687e+01 7.647166196057854748e+00 8.494370617970147919e+00 9.280825466470655982e+00 1.003715951681145668e+01 -4.043489752883609789e+00
-9.911321731671175472e-01 -1.114283126690353454e+00 -6.750933570447531729e+00 -7.167829890428553341e+00 -7.565506694922422781e+00 -7.944936018953438150e+00 1.116587027411646060e+00
8.271501993453396206e-01 9.046156105619647114e-01 -1.529667569558059936e+00 -1.765240386710194009e+00 -1.946397738512532838e+00 -1.983201305640669876e+00 -5.659059755607144027e+00
1.523874982467433359e+00 9.098733806068658447e-01 5.379611361826194260e-01 8.192716881391499673e-01 1.385413620300341764e+00 1.228282904178339185e+00 -1.172527792857774864e+00
-2.603182253723449469e-01 1.021289097008774682e+00 1.778630053235246589e+00 1.279779091082610343e+00 -2.618762110561245748e-01 3.018044636898576383e-01 5.596938204991961374e-01
-2.681179835051739069e+00 -1.900905385986565221e+00 -8.758765733988980173e-01 2.217278907142523625e-01 1.751599664296581205e+00 1.530501912009410326e+00 1.197704941365038023e+00
-3.209825326759357722e+00 -3.092031001308155336e+00 -2.882663002478136338e+00 -2.395208292463745448e+00 -1.800632163511333594e+00 -1.047461238921501225e+00 -1.470386757767144781e-03
-3.516826256869144629e+00 -3.302469000489888451e+00 -3.199431950797584800e+00 -3.126691132290220665e+00 -2.976567196319336084e+00 -2.813415686031009333e+00 -2.474470260609337391e+00
-4.293372256946226706e+00 -3.967077539237676920e+00 -3.617238821947186267e+00 -3.443971655352445094e+00 -3.273910967085762902e+00 -3.207740155073380617e+00 -3.171464499424359484e+00
-4.727518378197568261e+00 -4.565960365524484033e+00 -4.417139746959931834e+00 -4.054551244490865791e+00 -3.899934537807657087e+00 -3.639613580065393261e+00 -3.454464278912606545e+00
-5.582566706573600435e+00 -5.137278765753344523e+00 -4.799566118936048120e+00 -5.339696894954346185e+00 -4.511037327659439100e+00 -4.400737384566700605e+00 -4.176111481031846928e+00
-6.882726549087837320e+00 -6.270405515901340543e+00 -6.333894673167819178e+00 -4.704720866920732547e+00 -5.593853581539268482e+00 -4.900266994555036781e+00 -5.079168584287375054e+00
-8.211133893878226786e+00 -7.894226271590068400e+00 -6.609964616169269114e+00 -6.809343280534302600e+00 -5.666868709068466181e+00 -5.777163586883896862e+00 -5.182475439118692684e+00
-1.150025529287307613e+01 -9.483694546751694432e+00 -9.217880422258586393e+00 -8.399079450131999636e+00 -8.039503313669335682e+00 -7.097560345681239724e+00 -6.956194691042583145e+00
-1.132075337156388883e+01 -1.484953298945878863e+01 -1.126509270838636567e+01 -1.056515541225143018e+01 -9.286203913781610808e+00 -9.630502932454669818e+00 -8.706733000191988481e+00
-6.952913491693241355e+00 4.083033113251204327e-01 -1.402893234110382714e+01 -1.297982298711013271e+01 -1.549882328034426315e+01 -1.150671651242485005e+01 -1.094295917557960784e+01
-2.995767501016762679e+01 1.802735030150944340e+01 -1.553695405271691854e+01 -1.452548806686878535e+01 1.429739935349973123e+00 -1.436963758360877819e+01 -1.369921029809187374e+01
-2.395776617281245890e+01 -9.742469463033913257e+01 -1.859701561831628069e+01 -1.846278566347692518e+01 3.076301893982346769e+01 -1.767376555505063607e+01 -1.589551139907803901e+01
-1.606716749841295311e+01 8.356932290141340047e+01 -3.670943935022978621e+01 -2.959446241222976326e+01 -1.709719701020579237e+02 -2.164359585496403682e+01 -1.443639668198190762e+01
-1.563685866734946650e+01 1.006085431597192894e+02 -3.801661084475167485e+01 -3.034215084005353802e+01 -1.872407473617209064e+02 -2.185967896013126577e+01 -1.426601906280343002e+01
