8.494370668541233016e+00 7.647166066357086400e+00 8.523535803265538391e+00 9.280825442918448687e+00 1.003715957711458451e+01
-6.889879094180235697e+00 -6.501639200693634102e+00 -6.911940651498138521e+00 -7.261778468829181321e+00 -7.619932243952337814e+00
-3.078078957519095216e+00 -2.767238886820914345e+00 -3.108746811645113350e+00 -3.338023488636943092e+00 -3.461186961958107045e+00
1.422094450036926139e+00 1.177531680106540524e+00 1.625603589962783424e+00 1.922255217519058590e+00 1.860382644452574175e+00
7.594116120968743555e-01 1.051468074585788726e+00 3.340668261003845174e-01 -2.170425718416506000e-01 9.827970913882161375e-02
9.348008810371497557e-01 4.542529167471993645e-01 8.802287219655100525e-01 1.179708627491487638e+00 1.317885826082933809e+00
-1.708685337918877112e+00 -2.712152631179776119e+00 -1.306134757638923727e+00 -1.821813306069458294e-01 7.630359247295481762e-02
-3.059984632958912876e+00 -3.113526885158734547e+00 -3.207594804400746291e+00 -3.066115959077043929e+00 -2.475795126646363364e+00
-3.296367083926067032e+00 -3.405035301579477203e+00 -3.226572148037917032e+00 -3.077611247452145982e+00 -3.110130193086107830e+00
-3.682994580959588760e+00 -4.075418069295190904e+00 -3.794645556638753803e+00 -3.615095588731526366e+00 -3.401994509478161177e+00
-4.841255808023330331e+00 -4.531315326901309781e+00 -4.431109481648312531e+00 -4.150052778431891021e+00 -4.022820455477713608e+00
-4.956719522563868274e+00 -5.548980199393106716e+00 -4.952968841700609026e+00 -5.086246271149333253e+00 -4.621966438409330635e+00
-5.399920150854747192e+00 -6.364932146102458610e+00 -5.813744203279584966e+00 -5.534430696889294232e+00 -5.201749455136079447e+00
-7.466835299439843254e+00 -7.227632244322403920e+00 -7.220517694611043424e+00 -6.194520585529129875e+00 -6.179716967019805551e+00
-8.622488785499854202e+00 -1.071189759130573904e+01 -9.152950719925783574e+00 -9.307690726585818197e+00 -7.500163557714276230e+00
-8.622488785499854202e+00 -1.071189759130573904e+01 -9.152950719925783574e+00 -9.307690726585818197e+00 -7.500163557714276230e+00
