7.625082243529843762e-01 6.368576047976498566e-01 5.395969925794859012e-01 4.655697356337861192e-01 4.075862838504117902e-01 3.613688548021310454e-01 3.246725641071446788e-01
-9.175227177065535145e+00 6.485716885081602712e+00 3.966693764080965412e+00 -3.290285012192719072e-01 6.989607474657099084e-01 4.355443288344098551e-01 1.568462442148666591e+00
6.578790507966412182e-01 -1.103841414926948622e-01 -6.016266534011831257e-02 2.910576008166277373e-01 -4.281147481122831722e-01 2.023735010991358330e+00 1.274192712789787230e+01
-3.591594801801440973e-01 2.440415113283993243e-01 2.495957116108850349e-01 2.502199410170638516e-01 3.082449533405699493e-01 -8.314372860026544854e-02 -9.003745154309974463e-01
7.750817165252231744e-01 -4.943991453777029643e-01 -1.157682821484897623e-01 2.320521708842419317e-01 8.053185913560372000e-02 3.188080238400259891e-01 6.256261254882102829e-01
1.680344594917287049e+00 1.324967654619993107e+00 7.315191914012192376e-01 -4.279930704297130739e-01 -5.741724501607661096e-02 7.257542871459853329e-01 -1.620115015987075413e+00
1.965879150733247149e+00 1.695545766829576806e+00 1.471348712541446613e+00 1.343926176166267750e+00 9.501607201857896756e-01 3.969895396979244984e-01 2.051054556162432152e-01
2.193608001504168570e+00 1.811755396280746000e+00 1.634830425529191889e+00 1.418589145519991046e+00 1.312277761422130817e+00 1.296233939586973527e+00 9.573051974673776332e-01
2.460884654270994787e+00 2.112479018289505017e+00 1.779754558895102923e+00 1.594136597967208191e+00 1.442690956564626870e+00 1.273293591722303164e+00 1.278179961295797584e+00
2.783497591051028675e+00 2.334233300061681948e+00 2.137627512486486747e+00 1.824463265574412185e+00 1.561878151476192800e+00 1.488337192366972594e+00 1.205950855520131704e+00
2.669510764497897259e+00 2.837388908281485378e+00 1.981127821439284897e+00 2.027214076589813008e+00 2.126256408632889006e+00 1.462953203587742390e+00 1.997880685192301664e+00
4.182967994058594208e+00 2.790228486690263576e+00 2.529580183433504548e+00 2.287811580789031130e+00 2.140853100502275286e+00 2.073008299892861395e+00 8.794388110357018729e-01
5.148220956985640306e+00 3.305846161609611755e+00 3.213220263600913285e+00 2.725150418045384271e+00 2.247416475442281403e+00 2.374456648690633997e+00 1.149736455276053393e+00
2.731546129015212543e+00 4.860358447925744230e+00 4.157125139999149788e+00 3.246865018696394323e+00 3.112441204884280666e+00 2.497577370600117863e+00 1.788152880475376350e+00
1.508579981729758934e+01 4.555216720072405856e+00 3.567256241284725071e+00 4.027991839769423876e+00 3.387892971859479019e+00 3.711242387165882839e+00 1.517926837801530482e+00
-2.985496289647572254e+01 8.192489812667988147e+00 9.580376267761149478e+00 4.594101079855922976e+00 4.775026843160494749e+00 1.887130862711949408e+00 6.438432460391285694e+00
1.718502796022479231e+02 -2.918623150061593918e+01 -2.297468155500490283e+01 1.094463499487634905e+01 1.593414172369884696e+00 1.105467580882051237e+01 -7.150550731973378760e+00
2.112333481064820262e+01 1.318839222790633414e+01 -5.726072465252642019e+00 4.349252469215917927e+01 1.087117517665892130e+01 -5.873624407725658614e+01 1.086097363493802561e+02
-4.047250555810219197e+00 1.132285089868150862e+01 7.162213064638165427e+00 2.181322913977673750e+01 8.593148038117810472e+00 -1.588449761851000730e+01 5.001896907541829052e+01
1.880776627870771023e+01 5.290128581527546281e+00 5.042157949067416212e+00 1.706422759242998310e+01 7.335926685888987109e+00 -4.809459273096678089e+00 3.298213924976084854e+01
