-1.448240829902980531e+00 2.230434424646760561e-01 5.560670562744786105e-01 3.621505514022466121e-01 4.526144677237998737e-01
-1.796561823740325581e+00 2.771253005145969950e-01 6.880608852132196196e-01 4.445852124819756890e-01 5.550385644472984881e-01
-4.235294377129778520e-01 4.207368146704389134e-02 1.654857594016810873e-01 1.277632020942214564e-01 1.099624155479529686e-01
-4.464803963105730689e-01 6.932840275802254482e-02 2.279432149136487729e-01 1.942986534497024576e-01 1.333293316595805522e-01
-9.291326033409865737e-01 1.995924087346422349e-01 3.990379355402171035e-01 1.756346716790819218e-01 3.581331175458135618e-02
4.290858604228852125e-01 -3.501198672912445575e-01 -5.222721247544876988e-01 1.074494461855431474e-02 1.347047197413275610e+00
-3.428490093432325025e+00 5.513133543027902705e-01 1.250428801355869091e+00 5.816337599708745199e-01 4.577057423917715862e-01
-4.378129304358819418e+00 6.548362511390117824e-01 1.673138556912534769e+00 1.116897938637516630e+00 1.426234721989722898e+00
-4.560712433713925762e+00 6.654817537391222171e-01 1.807882374292906436e+00 1.284690127813310712e+00 1.514105714166219085e+00
-5.206445965620760674e+00 7.771082610895947429e-01 2.032285774803746392e+00 1.375466680276766551e+00 1.623031082263728608e+00
-5.899967935757218562e+00 8.817470547650452239e-01 2.315414031779016835e+00 1.588274721694353797e+00 1.887570850920714749e+00
-5.452150119877475554e+00 1.112710008882715318e+00 2.468267948572147041e+00 1.744042840095150204e+00 2.069553824356055838e+00
-9.324504137605682530e+00 1.586920831658667819e+00 2.930580123456209218e+00 1.485136288749632660e+00 4.029251878501628248e+00
-9.129242949929819773e+00 1.429785562674055877e+00 3.471830639451824130e+00 2.230567906674802092e+00 2.939672990614308201e+00
-1.091340880170306171e+01 1.685585672884779118e+00 4.165809855113571381e+00 2.812707470000250343e+00 3.911722242561754825e+00
-1.091340880170306882e+01 1.685585672884780450e+00 4.165809855113572269e+00 2.812707470000250343e+00 3.911722242561760154e+00
-1.091340880170306882e+01 1.685585672884780450e+00 4.165809855113572269e+00 2.812707470000250343e+00 3.911722242561760154e+00
-1.091340880170306882e+01 1.685585672884780450e+00 4.165809855113572269e+00 2.812707470000250343e+00 3.911722242561760154e+00
