-3.434140891454316602e+02 2.159032019402384321e+02 1.287982645149896825e+02 -2.702237053225666230e+01 2.830099572642100725e+01 -3.989794540818804336e+01 -2.684386706742961906e+02
7.701715452826798014e+01 -5.413959029256737665e+01 -3.325283527641093428e+01 5.544528486065078532e+00 -1.336247240209617182e+01 2.459217726657304581e+01 1.754565750058256981e+02
3.591775951376029496e+01 -2.307627006697237704e+01 -1.431721231297273178e+01 2.494394006985641288e-01 8.175496415443102016e-01 -1.005846553479000605e+01 -7.196354801522244315e+01
-5.405831956823312190e+00 -5.901884655906032506e+00 -5.640448080969153732e-01 5.440013114262233884e+00 4.227566874579633982e+00 -1.007994413140512080e+01 -4.064603274370256969e+01
1.318328307135653077e+01 1.132180238465189070e+01 2.697955748263598075e+00 -1.435892555549120786e+01 -6.477441455039830487e+00 1.092945255386804959e+01 -1.259326781377273718e+01
4.697170022031899705e+00 9.967417633767880147e+00 9.592257292481789932e+00 1.534255149732951296e+01 7.861823849064487391e+00 -7.526626254732817323e+00 5.627839481920489995e+00
1.708997982167670404e+00 1.141350074131240788e+00 3.540471449744019061e+00 5.601445392225004483e+00 6.514672150360019565e+00 8.772277612602234598e+00 1.237107070183801660e+01
2.891974226975859263e+00 1.491071215483527723e+00 6.655700932368441292e-01 1.119984457559151991e+00 1.540434710873975765e+00 2.116540086721281355e+00 5.056313013540861157e+00
2.069063360471957935e+00 3.918749084347116884e+00 2.539943352110790364e+00 1.614654023766697533e+00 1.301276198665115569e+00 2.671861899447793842e-01 7.033730713978615379e-01
3.217611430304252451e+00 7.827209896728113403e-01 2.962863548133603420e+00 2.708098448801331326e+00 1.720898931229306372e+00 2.856435759045617306e+00 2.174657994397408700e-01
-1.476119962625845439e+00 7.148440858609347082e+00 -3.627625842685009872e+00 1.289518636100645654e+00 7.125415036580662331e+00 -1.622393470793966008e+00 9.411934245422965972e+00
2.564097263683759920e+01 -5.325196296753783365e+00 1.212476882777809095e+01 3.796660455059681194e+00 -5.110177899160223802e+00 1.077766731255217358e+01 -2.255994143349165881e+01
-1.611030361625500262e+01 1.522715122528145137e+01 3.236777046397910418e+00 4.372230320799960879e+00 7.567178883426290525e+00 -3.675555044993020992e+00 2.166683939503898770e+01
4.019243585394187335e+01 5.775326710779086881e+00 5.177503421376410842e+00 6.053112502306058573e+00 5.961359827076845086e+00 9.147021322909450802e+00 -1.005018643991199312e+01
-1.178507881964573016e+02 2.377674957722350868e+01 2.441360978288918915e+01 7.100138607440580785e+00 6.552499625491044810e+00 -5.270562715502059348e+00 3.191387864420587661e+01
3.653181682982693701e+02 -1.267369632424773584e+02 -7.065088081067725057e+01 7.696697532128595753e+00 -4.232637495050170173e+00 5.342704668863094497e+01 -7.279962611653387228e+01
1.383797735408276367e+03 -1.759968121937412775e+02 -2.471888579097917500e+02 1.881670927815617631e+02 3.521306425551472330e+00 -1.975768039859679845e+02 3.329174025150650778e+02
-2.669339697535365758e+03 6.134024405786570924e+02 3.765524518556256908e+02 2.492450210047074961e+02 1.072685008697351350e+02 -6.546484212308633914e+02 1.111569273886672136e+03
4.032226617439288930e+03 -1.071354084350922676e+03 -3.660784355901040499e+02 -8.592457326979556456e+02 -2.248145561729111250e+02 1.997029954107588765e+03 -3.067238057655154080e+03
4.657282599782026409e+03 -1.222136662063831182e+03 -4.401285168487704595e+02 -9.458700905342725491e+02 -2.531152165232101652e+02 2.212805113024800448e+03 -3.408863386608456494e+03
