4.988505450267542329e+00 2.112539455236885999e+01 -1.700829576399699405e+01 1.047383690768709030e+01 2.496614719199616061e+01 -2.055002634924158400e+01 2.539870262774411813e+01
-4.467483137137743476e+00 -9.015955813555866172e+00 1.156041230244184348e+01 5.494773840845976309e+00 -4.326233463779615818e+00 8.421897918747099254e+00 -4.589809585965102912e+00
-1.753541957152300101e+00 -4.274517457896798156e-01 -5.791245205000747021e+00 -9.963810927711209686e+00 -6.251897253580772862e+00 -1.334002553178285755e+00 -7.007654503385941647e-01
2.324967337585523985e+00 3.281454263140710204e+00 -2.318885800133252850e+00 -1.794609508993303626e+00 1.147612923685351394e+00 -1.919447796283455077e+00 -3.034907406967630283e+00
4.338833589395240331e+00 2.639704200468553807e+00 2.895669864856057263e+00 2.392955624411777116e+00 1.548429040592959494e+00 1.384673495835696322e+00 -2.063701470271429306e-01
7.759569434685221978e+00 5.936346931502943569e+00 3.820500811237637517e+00 2.553656676739312292e+00 2.048835426707400043e+00 1.534495726181252628e+00 1.467700944350804226e+00
6.895288484006329988e-01 4.522694983419199843e+00 6.370049432704053771e+00 5.608685664282859307e+00 3.867746695259401513e+00 2.907751891004497047e+00 2.237171067812826486e+00
2.622556612496106609e+00 5.608199449775054246e-01 8.013047584045214222e-01 3.529532400081859755e+00 5.629370314541288778e+00 5.290914317731330918e+00 4.005914128373458283e+00
7.294764173819046071e+00 4.354327088751951180e+00 2.005211284696689855e+00 -3.393639249976392325e-01 -8.146025704572956716e-02 2.487422291437760613e+00 3.891064753401975551e+00
-2.612768955460301079e+00 2.479233257529213308e+00 4.288700691622858052e+00 5.176219704820731238e+00 2.039354240730321344e+00 -1.794817178312979822e+00 2.463806384418803397e+00
2.181288295681889977e+01 3.566763236578795127e+00 2.768998826062085694e+00 -6.499925203072721480e+00 2.354982127505474310e+00 1.846535945086044350e+01 -2.155166050661661714e+01
-1.571134290808953438e+01 2.160221037590021709e+00 1.966784491598738471e+00 1.137171251889939683e+01 2.309708079022330995e+00 -1.434757439105634269e+01 2.800018165107193369e+01
1.011686810031654105e+01 2.770913641230285940e+00 1.607920155135728280e+00 1.167738994241882544e+00 2.935178603231643812e+00 4.999933028020130621e+00 -1.493260777951398666e+00
2.116358303284251008e+00 1.367955612889158168e+01 1.031737824725225749e+01 -1.286638857883268372e+00 1.623843896450367197e+00 7.837726634440773665e+00 -9.928893118939427609e+00
5.567489889999868069e+01 -4.241553673427639382e+01 -2.983503654778334280e+01 4.220962614343768848e+01 6.924778293008216679e+00 -4.532148141220149284e+01 9.142584544501710297e+01
1.564928396873570478e+02 -1.788065366402161942e+02 -1.270819280952829331e+02 1.418329106217711626e+02 2.489555204400795674e+01 -1.837271325360223670e+02 2.433404009407836952e+02
-1.738994596303875824e+02 1.829874381862635460e+02 1.466958030691646400e+02 -2.170881335894994209e+02 -1.654434838457339652e+01 3.388017501417092490e+02 -3.867090385658555078e+02
3.491562781504912891e+02 -3.809264956137501486e+02 -2.216433935658591281e+02 1.193997332059696532e+02 -7.107754703562648046e+01 -8.072242883830094229e+01 8.084924738994625386e+02
-2.353379325154702201e+03 9.592992508678286185e+02 6.779681786419785112e+02 -3.261687494427100660e+02 1.320620918289986889e+02 -3.526318536887731625e+01 -2.230038301688022329e+03
-2.575151850134652705e+03 1.077671740379988933e+03 7.571630622107149975e+02 -3.697016119405789141e+02 1.491119905262480927e+02 -2.008586386184288131e+01 -2.496042908476146295e+03
