-2.199530136451262496e+00 -3.269553610150131018e-01 -4.766064490121226793e-01 1.334818647713258200e+00 7.934164027593928470e-01
-1.290022358077990594e+00 -2.765539674015421223e+00 -1.670077565457722235e+00 -1.708214984934088410e+00 -1.295296287113673728e+00
-9.100734025842083241e-01 -4.787397980393943153e-01 -1.208496404541107960e+00 -1.893538025165104610e+00 -2.103766914060409832e+00
1.550188546314444360e-01 1.034594807131808958e+00 2.606148689482558622e-01 1.284277197098663559e-01 -1.166867481366654635e-01
6.111788586143701574e-01 1.477388134978281364e-01 5.829390517100079272e-01 8.344176214394375402e-01 1.063038594353803212e+00
-1.352410474935350215e-01 -3.307293616166869787e-01 -1.278735481160242216e-01 4.492109813356002374e-02 1.721399878444884457e-01
-8.977955035911571180e-01 -1.468466065939697529e+00 -8.990346832660716103e-01 -4.994518066445856608e-01 -2.123818816627668915e-01
-2.237861913764547239e+00 -2.637467358900523973e+00 -2.233359376120882533e+00 -1.700493737283214735e+00 -1.197941354977114292e+00
-2.998730517361059889e+00 -3.045127431141431362e+00 -2.996368483271823813e+00 -2.879771409696079587e+00 -2.514068294005944892e+00
-3.222185097912984020e+00 -3.545725549670982968e+00 -3.225693902384214162e+00 -2.948137574538559402e+00 -3.129757944273814374e+00
-4.007151119798253447e+00 -4.293918501479796035e+00 -4.010501126502637348e+00 -4.336708127783475142e+00 -3.353809807247793984e+00
-4.620530192233209377e+00 -4.828313315881573864e+00 -4.619099129553876359e+00 -4.431344857861034825e+00 -4.166020531485362000e+00
-5.189232339188428078e+00 -5.472417777554433371e+00 -5.196745606227167080e+00 -4.242361635409515941e+00 -4.839767301786933373e+00
-5.995362256464876083e+00 -6.214458772831873645e+00 -5.999404772571133471e+00 -6.046657579816854700e+00 -5.387730225300947140e+00
-6.393277046405623665e+00 -7.117876148216298660e+00 -6.344195594895135848e+00 -5.603920315932098717e+00 -6.289144561212604678e+00
-6.393277046405623665e+00 -7.117876148216299548e+00 -6.344195594895134960e+00 -5.603920315932096941e+00 -6.289144561212605566e+00
-6.393277046405623665e+00 -7.117876148216299548e+00 -6.344195594895134960e+00 -5.603920315932096941e+00 -6.289144561212605566e+00
-6.393277046405623665e+00 -7.117876148216299548e+00 -6.344195594895134960e+00 -5.603920315932096941e+00 -6.289144561212605566e+00
