-2.743014964351662588e+00 -9.850651357326134505e-01 -3.269553678267942409e-01 -2.199530188930347130e+00 1.334817934131462769e+00 7.934164552839988449e-01 2.736427482239279230e-01
-1.797292674849938932e+00 -2.680838295654752290e+00 -2.762989144480584525e+00 -1.256822721086169548e+00 -1.789213337745715116e+00 -1.369764790937017862e+00 -9.634950502375928538e-01
2.844172063940580419e-01 2.311165518350731807e-01 -2.406926511633383087e-02 -8.874248979483888577e-01 -1.754015470763879758e+00 -2.097604981122142220e+00 -2.163637901318296031e+00
3.589779153229666897e-01 6.939392202661881504e-01 7.967078683234706249e-01 4.343159387200019039e-01 5.183841712427672554e-01 4.635290850354905068e-01 1.995479822955639193e-01
-4.916568702586897599e-01 -1.590224395431179827e-01 1.014538049454942192e-01 3.948222032670337112e-01 5.686511850486984931e-01 7.272003793543441175e-01 7.980096142789849800e-01
-1.743332039911778653e+00 -1.056097691460011312e+00 -5.658167741806235940e-01 -2.636974630202511549e-01 -2.968467601721391097e-02 1.457523406380876463e-01 2.921326331755597638e-01
-2.740882987999887277e+00 -2.463723365694447498e+00 -1.902537714173837768e+00 -1.276670753077172149e+00 -8.134530880040073963e-01 -4.770899418663398506e-01 -2.222555771010004677e-01
-3.083806467450997069e+00 -2.943822818585195566e+00 -2.894901762423975011e+00 -2.700637105962614637e+00 -2.209941606648199386e+00 -1.656039506763336666e+00 -1.183310216186864272e+00
-4.011487412327980451e+00 -3.433960526541195435e+00 -3.120911285210528519e+00 -3.032766916456492989e+00 -3.102034774288514818e+00 -2.972026338514586197e+00 -2.643391652218271659e+00
-4.362862941690494267e+00 -4.342185270096249994e+00 -3.976434116147848474e+00 -3.515176745801537717e+00 -3.075336324426643841e+00 -3.130549429487236690e+00 -3.164539927363404281e+00
-5.847224348747760203e+00 -4.723644999992235860e+00 -4.552259857774553886e+00 -4.452217222067088365e+00 -5.248117186398665091e+00 -3.739371796806773229e+00 -3.425958538920981233e+00
-5.026658231090822326e+00 -5.553672653851873697e+00 -5.196780706628513435e+00 -4.840370269755728927e+00 -3.538002618421222767e+00 -4.631604588291311053e+00 -4.440682879558923268e+00
-6.682309991035177532e+00 -6.089445578732766151e+00 -5.922028563689397451e+00 -5.743767803532264793e+00 -5.614893405844899377e+00 -5.146821589025978305e+00 -4.900171741266207803e+00
-9.059354874720840556e+00 -8.145181022218325850e+00 -6.820956172517412597e+00 -6.356433346884414526e+00 -6.594467282111759587e+00 -5.921551234805781050e+00 -5.826272038269292075e+00
-3.451186408778788461e+00 -3.710476098999074157e+00 -8.245262561608456053e+00 -7.695344658398137305e+00 -3.380987684309260999e+00 -6.875769394955827174e+00 -6.145497748001955252e+00
1.347163654130966393e+01 9.130751819729150398e+00 -9.388871290983358264e+00 -9.045959460256744578e+00 6.115970923543651239e+00 -7.123026584864020627e+00 -9.439781648432933991e+00
-3.057343643684611223e+01 -2.684254973460438620e+01 -7.081899897385092402e+00 -8.419799172156990252e+00 -3.168860255316533525e+01 -6.568591738359867094e+00 4.318456738155873609e-02
4.342466815318294238e+01 3.442477498158555704e+01 -3.115101775829336894e+00 -3.845236240788344695e+00 3.047497964917100788e+00 -1.203299903328288778e+01 1.686500501527156359e+01
-7.360738559788789814e+01 -1.133613089101617106e+02 -1.547857032601601901e+00 -1.861201710394010611e+00 -1.803601460926373079e+01 3.699346039752812842e+00 -9.267031298708167242e+01
-8.462433856043030289e+01 -1.263872418091308560e+02 -1.534399440563116501e+00 -1.833162566388558012e+00 -2.061877927474155570e+01 5.055520310363705860e+00 -1.015279250546507370e+02
