1.082229910633118575e+00 6.252732318608474893e-01 4.637193393743020975e-01 4.223937194379389082e-01 3.687346509895276236e-01 3.320508505589107595e-01 2.990382420026183596e-01
1.002089808385709491e+00 9.195931977717662908e-01 5.848494375265617107e-01 1.357378125789398426e+00 1.213651514235126516e+00 3.705887440379770220e-02 1.094036824299913224e+00
5.716330381909328073e-01 9.793959148062954256e-02 1.268067356723187045e+00 1.202105608045761942e+00 4.229920147541090802e-01 7.332048248513889366e-01 5.323738911621647141e-01
6.524764950359084326e-01 5.353616789634911832e-01 2.956177421630431512e-01 2.013228813066597900e-01 1.836848683782403291e-01 2.159566564679341050e-01 6.082616233540880657e-01
9.991570672038859735e-01 7.384819516304744758e-01 6.109645891838135778e-01 4.992112026890432319e-01 3.977624340598256425e-01 3.337777982135712862e-01 2.224823909791674159e-01
1.638834667342224494e+00 1.202249862662609914e+00 8.777315858502132695e-01 6.769106821948021047e-01 5.505160212867767910e-01 4.539069174530752093e-01 4.033446607200040779e-01
2.171503692515451167e+00 1.803090222148878485e+00 1.449659055984482414e+00 1.119321271742439894e+00 8.611775599460007591e-01 6.852399979532070029e-01 5.605310503190283899e-01
2.220640831226086132e+00 2.053973243026763207e+00 1.871280867303097173e+00 1.652030822990425696e+00 1.385136626533058246e+00 1.120591872056123872e+00 8.989437561757770423e-01
2.829495553572221489e+00 2.276419788138853040e+00 1.946740864993744324e+00 1.775339775056672620e+00 1.702644312854624919e+00 1.594574898074505809e+00 1.311505146796006605e+00
2.955356809647127214e+00 2.667298227816164768e+00 2.302037951734232202e+00 2.076806319424256309e+00 1.751856474636545702e+00 1.469169035319612959e+00 1.827701813694584176e+00
4.160335392183676539e+00 2.990399217284475775e+00 2.698066839039671372e+00 1.905349265563466954e+00 2.007347752880830338e+00 2.579495693504054721e+00 4.241362320346689918e-01
4.433685954988019873e+00 3.217596058709536688e+00 2.888539121769225115e+00 2.273010190206194991e+00 2.243317271437775595e+00 2.604696831912025612e+00 1.116572376698788505e+00
3.668414342636479031e+00 3.808566948595237367e+00 3.299335090083347133e+00 2.690194020289867538e+00 2.534294138878940394e+00 2.422867819593465644e+00 1.943472289701260181e+00
6.112255827161578559e+00 3.110683279825495084e+00 2.830865955312950266e+00 3.774552359910825050e+00 2.768809297377494705e+00 1.662941320247265597e+00 3.980934683582955103e+00
2.248820990479370785e+00 8.204772022270510945e+00 6.470497210483494577e+00 1.184323037229448872e+00 3.067023310689766635e+00 5.879681384973441283e+00 -3.199066711880830916e+00
2.958624611656438219e+01 -1.795728626330059896e+01 -1.202530595619319342e+01 2.135786040369329797e+01 4.761677318056076302e+00 -1.956744620649827482e+01 4.202310770074639379e+01
4.253174680157993492e+00 1.582413205592178684e+00 2.144889146755025955e+00 5.871771715890535148e+00 6.576865062933551442e+00 1.506661461249061418e+00 -5.974981753488803449e+00
3.886946351265381594e+01 -2.351296243256863860e+01 -1.155379929768756497e+01 6.523746875587201011e+00 -1.054204939085270631e-01 1.203808135790967349e+01 4.903552573458078712e+01
-3.766165932392971172e+01 -1.023560010527103614e+01 1.029942954992625115e+00 2.743736285160291111e+00 8.008949784183462262e-01 1.621341651579272014e+00 1.233865025656816528e+01
-5.062785891868411881e+01 -4.877295541928229561e+00 4.805174946169024963e+00 9.133863131977766336e-01 1.540538849413620071e+00 1.475147229654918624e+00 -9.364039390550082942e-02
