-1.292017982161111300e+00 1.983736082425813785e-01 4.985235491935570140e-01 3.295610630985646439e-01 4.126153723643534166e-01
-2.330109783995008677e+00 6.003821500066688355e-01 1.396731128999793015e+00 8.802886479639706607e-01 -1.275937981211883454e-01
-5.080417981388435145e+00 8.852099679303016000e-01 1.443857965633319917e+00 3.376615755796928964e-01 1.308756361628491405e+00
-9.291662681072566654e-01 1.540288102359840816e-01 3.130497713042633134e-01 1.533321116733161737e-01 2.803113279188778617e-01
-1.412459153424045377e+00 2.212731144585182164e-01 5.273677999620460799e-01 3.147713228646868977e-01 3.924301029445895761e-01
-2.047441557798493239e+00 3.232759648916903039e-01 7.543407284495486920e-01 4.351197325312081143e-01 5.549799767927955374e-01
-3.197772708463652691e+00 5.085745215699882804e-01 1.163466737486539948e+00 6.413690718929536683e-01 8.167466573961816856e-01
-4.849626979702086338e+00 7.656861161525169157e-01 1.793798863631354212e+00 1.023558159091161324e+00 1.243810898888675354e+00
-5.227614830207719443e+00 7.865935806334979352e-01 2.100365627965548931e+00 1.498019218123102236e+00 1.763872257440830316e+00
-5.665541605008899140e+00 8.716024005948842523e-01 2.196490220698076534e+00 1.502862128913037276e+00 1.984458398852125605e+00
-6.870822111674314669e+00 1.064503254660485565e+00 2.616911022824123467e+00 1.666846260333183505e+00 2.094754034704251033e+00
-7.797889413253847657e+00 1.377022123289061151e+00 2.291681369556886505e+00 1.440075738721874110e+00 5.316192643956259900e+00
-8.197168799443911524e+00 1.260219908412798517e+00 3.155252072558678123e+00 2.092905755566065729e+00 2.678159020007299329e+00
-8.705054036966100028e+00 1.308008593853568824e+00 3.442235589429222031e+00 2.391866608283249374e+00 2.851141308938046848e+00
-1.004750590020508128e+01 1.559448100249051450e+00 3.834074526021547413e+00 2.493604496367525236e+00 3.255269130542103095e+00
-1.004750590020508305e+01 1.559448100249052116e+00 3.834074526021548746e+00 2.493604496367525236e+00 3.255269130542100875e+00
-1.004750590020508305e+01 1.559448100249052116e+00 3.834074526021548746e+00 2.493604496367525236e+00 3.255269130542100875e+00
-1.004750590020508305e+01 1.559448100249052116e+00 3.834074526021548746e+00 2.493604496367525236e+00 3.255269130542100875e+00
