1.182908983347082454e+01 1.191200330070980762e+01 1.196399123938585163e+01 1.200875477766967769e+01 1.204805886832303763e+01 1.208306755013484235e+01 1.211459141149729746e+01
1.157992338368701546e+01 1.167810959357514911e+01 1.175543378492032787e+01 1.183198856269739885e+01 1.199636756675096905e+01 1.204028999793518651e+01 1.207823169462264268e+01
1.149142875298678135e+01 1.151120887437074991e+01 1.156581071168133334e+01 1.172361936191805754e+01 1.178246010513667841e+01 1.184452864498184255e+01 1.191206627864740675e+01
1.155988282048304860e+01 1.162029663852241868e+01 1.166286751891814966e+01 1.168426848948649699e+01 1.170568732344374574e+01 1.172266912319608423e+01 1.176087976069721286e+01
1.154584775899523130e+01 1.163162006199422471e+01 1.169798274109221836e+01 1.175433844569605135e+01 1.179816846889221083e+01 1.183513973693411536e+01 1.186334700282198895e+01
1.143573740922695592e+01 1.157685774799496592e+01 1.167992293268838466e+01 1.175652731093691372e+01 1.181778594388558901e+01 1.186762336709674237e+01 1.191010222227956206e+01
1.119268569381867096e+01 1.139129053701686800e+01 1.155380314838852129e+01 1.168199212761117600e+01 1.178007387181852650e+01 1.185696784459383224e+01 1.191882949188778973e+01
1.088432688615547406e+01 1.109819112976415134e+01 1.129458737517668077e+01 1.147122871427180435e+01 1.162340540136994349e+01 1.174833435431109585e+01 1.184895366373438641e+01
1.051321845515013997e+01 1.076665258188329055e+01 1.097594897418752247e+01 1.116127668265564488e+01 1.133430711679002201e+01 1.150062641347396486e+01 1.164738875185497591e+01
1.007517732645525399e+01 1.035695342578051026e+01 1.060606358221012258e+01 1.082202863758642053e+01 1.101810090567904865e+01 1.117380867936275912e+01 1.133330871999936917e+01
9.527759669924019903e+00 9.877983035425305758e+00 1.015509297326939731e+01 1.040091689672552810e+01 1.056598669507520682e+01 1.081805809574522392e+01 1.099096892037293216e+01
8.969921176768005822e+00 9.345093336125067651e+00 9.643008153821186923e+00 9.913252093991484770e+00 1.011713805895557883e+01 1.037495129758713297e+01 1.057642729148173366e+01
8.318580962505809140e+00 8.697841564271319825e+00 9.058648203409168431e+00 9.354378275245267105e+00 9.611795047079894516e+00 9.862719555091905121e+00 1.008410297064502892e+01
7.677944704643879348e+00 8.116410366469702709e+00 8.390806534703097341e+00 8.723367015169307237e+00 9.080736024447555010e+00 9.273791377491575005e+00 9.527452999845870352e+00
6.220665191562376073e+00 6.807430057563021997e+00 7.605278734563873932e+00 7.983132854277487311e+00 8.081105823566907986e+00 8.627536109776219320e+00 8.860661894856999510e+00
8.462387164357970448e+00 8.598205884629722462e+00 6.653447001263598892e+00 7.108184228483722222e+00 9.259040767151470064e+00 7.802755010797707058e+00 8.209540773578451578e+00
5.327649615070033207e+00 5.592485364226469358e+00 5.751906836712758597e+00 6.126943414509897323e+00 6.825534872487783566e+00 7.249806528805691208e+00 7.046485844302482704e+00
7.457993050399633006e+00 7.606304862069692696e+00 5.233453533222689913e+00 5.499491103811971371e+00 5.714645790247782742e+00 6.104162645740731641e+00 8.950726812658148290e+00
7.595527646037945502e+00 5.335335642564530190e+00 5.009723753037235383e+00 5.222932575893189266e+00 5.436583188838973513e+00 5.475221170906955592e+00 6.090746916882427087e+00
7.179344134271059552e+00 4.704653851979261781e+00 5.001615262930123151e+00 5.213213537177449730e+00 5.334923897875913923e+00 5.498236501861023307e+00 5.579840143680174336e+00
