4.902888854418010567e+01 -1.481387299129700352e+00 8.584371275512918231e+00 1.699712245892609630e+01 -3.847217555807193889e+01
-4.436636228849729235e+01 6.477869966425019221e+00 7.053226201405296436e+00 -2.971034099606173484e+00 1.607434854734089313e+01
1.478456063298933998e+01 -3.825001775938774884e+00 -8.437243587941232192e+00 -4.869970686067594201e+00 1.059011046632560848e+00
2.725642523317217325e+01 -4.568463055790403793e+00 -5.814692580506193309e+00 6.422207551568958062e-01 -8.073238952669036905e+00
-1.377149672674657133e+01 2.180748394946959934e+00 4.201308939827868016e+00 1.614380083989847670e+00 3.744157003526598970e+00
-5.718697016923001364e+00 9.228841156737583873e-01 2.248185535553292702e+00 1.353887534620476174e+00 1.336670404780182508e+00
-1.691312185674958357e+01 2.746757355702099002e+00 5.888917043693755460e+00 2.768002248376240981e+00 3.638658010900420514e+00
-1.069437821318649640e+01 1.362390999342643738e+00 5.379890345125863504e+00 5.227256268673161621e+00 4.773625214494538582e+00
-1.204628942826507565e+00 1.442504188326267922e-01 6.984882901730804505e-01 2.022477063835597999e+00 5.680609132460913813e+00
-8.964544774711843189e+00 1.238095858597851429e+00 3.906897206183518989e+00 1.061954570640788464e+00 -5.276636745434696074e+00
-1.223341040232392984e+01 3.240656367585585951e+00 -8.297152691499132260e-01 -1.205484080096304922e+00 2.535239116718047825e+01
-6.072247863340871632e+00 9.618703518851172696e-01 2.267698336180394847e+00 1.876390044009507818e+00 3.819099429837006454e+00
-3.267998777400561217e+00 -1.216638162556625824e+00 7.909153416464870467e+00 6.481708761044647993e+00 -2.312663932743651074e+01
-8.070695738424538135e+00 1.834276415276655969e+00 6.123145941301846307e-01 7.505009986531776534e-01 1.473591782936273908e+01
-1.995933129173627663e+01 2.856378256537604798e+00 1.000626181090049194e+01 2.537249468386447937e+00 -1.850372867397040366e+01
-1.995933129173629439e+01 2.856378256537605242e+00 1.000626181090051148e+01 2.537249468386453266e+00 -1.850372867397048182e+01
-1.995933129173629439e+01 2.856378256537605242e+00 1.000626181090051148e+01 2.537249468386453266e+00 -1.850372867397048182e+01
-1.995933129173629439e+01 2.856378256537605242e+00 1.000626181090051148e+01 2.537249468386453266e+00 -1.850372867397048182e+01
