1.200875477766967592e+01 1.196399123938585696e+01 1.200875477766976829e+01 1.204805886832303408e+01 1.208306755013484057e+01
1.183869014313387602e+01 1.176998828605952951e+01 1.188762847463492633e+01 1.200557479652519000e+01 1.204730487205940648e+01
1.173309834529142925e+01 1.156839611088198971e+01 1.172990767382363231e+01 1.180167289108342921e+01 1.186668302814298492e+01
1.167951357267443058e+01 1.164845815075815594e+01 1.167951353081246069e+01 1.170044348432903369e+01 1.171973651567634178e+01
1.174380437444329317e+01 1.169530871901484126e+01 1.174380441125569519e+01 1.178349257358722113e+01 1.181643385106787392e+01
1.176166334739427555e+01 1.169161884074170388e+01 1.176166344840153677e+01 1.181747746111573960e+01 1.186332343624710894e+01
1.171621834661159411e+01 1.160718722905122213e+01 1.171621808378835716e+01 1.180064758049819318e+01 1.186774107320350602e+01
1.156285384820685280e+01 1.139688347459917317e+01 1.156308439315816372e+01 1.169569813225814414e+01 1.180081247312098647e+01
1.128795255741125025e+01 1.110507179796177901e+01 1.128859006142097776e+01 1.146127430831574046e+01 1.161713388668427172e+01
1.098102154550279508e+01 1.078476005349459932e+01 1.098160015277175106e+01 1.115677423390460632e+01 1.132134672394516173e+01
1.062479848978420627e+01 1.038767352691827384e+01 1.062493522077726560e+01 1.082763998046128151e+01 1.100423689073930156e+01
1.018531088652481920e+01 9.933102957778871200e+00 1.018537356817346229e+01 1.033256373578682386e+01 1.063097946712015052e+01
9.702181682186889589e+00 9.418353875499589023e+00 9.702147112412422558e+00 9.950825007306708159e+00 1.017564824957342751e+01
9.139550159676424812e+00 8.835354851147831923e+00 9.138524023939005758e+00 9.417648769809623843e+00 9.667218801655682370e+00
8.516716401805103587e+00 8.170082908262983779e+00 8.517528436032193895e+00 8.816394598286409590e+00 9.086320490766651048e+00
8.516716401805103587e+00 8.170082908262982002e+00 8.517528436032192118e+00 8.816394598286407813e+00 9.086320490766651048e+00
8.516716401805103587e+00 8.170082908262982002e+00 8.517528436032192118e+00 8.816394598286407813e+00 9.086320490766651048e+00
8.516716401805103587e+00 8.170082908262982002e+00 8.517528436032192118e+00 8.816394598286407813e+00 9.086320490766651048e+00
