5.792672491434451842e+01
5.746459679960416622e+01
5.700474304448778895e+01
5.654716364899534398e+01
5.609185861312686683e+01
5.563882793688234329e+01
5.518807162026178759e+01
5.473958966326516418e+01
5.429338206589250149e+01
5.384944882814380662e+01
5.340778995001905827e+01
5.296840543151827063e+01
5.253129527264143661e+01
5.209645947338856331e+01
5.166389803375962941e+01
5.123361095375467045e+01
5.080559823337365799e+01
5.037985987261659915e+01
4.995639587148350103e+01
4.953520622997436362e+01
4.911629094808916562e+01
4.869965002582793545e+01
4.828528346319065889e+01
4.787319126017733595e+01
4.746337341678798083e+01
4.705582993302256511e+01
4.665056080888111012e+01
4.624756604436360874e+01
4.584684563947006097e+01
4.544839959420047393e+01
4.505222790855484760e+01
4.465833058253318200e+01
4.426670761613544158e+01
4.387735900936168321e+01
4.349028476221187844e+01
4.310548487468602730e+01
4.272295934678413687e+01
4.234270817850618585e+01
4.196473136985220265e+01
4.158902892082218017e+01
4.121560083141609709e+01
4.084444710163398184e+01
4.047556773147582021e+01
4.010896272094161219e+01
3.974463207003135778e+01
3.938257577874505699e+01
3.902279384708271692e+01
3.866528627504433757e+01
3.831005306262989762e+01
3.795709420983942550e+01
3.760640971667291410e+01
3.725799958313035631e+01
3.691186380921175214e+01
3.656800239491709448e+01
3.622641534024640464e+01
3.588710264519966131e+01
3.555006430977688581e+01
3.521530033397805681e+01
3.488281071780317433e+01
3.455259546125225967e+01
3.422465456432530573e+01
3.389898802702230540e+01
3.357559584934325159e+01
3.325447803128815849e+01
3.293563457285702611e+01
3.261906547404983314e+01
3.230477073486661510e+01
3.199275035530734002e+01
3.168300433537201855e+01
3.137553267506066135e+01
3.107033537437325776e+01
3.076741243330982201e+01
3.046676385187031855e+01
3.016838963005478291e+01
2.987228976786320089e+01
2.957846426529557604e+01
2.928691312235191191e+01
2.899763633903220139e+01
2.871063391533643738e+01
2.842590585126463765e+01
2.814345214681679153e+01
2.786327280199289902e+01
2.758536781679296013e+01
2.730973719121698196e+01
2.703638092526495740e+01
2.676529901893688645e+01
2.649649147223278334e+01
2.622995828515261962e+01
2.596571710635313934e+01
2.570429711778616877e+01
2.544594560345555934e+01
2.519066256336130039e+01
2.493844799750338836e+01
2.468930190588183393e+01
2.444322428849663709e+01
2.420021514534778362e+01
2.396027447643528774e+01
2.372340228175914589e+01
2.348959856131935808e+01
2.325886331511592431e+01
2.303119654314884457e+01
2.280659824541811531e+01
2.258506842192373654e+01
2.236660707266570824e+01
2.215121419764404109e+01
2.193888979685873153e+01
2.172963387030976534e+01
2.152344641799715319e+01
2.132032743992089863e+01
2.112027693608098744e+01
2.092329490647744450e+01
2.072938135111024138e+01
2.053853626997939941e+01
2.035075966308490791e+01
2.016605153042677401e+01
1.998441187200498348e+01
1.980584068781955409e+01
1.963033797787047519e+01
1.945790374215775032e+01
1.928853798068137948e+01
1.912224069344136268e+01
1.895901188043769281e+01
1.879885154167038408e+01
1.864175967713942228e+01
1.848773628684481452e+01
1.833678137078656079e+01
1.818889492896466109e+01
1.804407696137911543e+01
1.790344302714298053e+01
1.777058021749004979e+01
1.764575976960476567e+01
1.752898168348713881e+01
1.742024595913716567e+01
1.731955259655484269e+01
1.722690159574017699e+01
1.714229295669316144e+01
1.706572667941379962e+01
1.699720276390209150e+01
1.693672121015804066e+01
1.688428201818164354e+01
1.683988518797289302e+01
1.680353071953179978e+01
1.677521861285836025e+01
1.675494886795257088e+01
1.674272148481443878e+01
1.673853646344396040e+01
1.674239380384113218e+01
1.675429350600595768e+01
1.677423556993843690e+01
1.680221999563856983e+01
1.683824678310636003e+01
1.688231593234180039e+01
1.693442744334489447e+01
1.699458131611563516e+01
1.706277755065403667e+01
1.713901614696009190e+01
1.722329710503380085e+01
1.731562042487515996e+01
1.741598610648417278e+01
1.752439414986083932e+01
1.764084455500515958e+01
1.776533732191713355e+01
1.789787245059675769e+01
1.803844994104403909e+01
1.818706979325897777e+01
1.834373200724155950e+01
1.850843658299180206e+01
1.868118352050969477e+01
1.886077086667804537e+01
1.903980312409750297e+01
1.921701656409315362e+01
1.939241118666500086e+01
1.956598699181303758e+01
1.973774397953727444e+01
1.990768214983770434e+01
2.007580150271432373e+01
2.024210203816714682e+01
2.040658375619615583e+01
2.056924665680136854e+01
2.073009073998277074e+01
2.088911600574035887e+01
2.104632245407415425e+01
2.120171008498413556e+01
2.135527889847031702e+01
2.150702889453269506e+01
2.165696007317125904e+01
2.180507243438602316e+01
2.195136597817698032e+01
2.209584070454413407e+01
2.223849661348748441e+01
2.237933370500702068e+01
2.251835197910275710e+01
2.265555143577469366e+01
2.279093207502280904e+01
2.292449389684713523e+01
2.305623690124764380e+01
2.318616108822435251e+01
2.331426645777725781e+01
2.344055300990635615e+01
2.356502074461165108e+01
2.368766966189313194e+01
2.380849976175081295e+01
2.392751104418469410e+01
2.404470350919475763e+01
2.416007715678102130e+01
2.427363198694348156e+01
2.438536799968213842e+01
2.449528519499698476e+01
2.460338357288802769e+01
2.470966313335526365e+01
2.481412387639869621e+01
2.491676580201832536e+01
2.501758891021414044e+01
2.511659320098615567e+01
2.521377867433436748e+01
2.530914533025877233e+01
2.540269316875937022e+01
2.549442218983616115e+01
2.558433239348915222e+01
2.567242377971832923e+01
2.575869634852370638e+01
2.584315009990528011e+01
2.592578503386304689e+01
2.600660115039701026e+01
2.608559844950716311e+01
2.616277693119350900e+01
2.623813659545605503e+01
2.631167744229478700e+01
2.638339947170972266e+01
2.645330268370085136e+01
2.652138707826816955e+01
2.658765265541168787e+01
2.665209941513140279e+01
2.671472735742730364e+01
2.677553648229940109e+01
2.683452678974770222e+01
2.689169827977218574e+01
2.694705095237287651e+01
2.700058480754974966e+01
2.705229984530282650e+01
2.710219606563208572e+01
2.715027346853754509e+01
2.719653205401920815e+01
2.724097182207705714e+01
2.728359277271110628e+01
2.732439490592134135e+01
2.736337822170777656e+01
2.740054272007040481e+01
2.743588840100922255e+01
2.746941526452424398e+01
2.750112331061545845e+01
2.753101253928286596e+01
2.755908295052646650e+01
2.758533454434625654e+01
2.760976732074225026e+01
2.763238127971443703e+01
2.765317642126282038e+01
2.767215274538738967e+01
2.768931025208815200e+01
2.770464894136511447e+01
2.771816881321827708e+01
2.772986986764762563e+01
2.773975210465317787e+01
2.774781552423491604e+01
2.775406012639285080e+01
2.775848591112698216e+01
2.776109287843730300e+01
2.776188102832382043e+01
2.776085036078653800e+01
2.775800087582544862e+01
2.775333257344054516e+01
2.774684545363184540e+01
2.773853951639933157e+01
2.772841476174301789e+01
2.771647118966289725e+01
2.770270880015897319e+01
2.768712759323124217e+01
2.766972756887971130e+01
2.765050872710436636e+01
2.762947106790522156e+01
2.760661459128226625e+01
2.758193929723551108e+01
2.755544518576494539e+01
2.752713225687057985e+01
2.749700051055240380e+01
2.746504994681042433e+01
2.743128056564464146e+01
2.739569236705504451e+01
2.735828535104165127e+01
2.731905951760444751e+01
2.727801486674344034e+01
2.723515139845862976e+01
2.719046911275000866e+01
2.714396800961758771e+01
2.709564808906135980e+01
2.704550935108132137e+01
2.699355179567748309e+01
2.693977542284983784e+01
2.688418023259838918e+01
2.682676622492312646e+01
2.676753339982406743e+01
2.670648175730119789e+01
2.664361129735452494e+01
2.657892201998404857e+01
2.651241392518976170e+01
2.644408701297167141e+01
2.637394128332977772e+01
2.630197673626407351e+01
2.622819337177457300e+01
2.615259118986125486e+01
2.607517019052414042e+01
2.599740968574662503e+01
2.592078898751211113e+01
2.584530809582060940e+01
2.577096701067210560e+01
2.569776573206662107e+01
2.562570426000413448e+01
2.555478259448464939e+01
2.548500073550817646e+01
2.541635868307471213e+01
2.534885643718424930e+01
2.528249399783679152e+01
2.521727136503233879e+01
2.515318853877088756e+01
2.509024551905246270e+01
2.502844230587702867e+01
2.496777889924459970e+01
2.490825529915517933e+01
2.484987150560876756e+01
2.479262751860536440e+01
2.473652333814496274e+01
2.468155896422756257e+01
2.462773439685317811e+01
2.457504963602178805e+01
2.452350468173341369e+01
2.447309953398804439e+01
2.442383419278568013e+01
2.437570865812632093e+01
2.432872293000996677e+01
2.428287700843662122e+01
2.423817089340628073e+01
2.419460458491894528e+01
2.415217808297461488e+01
2.411089138757329309e+01
2.407074449871498345e+01
2.403173741639966821e+01
2.399387014062736512e+01
2.395714267139806708e+01
2.392155500871177054e+01
2.388710715256848971e+01
2.385379910296820682e+01
2.382163085991093610e+01
2.379060242339666331e+01
2.376071379342540268e+01
2.373196496999715066e+01
2.370435595311190013e+01
2.367788674276965111e+01
2.365255733897041779e+01
2.362836774171418597e+01
2.360531795100096630e+01
2.358340796683074458e+01
2.356263778920352792e+01
2.354300741811932696e+01
2.352451685357812039e+01
2.350716609557992953e+01
2.349095514412474017e+01
2.347588399921255586e+01
2.346195266084337661e+01
2.344916112901720595e+01
2.343750940373404390e+01
2.342699748499388690e+01
2.341704404782834104e+01
2.340706776726901950e+01
2.339706864331592584e+01
2.338704667596904940e+01
2.337700186522839374e+01
2.336693421109396596e+01
2.335684371356576250e+01
2.334673037264377626e+01
2.333659418832801791e+01
2.332643516061847677e+01
2.331625328951516707e+01
2.330604857501807459e+01
2.329582101712720643e+01
2.328557061584255905e+01
2.327529737116413955e+01
2.326500128309193371e+01
2.325468235162596287e+01
2.324434057676620924e+01
2.323397595851267639e+01
2.322358849686536786e+01
2.321317819182428366e+01
2.320274504338942734e+01
2.319228905156078113e+01
2.318181021633836991e+01
2.317130853772217947e+01
2.316078401571220624e+01
2.315023665030845734e+01
2.313966644151093632e+01
2.312907338931963608e+01
2.311845749373455661e+01
2.310781875475569791e+01
2.309715717238306709e+01
2.308647274661665705e+01
2.307576547745646778e+01
2.306503536490250639e+01
2.305428240895477288e+01
2.304350660961324593e+01
2.303270796687795752e+01
2.302188648074888633e+01
2.301104215122603946e+01
2.300017497830940982e+01
2.298928496199901161e+01
2.297837210229483063e+01
2.296743639919687396e+01
2.295647785270514163e+01
2.294549646281962652e+01
2.293449222954034283e+01
2.292346515286727637e+01
2.291241523280043424e+01
2.290134246933981288e+01
2.289024686248541585e+01
2.287912841223724669e+01
2.286798711859529831e+01
2.285682298155956715e+01
2.284563600113006387e+01
2.283442617730678492e+01
2.282319351008972674e+01
2.281193799947888934e+01
2.280065964547428337e+01
2.278935844807589106e+01
2.277803440728372308e+01
2.276668752309778299e+01
2.275531779551806011e+01
2.274392522454455801e+01
2.273250981017728378e+01
2.272107155241623389e+01
2.270961045126140831e+01
2.269812650671279997e+01
2.268661971877041950e+01
2.267509008743425625e+01
2.266353761270432088e+01
2.265196229458060628e+01
2.264036413306311957e+01
2.262874312815185007e+01
2.261709927984681201e+01
2.260543258814798051e+01
2.259374305305538044e+01
2.258203067456900826e+01
2.257029545268885684e+01
2.255853738741492620e+01
2.254675647874721989e+01
2.253495272668573435e+01
2.252312613123047669e+01
2.251127669238143270e+01
2.249940441013861658e+01
2.248750928450203190e+01
2.247559131547165734e+01
2.246365050304751065e+01
2.245168684722958830e+01
2.243970034801788671e+01
2.242769100541240945e+01
2.241565881941315652e+01
2.240360379002012792e+01
2.239152591723331653e+01
2.237942520105272948e+01
2.236730164147836675e+01
2.235515523851023190e+01
2.234298599214831071e+01
2.233079390239261031e+01
2.231857896924314844e+01
2.230634119269989668e+01
2.229408057276287281e+01
2.228179710943206970e+01
2.226949080270749448e+01
2.225716165258914003e+01
2.224480965907700281e+01
2.223243482217109346e+01
2.222003714187141199e+01
2.220761661817794419e+01
2.219517325109070072e+01
2.218270704060968157e+01
2.217021798673488675e+01
2.215770608946631626e+01
2.214517134880396299e+01
2.213261376474784115e+01
2.212003333729794008e+01
2.210743006645424913e+01
2.209480395221679672e+01
2.208215499458556508e+01
2.206948319356055421e+01
2.205680669035419328e+01
2.204414362617892564e+01
2.203149400103473354e+01
2.201885781492163474e+01
2.200623506783961503e+01
2.199362575978868861e+01
2.198102989076884839e+01
2.196844746078008370e+01
2.195587846982240166e+01
2.194332291789581291e+01
2.193078080500030680e+01
2.191825213113589044e+01
2.190573689630255672e+01
2.189323510050030919e+01
2.188074674372914430e+01
2.186827182598906205e+01
2.185581034728007666e+01
2.184336230760216679e+01
2.183092770695533957e+01
2.181850654533960565e+01
2.180609882275495792e+01
2.179370453920138928e+01
2.178132369467890683e+01
2.176895628918751413e+01
2.175660232272720052e+01
2.174426179529797665e+01
2.173193470689983542e+01
2.171962105753278038e+01
2.170732084719681154e+01
2.169503407589192889e+01
2.168276074361812178e+01
2.167050085037541507e+01
2.165825439616378745e+01
2.164602138098324247e+01
2.163380180483378368e+01
2.162159566771541108e+01
2.160940296962812113e+01
2.159722371057192447e+01
2.158505789054680335e+01
2.157290550955277197e+01
2.156076656758983034e+01
2.154864106465796425e+01
2.153652900075719145e+01
2.152443037588750130e+01
2.151234519004889734e+01
2.150027344324137601e+01
2.148821513546494089e+01
2.147617026671959195e+01
2.146413883700532921e+01
2.145212084632214911e+01
2.144011629467005875e+01
2.142812518204905103e+01
2.141614750845912596e+01
2.140418327390028708e+01
2.139223247837253439e+01
2.138029512187586789e+01
2.136837120441028759e+01
2.135646072597579348e+01
2.134456368657237846e+01
2.133268008620005318e+01
2.132080992485881410e+01
2.130895320254866121e+01
2.129710991926958386e+01
2.128528007502159980e+01
2.127346366980470194e+01
2.126166070361889382e+01
2.124987117646416479e+01
2.123809508834051485e+01
2.122633243924795821e+01
2.121458322918648776e+01
2.120284745815609639e+01
2.119112512615679478e+01
2.117941623318857935e+01
2.116772077925144657e+01
2.115603876434539998e+01
2.114437018847043959e+01
2.113271505162656183e+01
2.112107335381377382e+01
2.110944509503206490e+01
2.109783027528144572e+01
2.108622889456191274e+01
2.107464095287346595e+01
2.106306645021610180e+01
2.105150538658981674e+01
2.103995776199462853e+01
2.102842357643051585e+01
2.101690282989749292e+01
2.100539552239555974e+01
2.099390165392470919e+01
2.098242122448493774e+01
2.097095423407625603e+01
2.095950068269865696e+01
2.094806057035214408e+01
2.093663389703672095e+01
2.092522066275238046e+01
2.091382086749912261e+01
2.090243451127695096e+01
2.089106159408586905e+01
2.087970211592586978e+01
2.086835607679695315e+01
2.085702347669912982e+01
2.084570431563238202e+01
2.083439859359672397e+01
2.082310631059215211e+01
2.081182746661865934e+01
2.080056206167625987e+01
2.078931009576493949e+01
2.077807156888470530e+01
2.076684648103556441e+01
2.075563483221749905e+01
2.074443662243052344e+01
2.073325185167463047e+01
2.072208051994982725e+01
2.071092262725610667e+01
2.069977817359346872e+01
2.068864715896192052e+01
2.067752958336145852e+01
2.066642544679207560e+01
2.065533474925378243e+01
2.064425749074657190e+01
2.063319367127045467e+01
2.062214329082541653e+01
2.061110634941145747e+01
2.060008284702859171e+01
2.058907278367680860e+01
2.057807615935611523e+01
2.056709297406650450e+01
2.055612322780797641e+01
2.054516692058053451e+01
2.053422405238417525e+01
2.052329462321890574e+01
2.051237863308471887e+01
2.050147608198162175e+01
2.049058696990960371e+01
2.047971129686867542e+01
2.046884906285883332e+01
2.045800026788007386e+01
2.044716491193240060e+01
2.043634299501580998e+01
2.042553451713030199e+01
2.041473947827588731e+01
2.040395787845255882e+01
2.039318971766030941e+01
2.038243499589914975e+01
2.037169371316906918e+01
2.036096586947007836e+01
2.035025146480217018e+01
2.033955049916535174e+01
2.032886297255961239e+01
2.031818888498496634e+01
2.030752823644139937e+01
2.029688102692892571e+01
2.028624725644752758e+01
2.027562692499721919e+01
2.026502003257799345e+01
2.025442657918985390e+01
2.024384656483280409e+01
2.023327998950683337e+01
2.022272685321195240e+01
2.021218715594815407e+01
2.020166089771544193e+01
2.019114807851381244e+01
2.018064869834327268e+01
2.017016275720381913e+01
2.015969025509544466e+01
2.014923119201815993e+01
2.013878556797196140e+01
2.012835338295684551e+01
2.011793463697281581e+01
2.010752933001986875e+01
2.009713746209800789e+01
2.008675903320723677e+01
2.007639404334755184e+01
2.006604249251894601e+01
2.005570438072142991e+01
2.004537970795499291e+01
2.003506847421964210e+01
2.002477067951538103e+01
2.001448632384220261e+01
2.000421540720011393e+01
1.999395792958910434e+01
1.998371389100918449e+01
1.997348329146034729e+01
1.996326613094260338e+01
1.995306240945593146e+01
1.994287212700035283e+01
1.993269528357586040e+01
1.992253187918245061e+01
1.991238191382012346e+01
1.990224538748888250e+01
1.989212230018873484e+01
1.988201265191966627e+01
1.987191644268167678e+01
1.986183367247478415e+01
1.985176434129896705e+01
1.984170844915424325e+01
1.983166599604060210e+01
1.982163698195804358e+01
1.981162140690657125e+01
1.980161927088619223e+01
1.979163057389688518e+01
1.978165531593867144e+01
1.977169349701154033e+01
1.976174511711549542e+01
1.975181017625053315e+01
1.974188867441666062e+01
1.973198061161387429e+01
1.972208598784216704e+01
1.971220480310154599e+01
1.970233705739201469e+01
1.969248275071356602e+01
1.968264188306620710e+01
1.967281445444992727e+01
1.966300046486473718e+01
1.965319991431063329e+01
1.964341280278760493e+01
1.963363913029566632e+01
1.962387889683481745e+01
1.961413210240505478e+01
1.960439874700637120e+01
1.959467883063877736e+01
1.958497235330226616e+01
1.957527931499684470e+01
1.956559971572250589e+01
1.955593355547924972e+01
1.954628083426707974e+01
1.953664155208599595e+01
1.952701570893599836e+01
1.951740330481708696e+01
1.950780433972926176e+01
1.949821881367251919e+01
1.948864672664685571e+01
1.947908807865228908e+01
1.946954286968880155e+01
1.946001109975640020e+01
1.945049276885508149e+01
1.944098787698485253e+01
1.943149642414570977e+01
1.942201841033764964e+01
1.941255383556067216e+01
1.940310269981478086e+01
1.939366500309997576e+01
1.938424074541625686e+01
1.937482992676362414e+01
1.936543254714207407e+01
1.935604860655161374e+01
1.934667810499223961e+01
1.933732104246394812e+01
1.932797741896673571e+01
1.931864723450061661e+01
1.930933048906557659e+01
1.930002718266162631e+01
1.929073731528876223e+01
1.928146088694698079e+01
1.927219789763628199e+01
1.926294834735667294e+01
1.925371223610815008e+01
1.924448956389070986e+01
1.923528033070435228e+01
1.922608453654908445e+01
1.921690218142489925e+01
1.920773326533180381e+01
1.919857778826979100e+01
1.918943575023886439e+01
1.918030715123902041e+01
1.917119199127026263e+01
1.916209027033258749e+01
1.915300198842600210e+01
1.914392714555050290e+01
1.913486574170608634e+01
1.912581777689275242e+01
1.911678325111050825e+01
1.910776216435934316e+01
1.909875451663927137e+01
1.908976030795027867e+01
1.908077953829237572e+01
1.907181220766555896e+01
1.906285831606982484e+01
1.905391786350517336e+01
1.904499084997161162e+01
1.903607727546913253e+01
1.902717713999773963e+01
1.901829044355743292e+01
1.900941718614821241e+01
1.900055736777007453e+01
1.899171098842301930e+01
1.898287804810705737e+01
1.897405854682217097e+01
1.896525248456837787e+01
1.895645986134566385e+01
1.894768067715404314e+01
1.893891493199350151e+01
1.893016262586404608e+01
1.892142375876568039e+01
1.891269833069839379e+01
1.890398634166219338e+01
1.889528779165708272e+01
1.888660268068305115e+01
1.887793100874010577e+01
1.886927277582825013e+01
1.886062798194748069e+01
1.885199662709779389e+01
1.884337871127918973e+01
1.883477423449167176e+01
1.882618319673524354e+01
1.881760559800989441e+01
1.880904143831563502e+01
1.880049071765245827e+01
1.879195343602036772e+01
1.878342959341936336e+01
1.877491918984944519e+01
1.876642222531060611e+01
1.875793869980286033e+01
1.874946861332619363e+01
1.874101196588061669e+01
1.873256875746612238e+01
1.872413898808271782e+01
1.871572265773039589e+01
1.870731976640915661e+01
1.869893031411900708e+01
1.869055430085993663e+01
1.868219172663195238e+01
1.867384259143505432e+01
1.866550689526924600e+01
1.865718463813452388e+01
1.864887582003088085e+01
1.864058044095832756e+01
1.863229850091685691e+01
1.862402999990647245e+01
1.861577493792717419e+01
1.860753331497895857e+01
1.859930513106183270e+01
1.859109038617578591e+01
1.858288908032082887e+01
1.857470121349695447e+01
1.856652678570416981e+01
1.855836579694246069e+01
1.855021824721185197e+01
1.854208413651231879e+01
1.853396346484387180e+01
1.852585623220650746e+01
1.851776243860023641e+01
1.850968208402504445e+01
1.850161516848093868e+01
1.849356169196792266e+01
1.848552165448598217e+01
1.847749505603512787e+01
1.846948189661536333e+01
1.846148217622669208e+01
1.845349589486909636e+01
1.844552305254258684e+01
1.843756364924716351e+01
1.842961768498282638e+01
1.842168515974956833e+01
1.841376607354740713e+01
1.840586042637632502e+01
1.839796821823632555e+01
1.839008944912741228e+01
1.838222411904958875e+01
1.837437222800284786e+01
1.836653377598719317e+01
1.835870876300262822e+01
1.835089718904913880e+01
1.834309905412673558e+01
1.833531435823542566e+01
1.832754310137519482e+01
1.831978528354605018e+01
1.831204090474798818e+01
1.830430996498101948e+01
1.829659246424512986e+01
1.828888840254032999e+01
1.828119777986661276e+01
1.827352059622397817e+01
1.826585685161242978e+01
1.825820654603197113e+01
1.825056967948259512e+01
1.824294625196430530e+01
1.823533626347709813e+01
1.822773971402097715e+01
1.822015660359593880e+01
1.821258693220199021e+01
1.820503069983913136e+01
1.819748790650734804e+01
1.818995855220665092e+01
1.818244263693704355e+01
1.817494016069851881e+01
1.816745112349108382e+01
1.815997552531473147e+01
1.815251336616946176e+01
1.814506464605527825e+01
1.813762936497218092e+01
1.813020752292016979e+01
1.812279911989924130e+01
1.811540415590940611e+01
1.810802263095064646e+01
1.810065454502297655e+01
1.809329989812639283e+01
1.808595869026088820e+01
1.807863092142647687e+01
1.807131659162315174e+01
1.806401570085090214e+01
1.805672824910974583e+01
1.804945423639967217e+01
1.804219366272068470e+01
1.803494652807277987e+01
1.802771283245595768e+01
1.802049257587022879e+01
1.801328575831558254e+01
1.800609237979201893e+01
1.799891244029954152e+01
1.799174593983815029e+01
1.798459287840784526e+01
1.797745325600862287e+01
1.797032707264049023e+01
1.796321432830344023e+01
1.795611502299747286e+01
1.794902915672259525e+01
1.794195672947879672e+01
1.793489774126608793e+01
1.792785219208446534e+01
1.792082008193392895e+01
1.791380141081447519e+01
1.790679617872610407e+01
1.789980438566882270e+01
1.789282603164262397e+01
1.788586111664751144e+01
1.787890964068348865e+01
1.787197160375054494e+01
1.786504700584868743e+01
1.785813584697791612e+01
1.785123812713823099e+01
1.784435384632963206e+01
1.783748300455211577e+01
1.783062560180568568e+01
1.782378163809033822e+01
1.781695111340608406e+01
1.781013402775290899e+01
1.780333038113082011e+01
1.779654017353981743e+01
1.778976340497989739e+01
1.778300007545106709e+01
1.777625018495331943e+01
1.776951373348665442e+01
1.776279072105107915e+01
1.775608114764658652e+01
1.774938501327318363e+01
1.774270231793085628e+01
1.773603306161962223e+01
1.772937724433947437e+01
1.772273486609040560e+01
1.771610592687242658e+01
1.770949042668553375e+01
1.770288836552972356e+01
1.769629974340499601e+01
1.768972456031135820e+01
1.768316281624880659e+01
1.767661451121733762e+01
1.767007964521695129e+01
1.766355821824765826e+01
1.765705023030944432e+01
1.765055568140231301e+01
1.764407457152627501e+01
1.763760690068131964e+01
1.763115266886745047e+01
1.762471187608466039e+01
1.761828452233296005e+01
1.761187060761234235e+01
1.760547013192281440e+01
1.759908309526436909e+01
1.759270949763700997e+01
1.758634933904073350e+01
1.758000261947554677e+01
1.757366933894144267e+01
1.756734949743842122e+01
1.756104309496649307e+01
1.755475013152564401e+01
1.754847060711587758e+01
1.754220452173720091e+01
1.753595187538961042e+01
1.752971266807310258e+01
1.752348689978767737e+01
1.751727457053334547e+01
1.751107568031009620e+01
1.750489022911792603e+01
1.749871821695684915e+01
1.749255964382685491e+01
1.748641450972794331e+01
1.748028281466011791e+01
1.747416455862337870e+01
1.746805974161772212e+01
1.746196836364315530e+01
1.745589042469967112e+01
1.744982592478727312e+01
1.744377486390596133e+01
1.743773724205573217e+01
1.743171305923658920e+01
1.742570231544853243e+01
1.741970501069156541e+01
1.741372114496567747e+01
1.740775071827087572e+01
1.740178889921823568e+01
1.739583085641882931e+01
1.738987658987266727e+01
1.738392609957973889e+01
1.737797938554004773e+01
1.737203644775359024e+01
1.736609728622036997e+01
1.736016190094039047e+01
1.735423029191364819e+01
1.734830245914014313e+01
1.734237840261987174e+01
1.733645812235284112e+01
1.733054161833904416e+01
1.732462889057848798e+01
1.731871993907116547e+01
1.731281476381708373e+01
1.730691336481623566e+01
1.730101574206862125e+01
1.729512189557425472e+01
1.728923182533311476e+01
1.728334553134521556e+01
1.727746301361055359e+01
1.727158427212913239e+01
1.726570930690094485e+01
1.725983811792599099e+01
1.725397070520428144e+01
1.724810706873580202e+01
1.724224720852056336e+01
1.723639112455856193e+01
1.723053881684979416e+01
1.722469028539426716e+01
1.721884553019197384e+01
1.721300455124292128e+01
1.720716734854710239e+01
1.720133392210452428e+01
1.719550427191518338e+01
1.718967839797907615e+01
1.718385630029620614e+01
1.717803797886657691e+01
1.717222343369017779e+01
1.716641266476702654e+01
1.716060567209710186e+01
1.715480245568041795e+01
1.714900301551697481e+01
1.714320735160676534e+01
1.713741546394979309e+01
1.713162735254605806e+01
1.712584301739556025e+01
1.712006245849829611e+01
1.711428567585427629e+01
1.710851266946348659e+01
1.710274343932593766e+01
1.709697798544162595e+01
1.709121630781054790e+01
1.708545840643271063e+01
1.707970428130810703e+01
1.707395393243674420e+01
1.706820735981861858e+01
1.706246456345372664e+01
1.705672554334207547e+01
1.705099029948365796e+01
1.704525883187847413e+01
1.703953114052653461e+01
1.703380722542783232e+01
1.702808708658236370e+01
1.702237072399013229e+01
1.701665813765113811e+01
1.701094932756538114e+01
1.700524429373286139e+01
1.699954303615358242e+01
1.699384555482753001e+01
1.698815184975472192e+01
1.698246192093515106e+01
1.697677576836881741e+01
1.697109339205572098e+01
1.696541479199585822e+01
1.695973996818923624e+01
1.695406892063585147e+01
1.694840164933570392e+01
1.694273815428879004e+01
1.693707843549511693e+01
1.693142249295467749e+01
1.692577032666747527e+01
1.692012193663351027e+01
1.691447732285278605e+01
1.690883648532529548e+01
1.690319942405104570e+01
1.689756613903002602e+01
1.689193663026225067e+01
1.688631089774771254e+01
1.688068894148640098e+01
1.687507076147833374e+01
1.686945635772351082e+01
1.686384573022191091e+01
1.685823887897355888e+01
1.685263580397843697e+01
1.684703650523655583e+01
1.684144098274790835e+01
1.683584923651250165e+01
1.683026126653033216e+01
1.682467707280139635e+01
1.681909665532570131e+01
1.681352001410324348e+01
1.680794714913401933e+01
1.680237806041803239e+01
1.679681274795528267e+01
1.679125121174577373e+01
1.678569345178949845e+01
1.678013946808646395e+01
1.677458926063666311e+01
1.676904282944009950e+01
1.676350017449677310e+01
1.675796129580668392e+01
1.675242619336983196e+01
1.674689486718621723e+01
1.674136731725583971e+01
1.673584354357869941e+01
1.673032354615479278e+01
1.672480732498413047e+01
1.671929488006669473e+01
1.671378621140250331e+01
1.670828131899155267e+01
1.670278020283383213e+01
1.669728286292934882e+01
1.669178929927810628e+01
1.668629951188009741e+01
1.668081350073532931e+01
1.667533126584379488e+01
1.666985280720550122e+01
1.666437812482043768e+01
1.665890721868861846e+01
1.665344008881003290e+01
1.664797673518468812e+01
1.664251715781257701e+01
1.663706135669369957e+01
1.663160933182806289e+01
1.662616108321566699e+01
1.662071661085650476e+01
1.661527591475057974e+01
1.660983899489789195e+01
1.660440585129843782e+01
1.659897648395222802e+01
1.659355089285924834e+01
1.658812907801950942e+01
1.658271103943300417e+01
1.657729677709973970e+01
1.657188629101970534e+01
1.656647958119291530e+01
1.656107664761936604e+01
1.655567749029904334e+01
1.655028210923196852e+01
1.654489050441812381e+01
1.653950267585751277e+01
1.653411862355014605e+01
1.652873834749601656e+01
1.652336184769512073e+01
1.651798912414745857e+01
1.651262017685303718e+01
1.650725500581185656e+01
1.650189361102390606e+01
1.649653599248919988e+01
1.649118215020772382e+01
1.648583208417948853e+01
1.648048579440449046e+01
1.647514328088272961e+01
1.646980454361420243e+01
1.646446958259891247e+01
1.645913839783686328e+01
1.645381098932805131e+01
1.644848735707247656e+01
1.644316750107013547e+01
1.643785142132103516e+01
1.643253911782516852e+01
1.642723059058253909e+01
1.642192583959315044e+01
1.641662486485699546e+01
1.641132766637407769e+01
1.640603424414439715e+01
1.640074459816795382e+01
1.639545872844475127e+01
1.639017663497477884e+01
1.638489831775804717e+01
1.637962377679455628e+01
1.637435301208429550e+01
1.636908602362727905e+01
1.636382281142349271e+01
1.635856337547294714e+01
1.635330771577563880e+01
1.634805583233156767e+01
1.634280772514073377e+01
1.633756339420313353e+01
1.633232283951877051e+01
1.632708606108764471e+01
1.632185305890975968e+01
1.631662383298511187e+01
1.631139838331369418e+01
1.630617670989552437e+01
1.630095881273058467e+01
1.629574469181887864e+01
1.629053434716042048e+01
1.628532777875518889e+01
1.628012498660319807e+01
1.627492597070444802e+01
1.626973073105893164e+01
1.626453926766664893e+01
1.625935158052760698e+01
1.625416766964180582e+01
1.624898753500923476e+01
1.624381117662990448e+01
1.623863859450381142e+01
1.623346978863095202e+01
1.622830475901133696e+01
1.622314350564494845e+01
1.621798602853180427e+01
1.621283232767189730e+01
1.620768240306522401e+01
1.620253625471179149e+01
1.619739388261159263e+01
1.619225528676463099e+01
1.618712046717090658e+01
1.618198942383042294e+01
1.617686215674317296e+01
1.617173866590916020e+01
1.616661895132838467e+01
1.616150301300084990e+01
1.615639085092654881e+01
1.615128246510548493e+01
1.614617785553765827e+01
1.614107702222306884e+01
1.613597996516171662e+01
1.613088668435359807e+01
1.612579717979872029e+01
1.612071145149707618e+01
1.611562949944867640e+01
1.611055132365351028e+01
1.610547692411157783e+01
1.610040630082288615e+01
1.609533945378742814e+01
1.609027638300521090e+01
1.608521708847622378e+01
1.608016157020048098e+01
1.607510982817797540e+01
1.607006186240870349e+01
1.606501767289266880e+01
1.605997725962987133e+01
1.605494062262031463e+01
1.604990776186399160e+01
1.604487867736090223e+01
1.603985336911105719e+01
1.603483183711444582e+01
1.602981408137106811e+01
1.602480010188093473e+01
1.601978989864403147e+01
1.601478347166036897e+01
1.600978082092994725e+01
1.600478194645275565e+01
1.599978684822880126e+01
1.599479552625808765e+01
1.598980798054061303e+01
1.598482421107636675e+01
1.597984421786536480e+01
1.597486800090759829e+01
1.596989556020307077e+01
1.596492689575178048e+01
1.595996200755371852e+01
1.595500089560890444e+01
1.595004355991732226e+01
1.594509000047897551e+01
1.594014021729386954e+01
1.593519421036200256e+01
1.593025197968336570e+01
1.592531352525797139e+01
1.592037884708581252e+01
1.591544794516689088e+01
1.591052081950120645e+01
1.590559747008875746e+01
1.590067789692954570e+01
1.589576210002357470e+01
1.589085007937083738e+01
1.588594183497133727e+01
1.588103736682507616e+01
1.587613667493204872e+01
1.587123975929226027e+01
1.586634661990571260e+01
1.586145725677239682e+01
1.585657166989232003e+01
1.585168985926547691e+01
1.584681182489187279e+01
1.584193756677150944e+01
1.583706708490438153e+01
1.583220037929049084e+01
1.582733744992983560e+01
1.582247829682241758e+01
1.581762291996823500e+01
1.581277131936728964e+01
1.580792349501958682e+01
1.580307944692511413e+01
1.579823917508388398e+01
1.579340267949588750e+01
1.578856996016113179e+01
1.578374101707961152e+01
1.577891585025132493e+01
1.577409445967627732e+01
1.576927684535446872e+01
1.576446300728589733e+01
1.575965294547055784e+01
1.575484665990845912e+01
1.575004415059959939e+01
1.574524541754397156e+01
1.574045046074158805e+01
1.573565928019243643e+01
1.573087187589652203e+01
1.572608824785384485e+01
1.572130839606440667e+01
1.571653232052820570e+01
1.571176002124524018e+01
1.570699149821550833e+01
1.570222675143901725e+01
1.569746578091576517e+01
1.569270858664575030e+01
1.568795516862896555e+01
1.568320552686542513e+01
1.567845966135512015e+01
1.567371757209805239e+01
1.566897925909422007e+01
1.566424472234362497e+01
1.565951396184626709e+01
1.565478697760214821e+01
1.565006376961126122e+01
1.564534433787361678e+01
1.564062868238920778e+01
1.563591680315803245e+01
1.563120870018010145e+01
1.562650437345540055e+01
1.562180382298394044e+01
1.561710704876571754e+01
1.561241405080072830e+01
1.560772482908897985e+01
1.560303938363046861e+01
1.559835771442519281e+01
1.559367982147315423e+01
1.558900570477434933e+01
1.558433536432878519e+01
1.557966880013645827e+01
1.557500601219737035e+01
1.557034700051151610e+01
1.556569176507889907e+01
1.556104030589951925e+01
1.555639262297337666e+01
1.555174871630047306e+01
1.554710858588080491e+01
1.554247223171436865e+01
1.553783965380118026e+01
1.553321085214122199e+01
1.552858582673450272e+01
1.552396457758101889e+01
1.551934710468077228e+01
1.551473340803376644e+01
1.551012348763999071e+01
1.550551734349945754e+01
1.550091497561216514e+01
1.549631638397810107e+01
1.549172156859727778e+01
1.548713052946969349e+01
1.548254326659534286e+01
1.547795977997423122e+01
1.547338006960635504e+01
1.546880413549171784e+01
1.546423197763031609e+01
1.545966359602215334e+01
1.545509899066722603e+01
1.545053816156553417e+01
1.544598110871708307e+01
1.544142783212186743e+01
1.543687833177988900e+01
1.543233260769114779e+01
1.542779065985564557e+01
1.542325248827337703e+01
1.541871809294434570e+01
1.541418747386855514e+01
1.540966063104599826e+01
1.540513756447668037e+01
1.540061827416059614e+01
1.539610276009774914e+01
1.539159102228814646e+01
1.538708306073177390e+01
1.538257887542863855e+01
1.537807846637874221e+01
1.537358183358208130e+01
1.536908897703865762e+01
1.536459989674847293e+01
1.536011459271152546e+01
1.535563306492781344e+01
1.535115531339734218e+01
1.534668133812010282e+01
1.534221113909610246e+01
1.533774471632534286e+01
1.533328206980780806e+01
1.532882319954352290e+01
1.532436810553247142e+01
1.531991678777465893e+01
1.531546924627007833e+01
1.531102548101873673e+01
1.530658549202063590e+01
1.530214927927576873e+01
1.529771684278414057e+01
1.529328818254574607e+01
1.528886329856059234e+01
1.528444219082867228e+01
1.528002485934998944e+01
1.527561130412454382e+01
1.527120152515233897e+01
1.526679552243336602e+01
1.526239329596763739e+01
1.525799484575513887e+01
1.525360017179587935e+01
1.524920927408985705e+01
1.524482215263707197e+01
1.524043880743752588e+01
1.523605923849121346e+01
1.523168344579814182e+01
1.522731142935830384e+01
1.522294318917170486e+01
1.521857872523834310e+01
1.521421803755822033e+01
1.520986112613132946e+01
1.520550799095767580e+01
1.520115863203726292e+01
1.519681304937008548e+01
1.519247124295614526e+01
1.518813321279544226e+01
1.518379895888797648e+01
1.517946848123374970e+01
1.517514177983275658e+01
1.517081885468500069e+01
1.516649970579048379e+01
1.516218433314920233e+01
1.515787273676115987e+01
1.515356491662635463e+01
1.514926087274478483e+01
1.514496060511645226e+01
1.514066411374135690e+01
1.513637139861949521e+01
1.513208245975087607e+01
1.512779729713549415e+01
1.512351591077334412e+01
1.511923830066443308e+01
1.511496446680876105e+01
1.511069440920632800e+01
1.510642812785712863e+01
1.510216562276116647e+01
1.509790689391843976e+01
1.509365194132895382e+01
1.508940076499270155e+01
1.508515336490969005e+01
1.508090974107991400e+01
1.507666989350337161e+01
1.507243382218007000e+01
1.506820152711000382e+01
1.506397300829317842e+01
1.505974826572958669e+01
1.505552729941923218e+01
1.505131010936211666e+01
1.504709669555823481e+01
1.504288705800759374e+01
1.503868119671018810e+01
1.503447911166601614e+01
1.503028080287508494e+01
1.502608627033739097e+01
1.502189551405293599e+01
1.501770853402171291e+01
1.501352533024373059e+01
1.500934590271898550e+01
1.500517025144747407e+01
1.500099837642920519e+01
1.499683027766416643e+01
1.499266595515236666e+01
1.498850540889380767e+01
1.498434863888848234e+01
1.498019564513639779e+01
1.497604642763754512e+01
1.497190098639193323e+01
1.496775932139956033e+01
1.496362143266041933e+01
1.495948732017451732e+01
1.495535698394185253e+01
1.495123042396242674e+01
1.494710764023623284e+01
1.494298863276328149e+01
1.493887340154356558e+01
1.493476194657708511e+01
1.493065426786384364e+01
1.492655036540383762e+01
1.492245023919707059e+01
1.491835388924353900e+01
1.491426131554324641e+01
1.491017251809618749e+01
1.490608749690236934e+01
1.490200625196178663e+01
1.489792878327444114e+01
1.489385509084033288e+01
1.488978517465946005e+01
1.488571903473182445e+01
1.488165667105742784e+01
1.487759808363626846e+01
1.487354327246834629e+01
1.486949223755365779e+01
1.486544497889220828e+01
1.486140149648399778e+01
1.485736179032902271e+01
1.485332586042728309e+01
1.484929370677878246e+01
1.484526532938351906e+01
1.484124072824149110e+01
1.483721990335270213e+01
1.483320285471714683e+01
1.482918958233483231e+01
1.482518008620575500e+01
1.482117436632991314e+01
1.481717242270730850e+01
1.481317425533794463e+01
1.480917986422180910e+01
1.480518924935891611e+01
1.480120241074926213e+01
1.479721934839284359e+01
1.479324006228965871e+01
1.478926455243971638e+01
1.478529281884300772e+01
1.478132486149953806e+01
1.477736068040930562e+01
1.477340027557230684e+01
1.476944364698854528e+01
1.476549079465802627e+01
1.476154171858074093e+01
1.475759641875669104e+01
1.475365489518587836e+01
1.474971714786830290e+01
1.474578317680396644e+01
1.474185298199286898e+01
1.473792656343500340e+01
1.473400392113037860e+01
1.473008505507898747e+01
1.472616996528083533e+01
1.472225865173592041e+01
1.471835111444424271e+01
1.471444735340580223e+01
1.471054736862059897e+01
1.470665116008863293e+01
1.470275872780990234e+01
1.469887007178441252e+01
1.469498519201215636e+01
1.469110408849313387e+01
1.468722676122735571e+01
1.468335321021481121e+01
1.467948343545550216e+01
1.467561743694943210e+01
1.467175521469659927e+01
1.466789676869700543e+01
1.466404209895064348e+01
1.466019120545752230e+01
1.465634408821763834e+01
1.465250074723099161e+01
1.464866118249758031e+01
1.464482539401740624e+01
1.464099338179046939e+01
1.463716514581676975e+01
1.463334068609630556e+01
1.462952000262908214e+01
1.462570309541509417e+01
1.462188996445434341e+01
1.461808060974682810e+01
1.461427503129255001e+01
1.461047322909151092e+01
1.460667520314370726e+01
1.460288095344914083e+01
1.459909048000781340e+01
1.459530378281972141e+01
1.459152086188486663e+01
1.458774171720324730e+01
1.458396634877486875e+01
1.458019475659972208e+01
1.457642694067781797e+01
1.457266290100914752e+01
1.456890263759371607e+01
1.456514615043152006e+01
1.456139343952255949e+01
1.455764450486683970e+01
1.455389934646435890e+01
1.455015796431510999e+01
1.454642035841910008e+01
1.454268652877632562e+01
1.453895647538679015e+01
1.453523019825049190e+01
1.453150769736743086e+01
1.452778897273760528e+01
1.452407402436101691e+01
1.452036285223766754e+01
1.451665545636755184e+01
1.451295183675067690e+01
1.450925199338703919e+01
1.450555592627663337e+01
1.450186363541947010e+01
1.449817512081554227e+01
1.449449038246484989e+01
1.449080942036739650e+01
1.448713223452317855e+01
1.448345882493219960e+01
1.447978919159445610e+01
1.447612333450994981e+01
1.447246125367868075e+01
1.446880294910064890e+01
1.446514842077585428e+01
1.446149766870429687e+01
1.445785069288597668e+01
1.445420749332089372e+01
1.445056807000904620e+01
1.444693242295043767e+01
1.444330055214506459e+01
1.443967245759293228e+01
1.443604813929403008e+01
1.443242759724837043e+01
1.442881083145594800e+01
1.442519784191675924e+01
1.442158862863081126e+01
1.441798319159809694e+01
1.441438153081862161e+01
1.441078364629238351e+01
1.440718953801938085e+01
1.440359920599961896e+01
1.440001265023309074e+01
1.439642987071979796e+01
1.439285086745974596e+01
1.438927564045292939e+01
1.438570418969935005e+01
1.438213651519900793e+01
1.437857261695190125e+01
1.437501249495803535e+01
1.437145614921740133e+01
1.436790357973001164e+01
1.436435478649585207e+01
1.436080976951493327e+01
1.435726852878724813e+01
1.435373106431280377e+01
1.435019737609159307e+01
1.434666746412362315e+01
1.434314132840888689e+01
1.433961896894739141e+01
1.433610038573912959e+01
1.433258557878410855e+01
1.432907454808232117e+01
1.432556729363377102e+01
1.432206381543845808e+01
1.431856411349638591e+01
1.431506818780754742e+01
1.431157603837194614e+01
1.430808766518958208e+01
1.430460306826045525e+01
1.430112224758456563e+01
1.429764520316191323e+01
1.429417193499249805e+01
1.429070244307631654e+01
1.428723672741337758e+01
1.428377478800367228e+01
1.428031662484720421e+01
1.427686223794397691e+01
1.427341162729398150e+01
1.426996479289722330e+01
1.426652173475370944e+01
1.426308245286342569e+01
1.425964694722637915e+01
1.425621521784256984e+01
1.425278726471199953e+01
1.424936308783466643e+01
1.424594268721057055e+01
1.424252606283971190e+01
1.423911321472208868e+01
1.423570414285770092e+01
1.423229884724655392e+01
1.422889732788864237e+01
1.422549958478396803e+01
1.422210561793252914e+01
1.421871542733432925e+01
1.421532901298936835e+01
1.421194637489764112e+01
1.420856751305915111e+01
1.420519242747390010e+01
1.420182111814188453e+01
1.419845358506310617e+01
1.419508982823756504e+01
1.419172984766526469e+01
1.418837364334619622e+01
1.418502121528036497e+01
1.418167256346777449e+01
1.417832768790841946e+01
1.417498658860229810e+01
1.417164926554941751e+01
1.416831571874977236e+01
1.416498594820336621e+01
1.416165995391019550e+01
1.415833773587026201e+01
1.415501929408356574e+01
1.415170462855010669e+01
1.414839373926988486e+01
1.414508662624290203e+01
1.414178328946915286e+01
1.413848372894864269e+01
1.413518794468136619e+01
1.413189593666733046e+01
1.412860770490653195e+01
1.412532324939896888e+01
1.412204257014464304e+01
1.411876566714355619e+01
1.411549254039570300e+01
1.411222318990109059e+01
1.410895761565971540e+01
1.410569581767157032e+01
1.410243779593666957e+01
1.409918355045500249e+01
1.409593308122657618e+01
1.409268638825138353e+01
1.408944347152942811e+01
1.408620433106070990e+01
1.408296896684523070e+01
1.407973737888298693e+01
1.407650956717397861e+01
1.407328553171820928e+01
1.407006527251567718e+01
1.406684878956638229e+01
1.406363608287032463e+01
1.406042715242750241e+01
1.405722199823791740e+01
1.405402062030157140e+01
1.405082301861846261e+01
1.404762919318858749e+01
1.404443914401195315e+01
1.404125287108855247e+01
1.403807037441839256e+01
1.403489165400146632e+01
1.403171670983777908e+01
1.402854554192732905e+01
1.402537815027011447e+01
1.402221453486613889e+01
1.401905469571539697e+01
1.401589863281789761e+01
1.401274634617363013e+01
1.400959783578260343e+01
1.400645310164481216e+01
1.400331214376025812e+01
1.400017496212893953e+01
1.399704155675086170e+01
1.399391192762601577e+01
1.399078607475441238e+01
1.398766399813604266e+01
1.398454569777091194e+01
1.398143117365901666e+01
1.397832042580035861e+01
1.397521345419493777e+01
1.397211025884275415e+01
1.396901083974380953e+01
1.396591519689809857e+01
1.396282333030562484e+01
1.395973523996639187e+01
1.395665092588039258e+01
1.395357038804763405e+01
1.395049362646810920e+01
1.394742064114182156e+01
1.394435143206877115e+01
1.394128599924895795e+01
1.393822434268238375e+01
1.393516646236904322e+01
1.393211235830894168e+01
1.392906203050207736e+01
1.392601547894845027e+01
1.392297270364805861e+01
1.391993370460090418e+01
1.391689848180698874e+01
1.391386703526631052e+01
1.391083936497886953e+01
1.390781547094466220e+01
1.390479535316369564e+01
1.390177901163596452e+01
1.389876644636146708e+01
1.389575765734021218e+01
1.389275264457219095e+01
1.388975140805741049e+01
1.388675394779586370e+01
1.388376026378755590e+01
1.388077035603248355e+01
1.387778422453065019e+01
1.387480186928205406e+01
1.387182329028669159e+01
1.386884848754456812e+01
1.386587746105568186e+01
1.386291021082003461e+01
1.385994673683762102e+01
1.385698703910844465e+01
1.385403111763250728e+01
1.385107897240980535e+01
1.384813060344034241e+01
1.384518601072411492e+01
1.384224519426112820e+01
1.383930815405136983e+01
1.383637489009485932e+01
1.383344540239157894e+01
1.383051969094153755e+01
1.382759775574473338e+01
1.382467959680116465e+01
1.382176521411083669e+01
1.381885460767374241e+01
1.381594777748988889e+01
1.381304472355926549e+01
1.381014544588188464e+01
1.380724994445774101e+01
1.380435821928683282e+01
1.380147027036916185e+01
1.379858609770472455e+01
1.379570570129352980e+01
1.379282908113557049e+01
1.378995623723084663e+01
1.378708716957936176e+01
1.378422187818111055e+01
1.378136036303610190e+01
1.377850262414432692e+01
1.377564866150579093e+01
1.377279847512048860e+01
1.376995206498842705e+01
1.376710943110959917e+01
1.376427057348401561e+01
1.376143549211165862e+01
1.375860418699254240e+01
1.375577665812666694e+01
1.375295290551402339e+01
1.375013292915462415e+01
1.374731672904845503e+01
1.374450430519552491e+01
1.374169565759583378e+01
1.373889078624937632e+01
1.373608969115615608e+01
1.373329237231617661e+01
1.373049882972943081e+01
1.372770906339592578e+01
1.372492307331565442e+01
1.372214085948862206e+01
1.371936242191482691e+01
1.371658776059426543e+01
1.371381687552694473e+01
1.371104976671285769e+01
1.370828643415201320e+01
1.370552687784440238e+01
1.370277109779002700e+01
1.370001909398889062e+01
1.369727086644098968e+01
1.369452641514632774e+01
1.369178574010490124e+01
1.368904884131671551e+01
1.368631571878176345e+01
1.368358637250004861e+01
1.368086080247157099e+01
1.367813900869633237e+01
1.367542099117432919e+01
1.367270674990556145e+01
1.366999628489003449e+01
1.366728959612774119e+01
1.366458668361868867e+01
1.366188754736286981e+01
1.365919218736028817e+01
1.365650060361094553e+01
1.365381279611483656e+01
1.365112876487197013e+01
1.364844850988233560e+01
1.364577203114594184e+01
1.364309932866278174e+01
1.364043040243286242e+01
1.363776525245617677e+01
1.363510387873273189e+01
1.363244628126251889e+01
1.362979246004554668e+01
1.362714241508180990e+01
1.362449614637131212e+01
1.362185365391405156e+01
1.361921493771002289e+01
1.361657999775923678e+01
1.361394883406168610e+01
1.361132144661737442e+01
1.360869783542629818e+01
1.360607800048845561e+01
1.360346194180385559e+01
1.360084965937248924e+01
1.359824115319436366e+01
1.359563642326947175e+01
1.359303546959781706e+01
1.359043829217939958e+01
1.358784489101421755e+01
1.358525526610227629e+01
1.358266941744357048e+01
1.358008734503810189e+01
1.357750904888587051e+01
1.357493452898687636e+01
1.357236378534111587e+01
1.356979681794859793e+01
1.356723362680931189e+01
1.356467421192326661e+01
1.356211857329045856e+01
1.355956671091088239e+01
1.355701862478455055e+01
1.355447431491145061e+01
1.355193378129158788e+01
1.354939702392496415e+01
1.354686404281157941e+01
1.354433483795142834e+01
1.354180940934451449e+01
1.353928775699083964e+01
1.353676988089040201e+01
1.353425578104319982e+01
1.353174545744923485e+01
1.352923891010850888e+01
1.352673613902101657e+01
1.352423714418676326e+01
1.352174192560574717e+01
1.351925048327796830e+01
1.351676281720342665e+01
1.351427892738211867e+01
1.351179881381405323e+01
1.350932247649922147e+01
1.350684991543762870e+01
1.350438113062926959e+01
1.350191612207414948e+01
1.349945488977226837e+01
1.349699743372362093e+01
1.349454375392821603e+01
1.349209385038604125e+01
1.348964772309710547e+01
1.348720537206141046e+01
1.348476679727894911e+01
1.348233199874972499e+01
1.347990097647373986e+01
1.347747373045099017e+01
1.347505026068147771e+01
1.347263056716520246e+01
1.347021464990216444e+01
1.346780250889236363e+01
1.346539414413579827e+01
1.346298955563247368e+01
1.346058874338238454e+01
1.345819170738552906e+01
1.345579844764191613e+01
1.345340896415153509e+01
1.345102325691439482e+01
1.344864132593049000e+01
1.344626317119982595e+01
1.344388879272239201e+01
1.344151819049820062e+01
1.343915136452724290e+01
1.343678831480952240e+01
1.343442904134504268e+01
1.343207354413379484e+01
1.342972182317578955e+01
1.342737387847101793e+01
1.342502971001948531e+01
1.342268931782118635e+01
1.342035270187612817e+01
1.341801986218430365e+01
1.341569079874571813e+01
1.341336551156037160e+01
1.341104400062825697e+01
1.340872626594938488e+01
1.340641230752374469e+01
1.340410212535134526e+01
1.340179571943218306e+01
1.339949308976625808e+01
1.339719423635356677e+01
1.339489915919411445e+01
1.339260785828789935e+01
1.339032033363492324e+01
1.338803658523518259e+01
1.338575661308867559e+01
1.338348041719541293e+01
1.338120799755538037e+01
1.337893935416859037e+01
1.337667448703503226e+01
1.337441339615471492e+01
1.337215608152763302e+01
1.336990254315378834e+01
1.336765278103318444e+01
1.336540679516581065e+01
1.336316458555167763e+01
1.336092615219078361e+01
1.335869149508312326e+01
1.335646061422870190e+01
1.335423350962751599e+01
1.335201018127956907e+01
1.334979062918485937e+01
1.334757485334338334e+01
1.334536285375514808e+01
1.334315463042014827e+01
1.334095018333838567e+01
1.333874951250986030e+01
1.333655261793457214e+01
1.333435949961252120e+01
1.333217015754370571e+01
1.332998459172812922e+01
1.332780280216579172e+01
1.332562478885668256e+01
1.332345055180081772e+01
1.332128009099819366e+01
1.331911340644879971e+01
1.331695049815264120e+01
1.331479136610972525e+01
1.331263601032004651e+01
