1.971172364216901769e+03
1.976941911349602151e+03
1.982665359388810202e+03
1.988342935770486520e+03
1.993974867930596020e+03
1.999561383305099525e+03
2.005102709329960589e+03
2.010599073441139808e+03
2.016050703074600278e+03
2.021457825666305098e+03
2.026820668652216909e+03
2.032139459468296991e+03
2.037414425550507758e+03
2.042645794334812763e+03
2.047833793257173284e+03
2.052978649753551963e+03
2.058080591259911671e+03
2.063139845212213913e+03
2.068156639046422242e+03
2.073131200198498846e+03
2.078063756104404547e+03
2.082954534200103353e+03
2.087803761921557452e+03
2.092611666704728577e+03
2.097378475985580735e+03
2.102104417200074295e+03
2.106789717784172808e+03
2.111434605173838008e+03
2.116039306805032538e+03
2.120604050113719040e+03
2.125129062535860157e+03
2.129614571507418532e+03
2.134060804464354078e+03
2.138467988842632167e+03
2.142836352078214077e+03
2.147166121607061996e+03
2.151457524865139021e+03
2.155710789288406431e+03
2.159926142312827778e+03
2.164103811374363886e+03
2.168244023908979216e+03
2.172347007352635501e+03
2.176412989141294020e+03
2.180442196710917869e+03
2.184434857497469693e+03
2.188391198936910769e+03
2.192311448465206013e+03
2.196195833518315794e+03
2.200044581532202301e+03
2.203857919942828630e+03
2.207636076186157425e+03
2.211379277698151327e+03
2.215087751914771616e+03
2.218761726271980478e+03
2.222401428205741922e+03
2.226007085152017225e+03
2.229578924546769940e+03
2.233117173825960435e+03
2.236622060425552263e+03
2.240093811781508066e+03
2.243532655329790487e+03
2.246938818506361258e+03
2.250312528747182114e+03
2.253654013488217061e+03
2.256963500165427376e+03
2.260241216214775704e+03
2.263487389072225142e+03
2.266702246173736057e+03
2.269886014955273367e+03
2.273038922852798351e+03
2.276161197302273195e+03
2.279253065739660997e+03
2.282314755600922581e+03
2.285346494322021954e+03
2.288348509338920849e+03
2.291321028087581908e+03
2.294264278003967775e+03
2.297178486524040636e+03
2.300063881083761316e+03
2.302920689119095186e+03
2.305749138066001706e+03
2.308549455360444881e+03
2.311321868438388265e+03
2.314066604735791316e+03
2.316783891688618496e+03
2.319473956732831539e+03
2.322137027304393541e+03
2.324773330839265782e+03
2.327383094897439150e+03
2.329966570038027839e+03
2.332524056603471308e+03
2.335055861441193429e+03
2.337562291398618072e+03
2.340043653323168201e+03
2.342500254062268596e+03
2.344932400463341764e+03
2.347340399373812943e+03
2.349724557641104184e+03
2.352085182112639359e+03
2.354422579635842339e+03
2.356737057058136998e+03
2.359028921226947205e+03
2.361298478989695013e+03
2.363546037193805205e+03
2.365771902686703015e+03
2.367976382315809133e+03
2.370159782928549248e+03
2.372322411372345869e+03
2.374464574494623321e+03
2.376586579142804112e+03
2.378688732164313933e+03
2.380771340406574382e+03
2.382834710717010239e+03
2.384879149943045377e+03
2.386904964932101848e+03
2.388912462531604433e+03
2.390901949588977004e+03
2.392873732951643433e+03
2.394828119467026227e+03
2.396765415982549712e+03
2.398685929345636850e+03
2.400589966403711514e+03
2.402477834004198940e+03
2.404349838994520724e+03
2.406206288222101648e+03
2.408047488534364220e+03
2.409873746778732766e+03
2.411685369802632067e+03
2.413482689358375410e+03
2.415266323500925409e+03
2.417037073480598337e+03
2.418795743533572022e+03
2.420543137896021562e+03
2.422280060804124787e+03
2.424007316494058614e+03
2.425725709201998143e+03
2.427436043164122566e+03
2.429139122616606073e+03
2.430835751795627857e+03
2.432526734937364381e+03
2.434212876277990290e+03
2.435894980053683867e+03
2.437573850500622029e+03
2.439250291854980787e+03
2.440925108352938423e+03
2.442599104230670036e+03
2.444273083724353000e+03
2.445947851070163324e+03
2.447624210504279290e+03
2.449302966262876907e+03
2.450984922582132640e+03
2.452670883698223406e+03
2.454361653847327034e+03
2.456058037265618168e+03
2.457760838189275091e+03
2.459470860854474722e+03
2.461188909497393979e+03
2.462915788354207507e+03
2.464652301661093588e+03
2.466399253654229597e+03
2.468157448569791995e+03
2.469927690643955884e+03
2.471710784112900456e+03
2.473507533212801263e+03
2.475318742179835226e+03
2.477145215250179263e+03
2.478987756660008472e+03
2.480847170645502956e+03
2.482724241661273027e+03
2.484619285517624121e+03
2.486532141658845831e+03
2.488462628203194527e+03
2.490410563268930218e+03
2.492375764974310187e+03
2.494358051437590348e+03
2.496357240777030256e+03
2.498373151110886738e+03
2.500405600557416165e+03
2.502454407234878090e+03
2.504519389261528886e+03
2.506600364755626742e+03
2.508697151835429395e+03
2.510809568619194579e+03
2.512937433225179575e+03
2.515080563771640755e+03
2.517238778376837672e+03
2.519411895159027154e+03
2.521599732236467844e+03
2.523802107727415660e+03
2.526018839750129700e+03
2.528249746422864973e+03
2.530494645863882852e+03
2.532753356191438797e+03
2.535025695523791001e+03
2.537311481979195833e+03
2.539610533675912848e+03
2.541922668732197963e+03
2.544247705266309822e+03
2.546585461396506162e+03
2.548935755241044262e+03
2.551298404918181404e+03
2.553673228546174869e+03
2.556060044243283301e+03
2.558458670127764435e+03
2.560868924317874644e+03
2.563290624931873481e+03
2.565723590088016408e+03
2.568167637904562071e+03
2.570622586499768204e+03
2.573088253991892998e+03
2.575564458499191915e+03
2.578051018139924508e+03
2.580547751032348515e+03
2.583054475294720305e+03
2.585571009045297615e+03
2.588097170402339998e+03
2.590632777484102462e+03
2.593177648408843652e+03
2.595731601294822212e+03
2.598294454260294060e+03
2.600866025423517840e+03
2.603446132902751742e+03
2.606034594816251683e+03
2.608631229282276763e+03
2.611235854419083807e+03
2.613848288344930552e+03
2.616468349178075187e+03
2.619095855036774083e+03
2.621730624039286795e+03
2.624372474303868785e+03
2.627021223948779152e+03
2.629676691092275178e+03
2.632338693852614142e+03
2.635007050348053781e+03
2.637681578696851375e+03
2.640362097017266024e+03
2.643048423427554098e+03
2.645740376045972880e+03
2.648437772990781014e+03
2.651140432380236234e+03
2.653848172332594459e+03
2.656560810966114332e+03
2.659278166399054044e+03
2.662000056749670875e+03
2.664726300136222562e+03
2.667456714676965476e+03
2.670191118490159170e+03
2.672929329694060016e+03
2.675671166406925749e+03
2.678416446747014106e+03
2.681164988832582821e+03
2.683916610781889631e+03
2.686671130713191815e+03
2.689428366744747109e+03
2.692188136994814158e+03
2.694950259581648425e+03
2.697714552623509007e+03
2.700480834238653642e+03
2.703248922545338701e+03
2.706018635661824192e+03
2.708789791706365122e+03
2.711562208797219682e+03
2.714335705052647427e+03
2.717110098590903362e+03
2.719885207530247044e+03
2.722660849988934388e+03
2.725436844085224948e+03
2.728213007937374641e+03
2.730989159663641658e+03
2.733765117382284643e+03
2.736540699211559513e+03
2.739315723269725368e+03
2.742090007675037668e+03
2.744863370545756879e+03
2.747635630000138917e+03
2.750406604156442427e+03
2.753176111132923779e+03
2.755943969047841165e+03
2.758709996019452319e+03
2.761474010166014523e+03
2.764235829605784602e+03
2.766995272457023475e+03
2.769752156837985694e+03
2.772506300866929450e+03
2.775257522662112024e+03
2.778005640341792514e+03
2.780750472024226838e+03
2.783491835827673640e+03
2.786229549870390656e+03
2.788963432270634257e+03
2.791693301146663089e+03
2.794418974616735795e+03
2.797140270799108293e+03
2.799857007812037864e+03
2.802569003773784516e+03
2.805276076802602802e+03
2.807978045016753640e+03
2.810674726534491583e+03
2.813365939474076185e+03
2.816051501953763818e+03
2.818731232091812672e+03
2.821404948006479572e+03
2.824072467816024982e+03
2.826733609638704365e+03
2.829388191592774547e+03
2.832036031796494626e+03
2.834676948368121430e+03
2.837310759425912693e+03
2.839937283088127060e+03
2.842556337473019994e+03
2.845167740698851503e+03
2.847771360194277349e+03
2.850367260629552220e+03
2.852955555985331102e+03
2.855536360242267619e+03
2.858109787381016758e+03
2.860675951382233052e+03
2.863234966226569668e+03
2.865786945894681139e+03
2.868332004367222453e+03
2.870870255624847687e+03
2.873401813648210464e+03
2.875926792417966226e+03
2.878445305914768142e+03
2.880957468119271653e+03
2.883463393012130382e+03
2.885963194573998408e+03
2.888456986785530717e+03
2.890944883627381842e+03
2.893426999080204041e+03
2.895903447124653212e+03
2.898374341741383432e+03
2.900839796911051053e+03
2.903299926614306969e+03
2.905754844831806167e+03
2.908204665544204545e+03
2.910649502732155725e+03
2.913089470376313329e+03
2.915524682457331892e+03
2.917955252955866399e+03
2.920381295852570474e+03
2.922802925128098650e+03
2.925220254763105913e+03
2.927633398738245887e+03
2.930042471034172195e+03
2.932447585631539823e+03
2.934848856511004215e+03
2.937246397653217173e+03
2.939640323038835049e+03
2.942030746648510558e+03
2.944417782462899140e+03
2.946801544462655784e+03
2.949182146628433202e+03
2.951559702940885927e+03
2.953934327380669856e+03
2.956306133928437248e+03
2.958675236564843544e+03
2.961041749270542368e+03
2.963405786026189617e+03
2.965767460812437093e+03
2.968126887609940695e+03
2.970484180399354500e+03
2.972839453161333495e+03
2.975192819876529938e+03
2.977544394525599728e+03
2.979894291089197395e+03
2.982242623547976564e+03
2.984589505882590856e+03
2.986935052073696170e+03
2.989279376101945672e+03
2.991622591947994806e+03
2.993964794214997255e+03
2.996305999996113314e+03
2.998646207007005160e+03
3.000985412963330418e+03
3.003323615580751721e+03
3.005660812574929878e+03
3.007997001661523882e+03
3.010332180556196363e+03
3.012666346974606313e+03
3.014999498632415452e+03
3.017331633245284138e+03
3.019662748528872271e+03
3.021992842198841117e+03
3.024321911970851488e+03
3.026649955560563285e+03
3.028976970683637319e+03
3.031302955055734856e+03
3.033627906392516252e+03
3.035951822409642318e+03
3.038274700822772047e+03
3.040596539347568523e+03
3.042917335699691193e+03
3.045237087594799959e+03
3.047555792748556541e+03
3.049873448876621296e+03
3.052190053694654580e+03
3.054505604918317204e+03
3.056820100263269069e+03
3.059133537445173260e+03
3.061445914179687406e+03
3.063757228182472772e+03
3.066067477169191534e+03
3.068376658855504047e+03
3.070684770957068849e+03
3.072991811189548116e+03
3.075297777268602658e+03
3.077602666909892378e+03
3.079906477829078540e+03
3.082209207741821501e+03
3.084510854363782073e+03
3.086811415410620612e+03
3.089110888597997473e+03
3.091409271641573014e+03
3.093706562257010773e+03
3.096002758159967016e+03
3.098297857066104370e+03
3.100591856691084104e+03
3.102884754750566117e+03
3.105176548960211221e+03
3.107467237035679318e+03
3.109756816692633038e+03
3.112045285646730463e+03
3.114332641613633768e+03
3.116618882309002856e+03
3.118904005448498992e+03
3.121188008747782987e+03
3.123470889922514289e+03
3.125752646688354616e+03
3.128033276760964327e+03
3.130312777856002413e+03
3.132591147689131958e+03
3.134868383976013774e+03
3.137144484432305035e+03
3.139419446773669733e+03
3.141693268715767772e+03
3.143965947974258597e+03
3.146237482264804385e+03
3.148507869303064581e+03
3.150777106804700452e+03
3.153045192485371899e+03
3.155312124060741098e+03
3.157577899246467496e+03
3.159842515758210538e+03
3.162105971311633311e+03
3.164368263622395261e+03
3.166629390406155835e+03
3.168889349378577663e+03
3.171148138255320191e+03
3.173405754752045596e+03
3.175662196584411504e+03
3.177917461468081456e+03
3.180171547118714898e+03
3.182424451251972641e+03
3.184676171583515043e+03
3.186926705829002003e+03
3.189176051704095698e+03
3.191424206924455575e+03
3.193671169205743354e+03
3.195916936263619846e+03
3.198161505813743588e+03
3.200404875571775847e+03
3.202647043253379707e+03
3.204888006574212341e+03
3.207127763249936834e+03
3.209366310996212633e+03
3.211603647528700094e+03
3.213839770563062757e+03
3.216074677814957340e+03
3.218308367000045564e+03
3.220540835833987785e+03
3.222772082032447088e+03
3.225002103311082465e+03
3.227230897385552453e+03
3.229458461971521956e+03
3.231684794784649057e+03
3.233909893540593202e+03
3.236133755955017477e+03
3.238356379743581329e+03
3.240577762621944657e+03
3.242797902305770549e+03
3.245016796510716631e+03
3.247234442952445534e+03
3.249450839346617158e+03
3.251665983408892316e+03
3.253879872854931364e+03
3.256092505400395567e+03
3.258303878760944372e+03
3.260513990652239954e+03
3.262722838789941761e+03
3.264930420889710149e+03
3.267136735271914404e+03
3.269341782675749528e+03
3.271545564445116725e+03
3.273748081923924019e+03
3.275949336456069432e+03
3.278149329385459623e+03
3.280348062055995797e+03
3.282545535811581431e+03
3.284741751996119092e+03
3.286936711953513168e+03
3.289130417027665771e+03
3.291322868562480835e+03
3.293514067901860926e+03
3.295704016389709068e+03
3.297892715369928283e+03
3.300080166186422503e+03
3.302266370183094295e+03
3.304451328703846684e+03
3.306635043092582237e+03
3.308817514693205339e+03
3.310998744849617651e+03
3.313178734905724014e+03
3.315357486205426540e+03
3.317535000092627797e+03
3.319711277911231264e+03
3.321886321005140417e+03
3.324060130718258733e+03
3.326232708394488782e+03
3.328404055377732675e+03
3.330574173011895709e+03
3.332743062640879089e+03
3.334910725608586745e+03
3.337077163258922155e+03
3.339242376935787888e+03
3.341406367983086056e+03
3.343569137744721502e+03
3.345730687564596792e+03
3.347891018786614495e+03
3.350050132754678998e+03
3.352208030812691959e+03
3.354364714304557765e+03
3.356520184574178074e+03
3.358674442965456819e+03
3.360827490822297023e+03
3.362979329488601707e+03
3.365129960308274349e+03
3.367279384625217517e+03
3.369427603783334689e+03
3.371574619126529342e+03
3.373720431998704044e+03
3.375865043743762271e+03
3.378008455705605684e+03
3.380150669228138668e+03
3.382291685655264700e+03
3.384431506330886350e+03
3.386570132598908003e+03
3.388707565803230409e+03
3.390843807287757045e+03
3.392978858396391843e+03
3.395112720473039190e+03
3.397245394861600289e+03
3.399376882905979528e+03
3.401507185950077201e+03
3.403636305337799513e+03
3.405764242413049033e+03
3.407890998519729237e+03
3.410016575001741785e+03
3.412140973202989244e+03
3.414264194467376001e+03
3.416386240138806897e+03
3.418507111561181773e+03
3.420626810078405924e+03
3.422745337034381009e+03
3.424862693773010506e+03
3.426978881638198800e+03
3.429093901973848006e+03
3.431207756123860690e+03
3.433320445432140332e+03
3.435431971242590862e+03
3.437542334899114394e+03
3.439651537745615315e+03
3.441759581125995737e+03
3.443866466384157775e+03
3.445972194864004905e+03
3.448076767909443333e+03
3.450180186864371990e+03
3.452282453072697081e+03
3.454383567878320719e+03
3.456483532625143653e+03
3.458582348657072544e+03
3.460680017318008595e+03
3.462776539951854829e+03
3.464871917902516088e+03
3.466966152513894485e+03
3.469059245129890769e+03
3.471151197094411600e+03
3.473242009751358637e+03
3.475331684444634902e+03
3.477420222518143873e+03
3.479507625315787664e+03
3.481593894181471114e+03
3.483679030459095429e+03
3.485763035492564995e+03
3.487845910625782381e+03
3.489927657202651062e+03
3.492008276567073608e+03
3.494087770062953041e+03
3.496166139034194202e+03
3.498243384824698751e+03
3.500319508778369709e+03
3.502394512239110099e+03
3.504468396550822945e+03
3.506541163057411723e+03
3.508612813102781274e+03
3.510683348030831439e+03
3.512752769185467059e+03
3.514821077910592066e+03
3.516888275550107210e+03
3.518954363447917331e+03
3.521019342947924997e+03
3.523083215394034141e+03
3.525145982130147786e+03
3.527207644500166680e+03
3.529268203847997484e+03
3.531327661517540491e+03
3.533386018852700545e+03
3.535443277197380212e+03
3.537499437895481606e+03
3.539554502290909568e+03
3.541608471727565302e+03
3.543661347549353650e+03
3.545713131100176724e+03
3.547763823723938003e+03
3.549813426764540509e+03
3.551861941565887264e+03
3.553909369471882201e+03
3.555955711826426977e+03
3.558000969973425526e+03
3.560045145256780870e+03
3.562088239020396486e+03
3.564130252608174942e+03
3.566171187364019715e+03
3.568211044631833374e+03
3.570249825755519851e+03
3.572287532078980348e+03
3.574324164946120618e+03
3.576359725700842318e+03
3.578394215687048927e+03
3.580427636248643012e+03
3.582459988729528504e+03
3.584491274473607973e+03
3.586521494824784895e+03
3.588550651126961839e+03
3.590578744724041371e+03
3.592605776959928789e+03
3.594631749178524842e+03
3.596656662723734826e+03
3.598680518939458580e+03
3.600703319169604583e+03
3.602725064758069948e+03
3.604745757048760879e+03
3.606765397385579945e+03
3.608783987112430623e+03
3.610801527573216845e+03
3.612818020111839360e+03
3.614833466072203464e+03
3.616847866798211271e+03
3.618861223633765348e+03
3.620873537922769628e+03
3.622884811009128043e+03
3.624895044236740887e+03
3.626904238949515275e+03
3.628912396491350137e+03
3.630919518206153043e+03
3.632925605437823378e+03
3.634930659530263711e+03
3.636934681827381155e+03
3.638937673673075096e+03
3.640939636411251740e+03
3.642940571385812291e+03
3.644940479940659316e+03
3.646939363419697656e+03
3.648937223166828062e+03
3.650934060525957648e+03
3.652929876840984889e+03
3.654924673455816446e+03
3.656918451714353523e+03
3.658911212960499142e+03
3.660902958538157691e+03
3.662893689791230372e+03
3.664883408063622937e+03
3.666872114699236135e+03
3.668859811041973444e+03
3.670846498435740614e+03
3.672832178224436575e+03
3.674816851751967533e+03
3.676800520362236512e+03
3.678783185399143349e+03
3.680764848206594706e+03
3.682745510128493152e+03
3.684725172508739888e+03
3.686703836691240213e+03
3.688681504019895328e+03
3.690658175838610077e+03
3.692633853491286118e+03
3.694608538321827837e+03
3.696582231674138256e+03
3.698554934892118126e+03
3.700526649319673197e+03
3.702497376300706037e+03
3.704467117179118759e+03
3.706435873298816659e+03
3.708403646003700487e+03
3.710370436637674629e+03
3.712336246544641199e+03
3.714301077068503218e+03
3.716264929553165530e+03
3.718227805342529791e+03
3.720189705780501299e+03
3.722150632210979438e+03
3.724110585977870869e+03
3.726069568425075886e+03
3.728027580896498421e+03
3.729984624736041951e+03
3.731940701287609954e+03
3.733895811895105908e+03
3.735849957902431470e+03
3.737803140653490573e+03
3.739755361492186694e+03
3.741706621762421491e+03
3.743656922808100717e+03
3.745606265973123755e+03
3.747554652601397265e+03
3.749502084036821543e+03
3.751448561623302339e+03
3.753394086704740857e+03
3.755338660625041484e+03
3.757282284728105424e+03
3.759224960357837972e+03
3.761166688858140787e+03
3.763107471572917348e+03
3.765047309846070675e+03
3.766986205021504702e+03
3.768924158443122906e+03
3.770861171454826035e+03
3.772797245400518477e+03
3.774732381624104619e+03
3.776666581469484754e+03
3.778599846280564179e+03
3.780532177401245917e+03
3.782463576175432081e+03
3.784394043947026603e+03
3.786323582059932050e+03
3.788252191858051901e+03
3.790179874685289633e+03
3.792106631885547358e+03
3.794032464802728100e+03
3.795957374780736245e+03
3.797881363163473452e+03
3.799804431294844107e+03
3.801726580518751689e+03
3.803647812179097855e+03
3.805568127619786083e+03
3.807487528184718940e+03
3.809406015217801269e+03
3.811323590062934727e+03
3.813240254064023247e+03
3.815156008564969397e+03
3.817070854909675745e+03
3.818984794442047132e+03
3.820897828505984762e+03
3.822809958445392567e+03
3.824721185604174025e+03
3.826631511326233067e+03
3.828540936955469533e+03
3.830449463835790084e+03
3.832357093311096378e+03
3.834263826725291437e+03
3.836169665422277831e+03
3.838074610745960399e+03
3.839978664040240801e+03
3.841881826649021605e+03
3.843784099916207651e+03
3.845685485185701509e+03
3.847585983801405291e+03
3.849485597107222475e+03
3.851384326447056992e+03
3.853282173164811866e+03
3.855179138604388754e+03
3.857075224109691590e+03
3.858970431024626123e+03
3.860864760693091739e+03
3.862758214458991915e+03
3.864650793666232858e+03
3.866542499658713496e+03
3.868433333780339126e+03
3.870323297375014590e+03
3.872212391786638818e+03
3.874100618359118016e+03
3.875987978436354297e+03
3.877874473362251592e+03
3.879760104480711107e+03
3.881644873135638136e+03
3.883528780670934339e+03
3.885411828430504556e+03
3.887294017758249993e+03
3.889175349998074125e+03
3.891055826493880431e+03
3.892935448589571934e+03
3.894814217629052109e+03
3.896692134956223981e+03
3.898569201914989662e+03
3.900445419849253994e+03
3.902320790102918181e+03
3.904195314019886155e+03
3.906068992944061392e+03
3.907941828219348281e+03
3.909813821189646660e+03
3.911684973198860916e+03
3.913555285590895892e+03
3.915424759709652790e+03
3.917293396899034633e+03
3.919161198502946263e+03
3.921028165865289793e+03
3.922894300329968246e+03
3.924759603240884189e+03
3.926624075941942010e+03
3.928487719777044276e+03
3.930350536090094010e+03
3.932212526224993326e+03
3.934073691525646154e+03
3.935934033335956428e+03
3.937793552999826716e+03
3.939652251861159584e+03
3.941510131263858057e+03
3.943367192551826975e+03
3.945223437068966632e+03
3.947078866159182780e+03
3.948933481166377078e+03
3.950787283434453002e+03
3.952640274307312666e+03
3.954492455128862275e+03
3.956343827243001670e+03
3.958194391993635236e+03
3.960044150724665997e+03
3.961893104779996065e+03
3.963741255503529828e+03
3.965588604239170309e+03
3.967435152330821438e+03
3.969280901122383511e+03
3.971125851957762734e+03
3.972970006180859400e+03
3.974813365135579716e+03
3.976655930165823520e+03
3.978497702615497019e+03
3.980338683828500507e+03
3.982178875148739280e+03
3.984018277920115906e+03
3.985856893486533409e+03
3.987694723191892990e+03
3.989531768380102221e+03
3.991368030395059577e+03
3.993203510580670809e+03
3.995038210280836211e+03
3.996872130839462443e+03
3.998705273600450710e+03
4.000537639907705397e+03
4.002369231105128620e+03
4.004200048536622944e+03
4.006030093546091393e+03
4.007859367477439264e+03
4.009687871674568214e+03
4.011515607481380812e+03
4.013342576241780080e+03
4.015168779299670859e+03
4.016994217998954809e+03
4.018818893683535862e+03
4.020642807697316130e+03
4.022465961384198181e+03
4.024288356088086857e+03
4.026109993152884726e+03
4.027930873922495266e+03
4.029750999740821044e+03
4.031570371951764173e+03
4.033388991899229040e+03
4.035206860927119124e+03
4.037023980379337445e+03
4.038840351599786118e+03
4.040655975932368619e+03
4.042470854720986608e+03
4.044284989309546290e+03
4.046098381041948414e+03
4.047911031262098277e+03
4.049722941313896627e+03
4.051534112541247850e+03
4.053344546288054062e+03
4.055154243898220102e+03
4.056963206715647630e+03
4.058771436084239667e+03
4.060578933347900602e+03
4.062385699850532546e+03
4.064191736936038524e+03
4.065997045948322466e+03
4.067801628231286486e+03
4.069605485128834061e+03
4.071408617984867305e+03
4.073211028143292879e+03
4.075012716948009711e+03
4.076813685742923553e+03
4.078613935871936064e+03
4.080413468678951176e+03
4.082212285507871457e+03
4.084010387702600838e+03
4.085807776607041433e+03
4.087604453565096264e+03
4.089400419920669265e+03
4.091195677017663002e+03
4.092990226199981407e+03
4.094784068811526595e+03
4.096577206196201587e+03
4.098369639697911225e+03
4.100161370660556713e+03
4.101952400428041074e+03
4.103742730344270058e+03
4.105532361753143050e+03
4.107321295998565802e+03
4.109109534424440426e+03
4.110897078374670855e+03
4.112683929193158292e+03
4.114470088223807579e+03
4.116255556810521739e+03
4.118040336297202884e+03
4.119824428027755857e+03
4.121607833346081861e+03
4.123390553596083919e+03
4.125172590121666872e+03
4.126953944266732833e+03
4.128734617375184826e+03
4.130514610790927691e+03
4.132293925857860813e+03
4.134072563919890854e+03
4.135850526320919016e+03
4.137627814404849232e+03
4.139404429515584525e+03
4.141180372997027007e+03
4.142955646193081520e+03
4.144730250447648359e+03
4.146504187104635093e+03
4.148277457507941108e+03
4.150050063001470335e+03
4.151822004929126706e+03
4.153593284634813244e+03
4.155363903462432063e+03
4.157133862755886184e+03
4.158903163859080450e+03
4.160671808115916065e+03
4.162439796870296959e+03
4.164207131466127976e+03
4.165973813247309408e+03
4.167739843557744280e+03
4.169505223741338341e+03
4.171269955141992796e+03
4.173034039103610667e+03
4.174797476970096795e+03
4.176560270085352386e+03
4.178322419793281369e+03
4.180083927437786770e+03
4.181844794362772518e+03
4.183605021912139819e+03
4.185364611429791694e+03
4.187123564259633895e+03
4.188881881745567625e+03
4.190639565231497727e+03
4.192396616061323584e+03
4.194153035578952768e+03
4.195908825128284661e+03
4.197663986053225017e+03
4.199418519697675947e+03
4.201172427405541384e+03
4.202925710520720713e+03
4.204678370387122413e+03
4.206430408348647688e+03
4.208181825749197742e+03
4.209932623932676506e+03
4.211682804242987913e+03
4.213432368024035895e+03
4.215181316619721656e+03
4.216929651373949127e+03
4.218677373630620423e+03
4.220424484733640384e+03
4.222170986026912942e+03
4.223916878854337483e+03
4.225662164559820667e+03
4.227406844487261878e+03
4.229150919980568688e+03
4.230894392383641389e+03
4.232637263040383914e+03
4.234379533294699286e+03
4.236121204490490527e+03
4.237862277971659751e+03
4.239602754921065753e+03
4.241342635877378598e+03
4.243081921218225034e+03
4.244820611321229080e+03
4.246558706564014756e+03
4.248296207324211537e+03
4.250033113979440714e+03
4.251769426907330853e+03
4.253505146485505065e+03
4.255240273091588278e+03
4.256974807103207240e+03
4.258708748897987789e+03
4.260442098853553034e+03
4.262174857347530633e+03
4.263907024757542786e+03
4.265638601461220787e+03
4.267369587836182291e+03
4.269099984260057681e+03
4.270829791110470978e+03
4.272559008765048020e+03
4.274287637601413735e+03
4.276015677997192142e+03
4.277743130330009990e+03
4.279469994977492206e+03
4.281196272317265539e+03
4.282921962726953097e+03
4.284647066584182539e+03
4.286371584266576065e+03
4.288095516151761331e+03
4.289818862617362356e+03
4.291541624041005889e+03
4.293263800800315948e+03
4.294985393272919282e+03
4.296706401836439909e+03
4.298426826868503667e+03
4.300146668746736395e+03
4.301865927848763022e+03
4.303584604552207566e+03
4.305302699234696775e+03
4.307020212273854668e+03
4.308737144047309812e+03
4.310453494932684407e+03
4.312169265307604292e+03
4.313884455549695303e+03
4.315599066036582371e+03
4.317313097145891334e+03
4.319026549255248028e+03
4.320739422742276474e+03
4.322451717984601601e+03
4.324163435359851064e+03
4.325874575245647975e+03
4.327585138019618171e+03
4.329295124059388399e+03
4.331004533742581771e+03
4.332713367446825941e+03
4.334421625549743112e+03
4.336129308428961849e+03
4.337836416462106172e+03
4.339542950026800099e+03
4.341248909500671289e+03
4.342954295261344669e+03
4.344659107686443349e+03
4.346363347153595896e+03
4.348067014040424510e+03
4.349770108724555939e+03
4.351472631583616021e+03
4.353174582995228775e+03
4.354875963337021858e+03
4.356576772986617470e+03
4.358277012321643269e+03
4.359976681719723274e+03
4.361675781558483322e+03
4.363374312215549253e+03
4.365072274068544175e+03
4.366769667495097565e+03
4.368466492872831623e+03
4.370162750579372187e+03
4.371858440992346004e+03
4.373553564489374367e+03
4.375248121448085840e+03
4.376942112246108991e+03
4.378635537261061472e+03
4.380328396870573670e+03
4.382020691452270512e+03
4.383712421383775109e+03
4.385403587042715117e+03
4.387094188806716375e+03
4.388784227053401082e+03
4.390473702160396897e+03
4.392162614505328747e+03
4.393850964465821562e+03
4.395538752419500270e+03
4.397225978743991618e+03
4.398912643816919626e+03
4.400598748015911951e+03
4.402284291718589884e+03
4.403969275302582901e+03
4.405653699145512292e+03
4.407337563625007533e+03
4.409020869118689916e+03
4.410703616004188916e+03
4.412385804659125824e+03
4.414067435461129207e+03
4.415748508787821265e+03
4.417429025016831474e+03
4.419108984525780215e+03
4.420788387692296055e+03
4.422467234894004832e+03
4.424145526508529656e+03
4.425823262913496364e+03
4.427500444486532615e+03
4.429177071605260608e+03
4.430853144647307090e+03
4.432528663990296991e+03
4.434203630011855239e+03
4.435878043089609491e+03
4.437551903601181948e+03
4.439225211924199357e+03
4.440897968436288465e+03
4.442570173515071474e+03
4.444241827538175130e+03
4.445912930883228000e+03
4.447583483927849556e+03
4.449253487049668365e+03
4.450922940626311174e+03
4.452591845035398364e+03
4.454260200654561231e+03
4.455928007861421975e+03
4.457595267033605523e+03
4.459261978548737716e+03
4.460928142784444390e+03
4.462593760118351383e+03
4.464258830928081807e+03
4.465923355591263316e+03
4.467587334485519023e+03
4.469250767988476582e+03
4.470913656477760014e+03
4.472576000330996067e+03
4.474237799925806939e+03
4.475899055639820290e+03
4.477559767850661956e+03
4.479219936935955047e+03
4.480879563273328131e+03
4.482538647240402497e+03
4.484197189214805803e+03
4.485855189574164797e+03
4.487512648696100769e+03
4.489169566958242285e+03
4.490825944738215185e+03
4.492481782413640758e+03
4.494137080362150300e+03
4.495791838961363283e+03
4.497446058588908272e+03
4.499099739622410198e+03
4.500752882439493987e+03
4.502405487417784570e+03
4.504057554934907785e+03
4.505709085368488559e+03
4.507360079096153640e+03
4.509010536495526139e+03
4.510660457944233713e+03
4.512309843819899470e+03
4.513958694500150159e+03
4.515607010362610708e+03
4.517254791784906047e+03
4.518902039144662012e+03
4.520548752819503534e+03
4.522194933187057359e+03
4.523840580624946597e+03
4.525485695510797086e+03
4.527130278222236484e+03
4.528774329136886081e+03
4.530417848632376263e+03
4.532060837086326501e+03
4.533703294876367181e+03
4.535345222380121413e+03
4.536986619975213216e+03
4.538627488039272066e+03
4.540267826949917435e+03
4.541907637084779708e+03
4.543546918821481995e+03
4.545185672537648315e+03
4.546823898610908145e+03
4.548461597418883684e+03
4.550098769339200771e+03
4.551735414749484335e+03
4.553371534027359303e+03
4.555007127550453333e+03
4.556642195696390445e+03
4.558276738842795567e+03
4.559910757367293627e+03
4.561544251647510464e+03
4.563177222061072825e+03
4.564809668985603821e+03
4.566441592798730198e+03
4.568072993878075067e+03
4.569703872601266994e+03
4.571334229345929089e+03
4.572964064489688099e+03
4.574593378410169862e+03
4.576222171484995670e+03
4.577850444091794998e+03
4.579478196608191865e+03
4.581105429411811201e+03
4.582732142880277934e+03
4.584358337391219720e+03
4.585984013322258761e+03
4.587609171051021804e+03
4.589233810955136505e+03
4.590857933412224156e+03
4.592481538799911505e+03
4.594104627495825298e+03
4.595727199877589555e+03
4.597349256322829206e+03
4.598970797209170996e+03
4.600591822914238946e+03
4.602212333815658894e+03
4.603832330291055769e+03
4.605451812718055407e+03
4.607070781474283649e+03
4.608689236937365422e+03
4.610307179484925655e+03
4.611924609494588367e+03
4.613541527343981215e+03
4.615157933410730038e+03
4.616773828072457036e+03
4.618389211706790775e+03
4.620004084691353455e+03
4.621618447403772734e+03
4.623232300221673540e+03
4.624845643522679893e+03
4.626458477684419449e+03
4.628070803084514409e+03
4.629682620100594249e+03
4.631293929110281169e+03
4.632904730491200098e+03
4.634515024620977783e+03
4.636124811877239154e+03
4.637734092637610047e+03
4.639342867279714483e+03
4.640951136181181027e+03
4.642558899719630972e+03
4.644166158272691064e+03
4.645772912217987141e+03
4.647379161933144132e+03
4.648984907795787876e+03
4.650590150183543301e+03
4.652194889474037154e+03
4.653799126044891636e+03
4.655402860273733495e+03
4.657006092538188568e+03
4.658608823215883604e+03
4.660211052684440801e+03
4.661812781321487819e+03
4.663414009504647765e+03
4.665014737611549208e+03
4.666614966019812528e+03
4.668214695107069019e+03
4.669813925250940883e+03
4.671412656829052139e+03
4.673010890219030443e+03
4.674608625798499816e+03
4.676205863945087003e+03
4.677802605036416935e+03
4.679398849450111811e+03
4.680994597563802927e+03
4.682589849755108844e+03
4.684184606401659948e+03
4.685778867881080259e+03
4.687372634570994705e+03
4.688965906849027306e+03
4.690558685092806627e+03
4.692150969679954869e+03
4.693742760988098780e+03
4.695334059394862379e+03
4.696924865277873323e+03
4.698515179014756541e+03
4.700105000983136051e+03
4.701694331560636783e+03
4.703283171124883665e+03
4.704871520053506174e+03
4.706459378724125600e+03
4.708046747514365961e+03
4.709633626801857645e+03
4.711220016964222850e+03
4.712805918379087416e+03
4.714391331424076270e+03
4.715976256476814342e+03
4.717560693914930198e+03
4.719144644116045129e+03
4.720728107457785882e+03
4.722311084317779205e+03
4.723893575073646389e+03
4.725475580103017819e+03
4.727057099783514786e+03
4.728638134492766767e+03
4.730218684608394142e+03
4.731798750508026387e+03
4.733378332569286613e+03
4.734957431169800657e+03
4.736536046687193448e+03
4.738114179499091733e+03
4.739691829983119533e+03
4.741268998516901775e+03
4.742845685478065207e+03
4.744421891244233848e+03
4.745997616193034446e+03
4.747572860702091930e+03
4.749147625149029409e+03
4.750721909911475450e+03
4.752295715367053162e+03
4.753869041893389294e+03
4.755441889868106955e+03
4.757014259668834711e+03
4.758586151673195673e+03
4.760157566258816587e+03
4.761728503803319654e+03
4.763298964684333441e+03
4.764868949279481058e+03
4.766438457966391979e+03
4.768007491122685678e+03
4.769576049125992540e+03
4.771144132353934765e+03
4.772711741184139100e+03
4.774278875994229566e+03
4.775845537161833818e+03
4.777411725064574057e+03
4.778977440080077031e+03
4.780542682585969487e+03
4.782107452959874536e+03
4.783671751579418924e+03
4.785235578822226671e+03
4.786798935065927253e+03
4.788361820688139233e+03
4.789924236066492995e+03
4.791486181578610740e+03
4.793047657602119216e+03
4.794608664514646080e+03
4.796169202693814441e+03
4.797729272517248319e+03
4.799288874362573551e+03
4.800848008607415977e+03
4.802406675629403253e+03
4.803964875806156670e+03
4.805522609515305703e+03
4.807079877134471644e+03
4.808636679041283060e+03
4.810193015613363059e+03
4.811748887228337480e+03
4.813304294263833071e+03
4.814859237097472942e+03
4.816413716106883840e+03
4.817967731669692512e+03
4.819521284163519340e+03
4.821074373965993800e+03
4.822627001454739911e+03
4.824179167007385331e+03
4.825730871001551350e+03
4.827282113814867444e+03
4.828832895824954903e+03
4.830383217409442295e+03
4.831933078945954549e+03
4.833482480812112954e+03
4.835031423385547896e+03
4.836579907043882486e+03
4.838127932164741651e+03
4.839675499125753049e+03
4.841222608304537971e+03
4.842769260078724983e+03
4.844315454825939014e+03
4.845861192923804992e+03
4.847406474749947847e+03
4.848951300681993416e+03
4.850495671097567538e+03
4.852039586374293322e+03
4.853583046889797515e+03
4.855126053021706866e+03
4.856668605147643575e+03
4.858210703645236208e+03
4.859752348892107875e+03
4.861293541265886233e+03
4.862834281144192573e+03
4.864374568904655462e+03
4.865914404924898918e+03
4.867453789582550598e+03
4.868992723255231795e+03
4.870531206320572892e+03
4.872069239156194271e+03
4.873606822139722681e+03
4.875143955648784868e+03
4.876680640061004851e+03
4.878216875754009379e+03
4.879752663105422471e+03
4.881288002492869964e+03
4.882822894293976788e+03
4.884357338886368780e+03
4.885891336647672688e+03
4.887424887955508893e+03
4.888957993187507782e+03
4.890490652721292463e+03
4.892022866934489684e+03
4.893554636204723465e+03
4.895085960909618734e+03
4.896616841426802239e+03
4.898147278133897998e+03
4.899677271408531851e+03
4.901206821628330545e+03
4.902735929170916279e+03
4.904264594413918530e+03
4.905792817734957680e+03
4.907320599511662294e+03
4.908847940121658212e+03
4.910374839942568542e+03
4.911901299352019123e+03
4.913427318727636703e+03
4.914952898447044390e+03
4.916478038887871662e+03
4.918002740427738900e+03
4.919527003444274669e+03
4.921050828315101171e+03
4.922574215417846972e+03
4.924097165130135181e+03
4.925619677829593456e+03
4.927141753893844907e+03
4.928663393700517190e+03
4.930184597627232506e+03
4.931705366051617602e+03
4.933225699351300136e+03
4.934745597903899579e+03
4.936265062087049046e+03
4.937784092278366188e+03
4.939302688855482302e+03
4.940820852196019587e+03
4.942338582677602972e+03
4.943855880677861023e+03
4.945372746574415942e+03
4.946889180744894475e+03
4.948405183566921551e+03
4.949920755418121189e+03
4.951435896676121956e+03
4.952950607718545143e+03
4.954464888923020226e+03
4.955978740667169404e+03
4.957492163328617607e+03
4.959005157284994311e+03
4.960517722913920807e+03
4.962029860593022931e+03
4.963541570699929252e+03
4.965052853612261970e+03
4.966563709707646012e+03
4.968074139363707218e+03
4.969584142958072334e+03
4.971093720868365381e+03
4.972602873472214014e+03
4.974111601147239526e+03
4.975619904271070482e+03
4.977127783221330901e+03
4.978635238375647532e+03
4.980142270111642574e+03
4.981648878806943685e+03
4.983155064839175793e+03
4.984660828585964737e+03
4.986166170424935444e+03
4.987671090733711935e+03
4.989175589889921866e+03
4.990679668271189257e+03
4.992183326255139036e+03
4.993686564219397042e+03
4.995189382541588202e+03
4.996691781599340175e+03
4.998193761770273341e+03
4.999695323432018995e+03
5.001196466962198429e+03
5.002697192738438389e+03
5.004197501138363805e+03
5.005697392539598695e+03
5.007196867319771627e+03
5.008695925856503891e+03
5.010194568527424053e+03
5.011692795710157952e+03
5.013190607782325969e+03
5.014688005121560309e+03
5.016184988105481352e+03
5.017681557111714937e+03
5.019177712517887812e+03
5.020673454701624905e+03
5.022168784040552055e+03
5.023663700912292370e+03
5.025158205694473509e+03
5.026652298764720399e+03
5.028145980500657060e+03
5.029639251279910241e+03
5.031132111480106687e+03
5.032624561478866781e+03
5.034116601653819089e+03
5.035608232382591268e+03
5.037099454042803700e+03
5.038590267012084951e+03
5.040080671668059949e+03
5.041570668388351805e+03
5.043060257550589995e+03
5.044549439532395809e+03
5.046038214711395995e+03
5.047526583465216390e+03
5.049014546171482834e+03
5.050502103207820255e+03
5.051989254951851763e+03
5.053476001781205014e+03
5.054962344073504937e+03
5.056448282206376462e+03
5.057933816557445425e+03
5.059418947504337666e+03
5.060903675424676294e+03
5.062388000696089875e+03
5.063871923696200611e+03
5.065355444802633428e+03
5.066838564393018714e+03
5.068321282844976849e+03
5.069803600536135491e+03
5.071285517844116839e+03
5.072767035146552189e+03
5.074248152821061012e+03
5.075728871245270966e+03
5.077209190796807889e+03
5.078689111853295799e+03
5.080168634792360535e+03
5.081647759991629755e+03
5.083126487828724748e+03
5.084604818681273173e+03
5.086082752926899957e+03
5.087560290943229120e+03
5.089037433107889228e+03
5.090514179798503392e+03
5.091990531392695630e+03
5.093466488268093599e+03
5.094942050802323138e+03
5.096417219373005537e+03
5.097891994357772091e+03
5.099366376134243183e+03
5.100840365080044648e+03
5.102313961572805056e+03
5.103787165990145695e+03
5.105259978709695133e+03
5.106732400109076480e+03
5.108204430565918301e+03
5.109676070457841888e+03
5.111147320162473989e+03
5.112618180057439531e+03
5.114088650520366173e+03
5.115558731928877933e+03
5.117028424660598830e+03
5.118497729093154703e+03
5.119966645604172299e+03
5.121435174571275638e+03
5.122903316372090558e+03
5.124371071384242896e+03
5.125838439985354853e+03
5.127305422553056815e+03
5.128772019464970072e+03
5.130238231098721371e+03
5.131704057831937462e+03
5.133169500042239633e+03
5.134634558107258272e+03
5.136099232404615577e+03
5.137563523311935569e+03
5.139027431206848632e+03
5.140490956466974239e+03
5.141954099469942776e+03
5.143416860593375532e+03
5.144879240214901074e+03
5.146341238712142513e+03
5.147802856462724776e+03
5.149264093844275521e+03
5.150724951234417858e+03
5.152185429010778535e+03
5.153645527550983388e+03
5.155105247232656438e+03
5.156564588433422614e+03
5.158023551530907753e+03
5.159482136902737693e+03
5.160940344926538273e+03
5.162398175979933512e+03
5.163855630440548339e+03
5.165312708686009501e+03
5.166769411093941926e+03
5.168225738041971454e+03
5.169681689907722102e+03
5.171137267068819710e+03
5.172592469902889206e+03
5.174047298787558248e+03
5.175501754100449034e+03
5.176955836219189223e+03
5.178409545521401924e+03
5.179862882384712975e+03
5.181315847186750034e+03
5.182768440305136210e+03
5.184220662117498250e+03
5.185672513001458356e+03
5.187123993334646002e+03
5.188575103494684299e+03
5.190025843859198176e+03
5.191476214805814379e+03
5.192926216712157839e+03
5.194375849955853482e+03
5.195825114914525329e+03
5.197274011965801037e+03
5.198722541487306444e+03
5.200170703856661930e+03
5.201618499451499702e+03
5.203065928649440139e+03
5.204512991828110898e+03
5.205959689365135091e+03
5.207406021638140373e+03
5.208851989024751674e+03
5.210297591902593012e+03
5.211742830649290227e+03
5.213187705642470974e+03
5.214632217259754725e+03
5.216076365878774595e+03
5.217520151877148237e+03
5.218963575632507855e+03
5.220406637522474739e+03
5.221849337924673819e+03
5.223291677216732751e+03
5.224733655776275555e+03
5.226175273980928068e+03
5.227616532208314311e+03
5.229057430836061030e+03
5.230497970241793155e+03
5.231938150803135613e+03
5.233377972897715154e+03
5.234817436903156704e+03
5.236256543197082465e+03
5.237695292157121003e+03
5.239133684160896337e+03
5.240571719586036124e+03
5.242009398810162565e+03
5.243446722210902408e+03
5.244883690165881490e+03
5.246320303052722920e+03
5.247756561249056176e+03
5.249192465132501638e+03
5.250628015080688783e+03
5.252063211471238901e+03
5.253498054681781468e+03
5.254932545089939595e+03
5.256366683073338208e+03
5.257800469009604058e+03
5.259233903276360252e+03
5.260666986251235357e+03
5.262099718311852484e+03
5.263532099835837471e+03
5.264964131200815245e+03
5.266395812784412556e+03
5.267827144964252511e+03
5.269258128117961860e+03
5.270688762623165530e+03
5.272119048857488451e+03
5.273548987198557370e+03
5.274978578023995397e+03
5.276407821711431097e+03
5.277836718638486673e+03
5.279265269182788870e+03
5.280693473721961709e+03
5.282121332633632846e+03
5.283548846295426301e+03
5.284976015084967003e+03
5.286402839379881698e+03
5.287829319557793497e+03
5.289255455996328237e+03
5.290681249073113577e+03
5.292106699165771715e+03
5.293531806651930310e+03
5.294956571909213380e+03
5.296380995315247674e+03
5.297805077247658119e+03
5.299228818084066916e+03
5.300652218202103541e+03
5.302075277979392013e+03
5.303497997793557261e+03
5.304920378022224213e+03
5.306342419043017799e+03
5.307764121233565675e+03
5.309185484971490951e+03
5.310606510634419465e+03
5.312027198599977964e+03
5.313447549245790469e+03
5.314867562949481908e+03
5.316287240088678118e+03
5.317706581041004938e+03
5.319125586184086387e+03
5.320544255895549213e+03
5.321962590553017435e+03
5.323380590534117800e+03
5.324798256216474329e+03
5.326215587977713767e+03
5.327632586195459226e+03
5.329049251247338361e+03
5.330465583510975193e+03
5.331881583363995560e+03
5.333297251184024390e+03
5.334712587348687521e+03
5.336127592235608972e+03
5.337542266222416401e+03
5.338956609686732918e+03
5.340370623006185269e+03
5.341784306558398384e+03
5.343197660720996282e+03
5.344610685871606620e+03
5.346023382387851598e+03
5.347435750647360692e+03
5.348847791027757012e+03
5.350259503906665486e+03
5.351670889661711044e+03
5.353081948670520433e+03
5.354492681310717671e+03
5.355903087959930417e+03
5.357313168995780870e+03
5.358722924795896688e+03
5.360132355737900070e+03
5.361541462199420494e+03
5.362950244558081977e+03
5.364358703191509449e+03
5.365766838477326019e+03
5.367174650793160254e+03
5.368582140516636173e+03
5.369989308025379614e+03
5.371396153697014597e+03
5.372802677909168779e+03
5.374208881039463449e+03
5.375614763465528085e+03
5.377020325564986706e+03
5.378425567715463330e+03
5.379830490294584706e+03
5.381235093679975762e+03
5.382639378249262336e+03
5.384043344380070266e+03
5.385446992450020844e+03
5.386850322836744454e+03
5.388253335917864206e+03
5.389656032071005939e+03
5.391058411673793671e+03
5.392460475103852332e+03
5.393862222738811397e+03
5.395263654956292157e+03
5.396664772133921360e+03
5.398065574649323935e+03
5.399466062880125719e+03
5.400866237203950732e+03
5.402266097998425721e+03
5.403665645641176525e+03
5.405064880509827162e+03
5.406463802982001653e+03
5.407862413435328563e+03
5.409260712247431002e+03
5.410658699795934808e+03
5.412056376458466730e+03
5.413453742612649876e+03
5.414850798636110994e+03
5.416247544906473195e+03
5.417643981801364134e+03
5.419040109698411470e+03
5.420435928975232855e+03
5.421831440009461403e+03
5.423226643178718405e+03
5.424621538860630608e+03
5.426016127432822032e+03
5.427410409272919424e+03
5.428804384758546803e+03
5.430198054267330008e+03
5.431591418176894877e+03
5.432984476864867247e+03
5.434377230708871139e+03
5.435769680086530570e+03
5.437161825375475019e+03
5.438553666953326683e+03
5.439945205197711402e+03
5.441336440486255015e+03
5.442727373196582448e+03
5.444118003706320451e+03
5.445508332393091223e+03
5.446898359634521512e+03
5.448288085808238975e+03
5.449677511291863993e+03
5.451066636463028772e+03
5.452455461699351872e+03
5.453843987378462771e+03
5.455232213877983668e+03
5.456620141575544039e+03
5.458007770848765176e+03
5.459395102075275645e+03
5.460782135632698555e+03
5.462168871898658836e+03
5.463555311250784143e+03
5.464941454066698498e+03
5.466327300724025918e+03
5.467712851600394060e+03
5.469098107073428764e+03
5.470483067520752229e+03
5.471867733319992112e+03
5.473252104848773342e+03
5.474636182484719029e+03
5.476019966605457739e+03
5.477403457588612582e+03
5.478786655811811215e+03
5.480169561652675839e+03
5.481552175488834109e+03
5.482934497697911866e+03
5.484316528657531308e+03
5.485698268745321911e+03
5.487079718338905877e+03
5.488460877815908134e+03
5.489841747553957248e+03
5.491222327930676329e+03
5.492602619323689396e+03
5.493982622110624106e+03
5.495362336669105389e+03
5.496741763376758172e+03
5.498120902611208294e+03
5.499499754750079774e+03
5.500878320170997540e+03
5.502256599251590160e+03
5.503634592369480742e+03
5.505012299902295126e+03
5.506389722227657330e+03
5.507766859723195012e+03
5.509143712766530371e+03
5.510520281735291064e+03
5.511896567007101112e+03
5.513272568959588170e+03
5.514648287970376259e+03
5.516023724417087578e+03
5.517398878677353423e+03
5.518773751128794174e+03
5.520148342149037489e+03
5.521522652115709207e+03
5.522896681406433345e+03
5.524270430398833923e+03
5.525643899470538599e+03
5.527017088999172302e+03
5.528389999362359958e+03
5.529762630937726499e+03
5.531134984102896851e+03
5.532507059235499582e+03
5.533878856713155074e+03
5.535250376913493710e+03
5.536621620214135874e+03
5.537992586992711040e+03
5.539363277626842319e+03
5.540733692494155548e+03
5.542103831972275657e+03
5.543473696438827574e+03
5.544843286271438046e+03
5.546212601847732003e+03
5.547581643545334373e+03
5.548950411741870994e+03
5.550318906814965885e+03
5.551687129142245794e+03
5.553055079101335650e+03
5.554422757069860381e+03
5.555790163425444916e+03
5.557157298545716912e+03
5.558524162808297660e+03
5.559890756590817546e+03
5.561257080270897859e+03
5.562623134226165348e+03
5.563988918834244942e+03
5.565354434472761568e+03
5.566719681519343794e+03
5.568084660351611092e+03
5.569449371347194756e+03
5.570813814883715168e+03
5.572177991338801803e+03
5.573541901090077772e+03
5.574905544515168913e+03
5.576268921991699244e+03
5.577632033897295514e+03
5.578994880609583561e+03
5.580357462506187403e+03
5.581719779964732879e+03
5.583081833362844918e+03
5.584443623078150267e+03
5.585805149488272036e+03
5.587166412970837882e+03
5.588527413903470915e+03
5.589888152663797882e+03
5.591248629629443712e+03
5.592608845178032425e+03
5.593968799687194405e+03
5.595328493534548215e+03
5.596687927097722422e+03
5.598047100754343774e+03
5.599406014882033560e+03
5.600764669858421257e+03
5.602123066061129066e+03
5.603481203867784643e+03
5.604839083656012008e+03
5.606196705803435179e+03
5.607554070687683634e+03
5.608911178686379571e+03
5.610268030177148830e+03
5.611624625537617248e+03
5.612980965145408845e+03
5.614337049378149459e+03
5.615692878613466746e+03
5.617048453228981089e+03
5.618403773602322872e+03
5.619758840111115205e+03
5.621113653132983927e+03
5.622468213045553057e+03
5.623822520226447523e+03
5.625176575053295892e+03
5.626530377903721273e+03
5.627883929155350415e+03
5.629237229185805518e+03
5.630590278372715147e+03
5.631943077093702414e+03
5.633295625726393155e+03
5.634647924648415028e+03
5.635999974237390234e+03
5.637351774870945519e+03
5.638703326926705813e+03
5.640054630782296954e+03
5.641405686815343870e+03
5.642756495403473309e+03
5.644107056924306562e+03
5.645457371755473105e+03
5.646807440274596956e+03
5.648157262859302136e+03
5.649506839887216302e+03
5.650856171735963471e+03
5.652205258783168574e+03
5.653554101406459267e+03
5.654902699983455932e+03
5.656251054891788044e+03
5.657599166509082352e+03
5.658947035212958326e+03
5.660294661381045444e+03
5.661642045390969542e+03
5.662989187620354642e+03
5.664336088446825670e+03
5.665682748248007556e+03
5.667029167401527047e+03
5.668375346285010892e+03
5.669721285276078561e+03
5.671066984752362259e+03
5.672412445091483278e+03
5.673757666671067454e+03
5.675102649868741537e+03
5.676447395062130454e+03
5.677791902628856405e+03
5.679136172946548868e+03
5.680480206392830951e+03
5.681824003345327583e+03
5.683167564181669150e+03
5.684510889279473304e+03
5.685853979016370431e+03
5.687196833769982732e+03
5.688539453917939682e+03
5.689881839837861662e+03
5.691223991907378149e+03
5.692565910504113162e+03
5.693907596005690721e+03
5.695249048789736662e+03
5.696590269233876825e+03
5.697931257715737956e+03
5.699272014612941348e+03
5.700612540303116475e+03
5.701952835163888267e+03
5.703292899572878923e+03
5.704632733907715192e+03
5.705972338546023821e+03
5.707311713865428828e+03
5.708650860243556963e+03
5.709989778058032243e+03
5.711328467686479598e+03
5.712666929506526685e+03
5.714005163895792975e+03
5.715343171231911583e+03
5.716680951892501980e+03
5.718018506255193643e+03
5.719355834697608771e+03
5.720692937597374112e+03
5.722029815332114595e+03
5.723366468279455148e+03
5.724702896817023429e+03
5.726039101322442548e+03
5.727375082173336523e+03
5.728710839747333011e+03
5.730046374422056033e+03
5.731381686575134154e+03
5.732716776584188665e+03
5.734051644826845404e+03
5.735386291680731119e+03
5.736720717523472558e+03
5.738054922732691011e+03
5.739388907686014136e+03
5.740722672761066860e+03
5.742056218335475933e+03
5.743389544786865372e+03
5.744722652492861926e+03
5.746055541831087794e+03
5.747388213179166996e+03
5.748720666914731737e+03
5.750052903415404217e+03
5.751384923058807544e+03
5.752716726222568468e+03
5.754048313284313735e+03
5.755379684621666456e+03
