1.000000000000000000e+01
1.130434782608695699e+01
1.260869565217391397e+01
1.391304347826086918e+01
1.521739130434782616e+01
1.652173913043478137e+01
1.782608695652173836e+01
1.913043478260869534e+01
2.043478260869565233e+01
2.173913043478260931e+01
2.304347826086956630e+01
2.434782608695652328e+01
2.565217391304347672e+01
2.695652173913043370e+01
2.826086956521739069e+01
2.956521739130434767e+01
3.086956521739130466e+01
3.217391304347826519e+01
3.347826086956521863e+01
3.478260869565217206e+01
3.608695652173913260e+01
3.739130434782608603e+01
3.869565217391304657e+01
4.000000000000000000e+01
4.130434782608695343e+01
4.260869565217391397e+01
4.391304347826086740e+01
4.521739130434782794e+01
4.652173913043478137e+01
4.782608695652174191e+01
4.913043478260869534e+01
5.043478260869565588e+01
5.173913043478260931e+01
5.304347826086956275e+01
5.434782608695652328e+01
5.565217391304347672e+01
5.695652173913043725e+01
5.826086956521739069e+01
5.956521739130435122e+01
6.086956521739130466e+01
6.217391304347826519e+01
6.347826086956521863e+01
6.478260869565217206e+01
6.608695652173912549e+01
6.739130434782609314e+01
6.869565217391304657e+01
7.000000000000000000e+01
7.130434782608696764e+01
7.260869565217390686e+01
7.391304347826087451e+01
7.521739130434782794e+01
7.652173913043478137e+01
7.782608695652173481e+01
7.913043478260870245e+01
8.043478260869565588e+01
8.173913043478260931e+01
8.304347826086956275e+01
8.434782608695651618e+01
8.565217391304348382e+01
8.695652173913043725e+01
8.826086956521739069e+01
8.956521739130434412e+01
9.086956521739131176e+01
9.217391304347826519e+01
9.347826086956521863e+01
9.478260869565217206e+01
9.608695652173912549e+01
9.739130434782609314e+01
9.869565217391304657e+01
1.000000000000000000e+02
1.013043478260869534e+02
1.026086956521739211e+02
1.039130434782608745e+02
1.052173913043478279e+02
1.065217391304347814e+02
1.078260869565217348e+02
1.091304347826087024e+02
1.104347826086956559e+02
1.117391304347826093e+02
1.130434782608695627e+02
1.143478260869565304e+02
1.156521739130434838e+02
1.169565217391304373e+02
1.182608695652173907e+02
1.195652173913043441e+02
1.208695652173913118e+02
1.221739130434782652e+02
1.234782608695652186e+02
1.247826086956521721e+02
1.260869565217391255e+02
1.273913043478260931e+02
1.286956521739130608e+02
1.300000000000000000e+02
1.313043478260869392e+02
1.326086956521739353e+02
1.339130434782608745e+02
1.352173913043478137e+02
1.365217391304347814e+02
1.378260869565217490e+02
1.391304347826086882e+02
1.404347826086956559e+02
1.417391304347826235e+02
1.430434782608695627e+02
1.443478260869565304e+02
1.456521739130434696e+02
1.469565217391304373e+02
1.482608695652174049e+02
1.495652173913043441e+02
1.508695652173913118e+02
1.521739130434782510e+02
1.534782608695652186e+02
1.547826086956521863e+02
1.560869565217391255e+02
1.573913043478260931e+02
1.586956521739130324e+02
1.600000000000000000e+02
1.613043478260869676e+02
1.626086956521739069e+02
1.639130434782608745e+02
1.652173913043478422e+02
1.665217391304347814e+02
1.678260869565217490e+02
1.691304347826086882e+02
1.704347826086956559e+02
1.717391304347826235e+02
1.730434782608695627e+02
1.743478260869565304e+02
1.756521739130434696e+02
1.769565217391304373e+02
1.782608695652174049e+02
1.795652173913043441e+02
1.808695652173913118e+02
1.821739130434782510e+02
1.834782608695652186e+02
1.847826086956521863e+02
1.860869565217391255e+02
1.873913043478260931e+02
1.886956521739130324e+02
1.900000000000000000e+02
1.913043478260869676e+02
1.926086956521739069e+02
1.939130434782608745e+02
1.952173913043478422e+02
1.965217391304347814e+02
1.978260869565217490e+02
1.991304347826086882e+02
2.004347826086956559e+02
2.017391304347826235e+02
2.030434782608695627e+02
2.043478260869565304e+02
2.056521739130434696e+02
2.069565217391304373e+02
2.082608695652174049e+02
2.095652173913043441e+02
2.108695652173913118e+02
2.121739130434782510e+02
2.134782608695652186e+02
2.147826086956521863e+02
2.160869565217391255e+02
2.173913043478260931e+02
2.186956521739130608e+02
2.200000000000000000e+02
2.213043478260869676e+02
2.226086956521739069e+02
2.239130434782608745e+02
2.252173913043478422e+02
2.265217391304347814e+02
2.278260869565217490e+02
2.291304347826086882e+02
2.304347826086956559e+02
2.317391304347826235e+02
2.330434782608695627e+02
2.343478260869565304e+02
2.356521739130434696e+02
2.369565217391304373e+02
2.382608695652174049e+02
2.395652173913043441e+02
2.408695652173913118e+02
2.421739130434782510e+02
2.434782608695652186e+02
2.447826086956521863e+02
2.460869565217391255e+02
2.473913043478260931e+02
2.486956521739130608e+02
2.500000000000000000e+02
2.513043478260869676e+02
2.526086956521739069e+02
2.539130434782608745e+02
2.552173913043478422e+02
2.565217391304347530e+02
2.578260869565217490e+02
2.591304347826086882e+02
2.604347826086956275e+02
2.617391304347826235e+02
2.630434782608695627e+02
2.643478260869565020e+02
2.656521739130434980e+02
2.669565217391304373e+02
2.682608695652173765e+02
2.695652173913043725e+02
2.708695652173913118e+02
2.721739130434782510e+02
2.734782608695652470e+02
2.747826086956521863e+02
2.760869565217391255e+02
2.773913043478260647e+02
2.786956521739130608e+02
2.800000000000000000e+02
2.813043478260869392e+02
2.826086956521739353e+02
2.839130434782608745e+02
2.852173913043478137e+02
2.865217391304348098e+02
2.878260869565217490e+02
2.891304347826086882e+02
2.904347826086956843e+02
2.917391304347826235e+02
2.930434782608695627e+02
2.943478260869565020e+02
2.956521739130434980e+02
2.969565217391304373e+02
2.982608695652173765e+02
2.995652173913043725e+02
3.008695652173913118e+02
3.021739130434782510e+02
3.034782608695652470e+02
3.047826086956521863e+02
3.060869565217391255e+02
3.073913043478260647e+02
3.086956521739130608e+02
3.100000000000000000e+02
3.113043478260869392e+02
3.126086956521739353e+02
3.139130434782608745e+02
3.152173913043478137e+02
3.165217391304348098e+02
3.178260869565217490e+02
3.191304347826086882e+02
3.204347826086956843e+02
3.217391304347826235e+02
3.230434782608695627e+02
3.243478260869565020e+02
3.256521739130434980e+02
3.269565217391304373e+02
3.282608695652173765e+02
3.295652173913043725e+02
3.308695652173913118e+02
3.321739130434782510e+02
3.334782608695652470e+02
3.347826086956521863e+02
3.360869565217391255e+02
3.373913043478260647e+02
3.386956521739130608e+02
3.400000000000000000e+02
3.413043478260869392e+02
3.426086956521739353e+02
3.439130434782608745e+02
3.452173913043478137e+02
3.465217391304348098e+02
3.478260869565217490e+02
3.491304347826086882e+02
3.504347826086956843e+02
3.517391304347826235e+02
3.530434782608695627e+02
3.543478260869565020e+02
3.556521739130434980e+02
3.569565217391304373e+02
3.582608695652173765e+02
3.595652173913043725e+02
3.608695652173913118e+02
3.621739130434782510e+02
3.634782608695652470e+02
3.647826086956521863e+02
3.660869565217391255e+02
3.673913043478260647e+02
3.686956521739130608e+02
3.700000000000000000e+02
3.713043478260869392e+02
3.726086956521739353e+02
3.739130434782608745e+02
3.752173913043478137e+02
3.765217391304348098e+02
3.778260869565217490e+02
3.791304347826086882e+02
3.804347826086956843e+02
3.817391304347826235e+02
3.830434782608695627e+02
3.843478260869565020e+02
3.856521739130434980e+02
3.869565217391304373e+02
3.882608695652173765e+02
3.895652173913043725e+02
3.908695652173913118e+02
3.921739130434782510e+02
3.934782608695652470e+02
3.947826086956521863e+02
3.960869565217391255e+02
3.973913043478260647e+02
3.986956521739130608e+02
4.000000000000000000e+02
