1.200000000000000000e+03
1.216053511705685651e+03
1.232107023411371301e+03
1.248160535117056952e+03
1.264214046822742375e+03
1.280267558528428026e+03
1.296321070234113677e+03
1.312374581939799327e+03
1.328428093645484978e+03
1.344481605351170629e+03
1.360535117056856279e+03
1.376588628762541703e+03
1.392642140468227353e+03
1.408695652173913004e+03
1.424749163879598655e+03
1.440802675585284305e+03
1.456856187290969956e+03
1.472909698996655607e+03
1.488963210702341257e+03
1.505016722408026681e+03
1.521070234113712331e+03
1.537123745819397982e+03
1.553177257525083633e+03
1.569230769230769283e+03
1.585284280936454707e+03
1.601337792642140357e+03
1.617391304347826008e+03
1.633444816053511659e+03
1.649498327759197309e+03
1.665551839464882960e+03
1.681605351170568611e+03
1.697658862876254261e+03
1.713712374581939912e+03
1.729765886287625563e+03
1.745819397993310986e+03
1.761872909698996637e+03
1.777926421404682287e+03
1.793979933110367938e+03
1.810033444816053361e+03
1.826086956521739012e+03
1.842140468227424662e+03
1.858193979933110313e+03
1.874247491638795964e+03
1.890301003344481614e+03
1.906354515050167265e+03
1.922408026755852916e+03
1.938461538461538566e+03
1.954515050167224217e+03
1.970568561872909640e+03
1.986622073578595291e+03
2.002675585284280942e+03
2.018729096989966592e+03
2.034782608695652016e+03
2.050836120401337666e+03
2.066889632107023317e+03
2.082943143812708968e+03
2.098996655518394618e+03
2.115050167224080269e+03
2.131103678929765920e+03
2.147157190635451570e+03
2.163210702341137221e+03
2.179264214046822872e+03
2.195317725752508522e+03
2.211371237458193718e+03
2.227424749163879824e+03
2.243478260869565020e+03
2.259531772575251125e+03
2.275585284280936321e+03
2.291638795986621972e+03
2.307692307692307622e+03
2.323745819397993273e+03
2.339799331103678924e+03
2.355852842809364574e+03
2.371906354515050225e+03
2.387959866220735876e+03
2.404013377926421526e+03
2.420066889632106722e+03
2.436120401337792828e+03
2.452173913043478024e+03
2.468227424749164129e+03
2.484280936454849325e+03
2.500334448160535430e+03
2.516387959866220626e+03
2.532441471571906277e+03
2.548494983277591928e+03
2.564548494983277578e+03
2.580602006688963229e+03
2.596655518394648880e+03
2.612709030100334530e+03
2.628762541806019726e+03
2.644816053511705832e+03
2.660869565217391028e+03
2.676923076923077133e+03
2.692976588628762329e+03
2.709030100334448434e+03
2.725083612040133630e+03
2.741137123745819281e+03
2.757190635451504932e+03
2.773244147157190582e+03
2.789297658862876233e+03
2.805351170568561884e+03
2.821404682274247534e+03
2.837458193979933185e+03
2.853511705685618836e+03
2.869565217391304031e+03
2.885618729096990137e+03
2.901672240802675333e+03
2.917725752508361438e+03
2.933779264214046634e+03
2.949832775919732740e+03
2.965886287625417935e+03
2.981939799331103586e+03
2.997993311036789237e+03
3.014046822742474887e+03
3.030100334448160538e+03
3.046153846153846189e+03
3.062207357859531839e+03
3.078260869565217490e+03
3.094314381270903141e+03
3.110367892976588337e+03
3.126421404682274442e+03
3.142474916387959638e+03
3.158528428093645744e+03
3.174581939799330939e+03
3.190635451505017045e+03
3.206688963210702241e+03
3.222742474916387891e+03
3.238795986622073542e+03
3.254849498327759193e+03
3.270903010033444843e+03
3.286956521739130494e+03
3.303010033444816145e+03
3.319063545150501795e+03
3.335117056856187446e+03
3.351170568561873097e+03
3.367224080267558747e+03
3.383277591973243943e+03
3.399331103678929594e+03
3.415384615384615245e+03
3.431438127090300895e+03
3.447491638795986546e+03
3.463545150501672197e+03
3.479598662207357847e+03
3.495652173913043498e+03
3.511705685618729149e+03
3.527759197324414799e+03
3.543812709030100450e+03
3.559866220735786101e+03
3.575919732441471751e+03
3.591973244147157402e+03
3.608026755852842598e+03
3.624080267558528249e+03
3.640133779264213899e+03
3.656187290969899550e+03
3.672240802675585201e+03
3.688294314381270851e+03
3.704347826086956502e+03
3.720401337792642153e+03
3.736454849498327803e+03
3.752508361204013454e+03
3.768561872909699105e+03
3.784615384615384755e+03
3.800668896321070406e+03
3.816722408026756057e+03
3.832775919732441253e+03
3.848829431438126903e+03
3.864882943143812554e+03
3.880936454849498205e+03
3.896989966555183855e+03
3.913043478260869506e+03
3.929096989966555157e+03
3.945150501672240807e+03
3.961204013377926458e+03
3.977257525083612109e+03
3.993311036789297759e+03
4.009364548494983410e+03
4.025418060200669061e+03
4.041471571906354711e+03
4.057525083612039907e+03
4.073578595317725558e+03
4.089632107023411209e+03
4.105685618729096859e+03
4.121739130434782055e+03
4.137792642140468161e+03
4.153846153846154266e+03
4.169899665551839462e+03
4.185953177257524658e+03
4.202006688963210763e+03
4.218060200668896869e+03
4.234113712374582065e+03
4.250167224080267260e+03
4.266220735785953366e+03
4.282274247491638562e+03
4.298327759197323758e+03
4.314381270903009863e+03
4.330434782608695969e+03
4.346488294314381164e+03
4.362541806020066360e+03
4.378595317725752466e+03
4.394648829431438571e+03
4.410702341137123767e+03
4.426755852842808963e+03
4.442809364548495068e+03
4.458862876254181174e+03
4.474916387959866370e+03
4.490969899665551566e+03
4.507023411371237671e+03
4.523076923076922867e+03
4.539130434782608063e+03
4.555183946488294168e+03
4.571237458193980274e+03
4.587290969899665470e+03
4.603344481605350666e+03
4.619397993311036771e+03
4.635451505016722876e+03
4.651505016722408072e+03
4.667558528428093268e+03
4.683612040133779374e+03
4.699665551839465479e+03
4.715719063545150675e+03
4.731772575250835871e+03
4.747826086956521976e+03
4.763879598662207172e+03
4.779933110367892368e+03
4.795986622073578474e+03
4.812040133779264579e+03
4.828093645484949775e+03
4.844147157190634971e+03
4.860200668896321076e+03
4.876254180602007182e+03
4.892307692307692378e+03
4.908361204013377574e+03
4.924414715719063679e+03
4.940468227424749784e+03
4.956521739130434980e+03
4.972575250836120176e+03
4.988628762541806282e+03
5.004682274247491478e+03
5.020735785953176674e+03
5.036789297658862779e+03
5.052842809364548884e+03
5.068896321070234080e+03
5.084949832775919276e+03
5.101003344481605382e+03
5.117056856187291487e+03
5.133110367892976683e+03
5.149163879598661879e+03
5.165217391304347984e+03
5.181270903010034090e+03
5.197324414715718376e+03
5.213377926421404482e+03
5.229431438127090587e+03
5.245484949832775783e+03
5.261538461538460979e+03
5.277591973244147084e+03
5.293645484949833190e+03
5.309698996655518386e+03
5.325752508361203581e+03
5.341806020066889687e+03
5.357859531772574883e+03
5.373913043478260988e+03
5.389966555183946184e+03
5.406020066889632290e+03
5.422073578595317485e+03
5.438127090301003591e+03
5.454180602006688787e+03
5.470234113712374892e+03
5.486287625418060088e+03
5.502341137123746194e+03
5.518394648829431389e+03
5.534448160535117495e+03
5.550501672240802691e+03
5.566555183946487887e+03
5.582608695652173992e+03
5.598662207357859188e+03
5.614715719063545293e+03
5.630769230769230489e+03
5.646822742474916595e+03
5.662876254180601791e+03
5.678929765886287896e+03
5.694983277591973092e+03
5.711036789297659197e+03
5.727090301003344393e+03
5.743143812709030499e+03
5.759197324414715695e+03
5.775250836120400891e+03
5.791304347826086996e+03
5.807357859531772192e+03
5.823411371237458297e+03
5.839464882943143493e+03
5.855518394648829599e+03
5.871571906354514795e+03
5.887625418060200900e+03
5.903678929765886096e+03
5.919732441471572201e+03
5.935785953177257397e+03
5.951839464882943503e+03
5.967892976588628699e+03
5.983946488294314804e+03
6.000000000000000000e+03
