6.06455
0.0239845
0.00313381
-0.00263345
0.0441392
0.00246936
0.000121769
0.000562672
-0.00320689
-0.000359836
-2.96376e-05
-8.89104e-05
0.000206799
3.0235e-05
5.53393e-06
7.20103e-06
6.10569
0.0261243
0.00323147
-0.00215249
0.0383459
0.00184039
7.90951e-05
0.000406455
-0.00258649
-0.000269131
-1.30359e-05
-6.73073e-05
0.000206799
3.0235e-05
5.53393e-06
7.20103e-06
6.14165
0.0277258
0.00330307
-0.00180614
0.0337933
0.00139284
6.96251e-05
0.000293443
-0.00196609
-0.000178426
3.56591e-06
-4.57042e-05
0.00012568
9.96683e-06
9.57183e-06
1.79675e-06
6.17361
0.0289501
0.00338583
-0.0015566
0.0302381
0.00106589
0.000105472
0.000207425
-0.00158905
-0.000148525
3.22814e-05
-4.0314e-05
9.75465e-05
5.17937e-05
-5.68954e-05
1.96163e-05
6.20235
0.0299193
0.00346669
-0.00136987
0.0273527
0.000924216
-6.51113e-07
0.000185646
-0.00129641
6.85574e-06
-0.000138405
1.85351e-05
6.74129e-05
-3.7316e-05
6.51603e-05
-1.72159e-05
6.22848
0.030813
0.00339279
-0.00118291
0.0249621
0.000825979
-8.19802e-05
0.000171069
-0.00109417
-0.000105092
5.70758e-05
-3.31125e-05
6.74129e-05
-3.7316e-05
6.51603e-05
-1.72159e-05
6.08903
0.0223518
-0.00468478
-0.00271823
0.047293
0.00440091
0.00179209
0.000581025
-0.00368527
-0.000685842
-0.000293169
-9.22285e-05
0.000249769
6.29059e-05
2.67225e-05
7.63092e-06
6.13289
0.0261297
-0.00315914
-0.00222181
0.0406718
0.00321795
0.00128592
0.000419461
-0.00293596
-0.000497124
-0.000213002
-6.93357e-05
0.000249769
6.29059e-05
2.67225e-05
7.63092e-06
6.17088
0.0289135
-0.0020595
-0.00186405
0.0355492
0.00241242
0.000940081
0.000303682
-0.00218665
-0.000308407
-0.000132834
-4.6443e-05
0.000147016
3.45008e-05
1.48399e-05
1.9235e-06
6.20438
0.031052
-0.00123741
-0.00160489
0.0316169
0.00189911
0.000718932
0.000216567
-0.00174561
-0.000204904
-8.83148e-05
-4.06725e-05
0.000112061
-3.14815e-06
2.88898e-06
1.86463e-05
6.23437
0.032743
-0.000603908
-0.00141035
0.0284619
0.00147985
0.00055097
0.000191161
-0.00140942
-0.000214349
-7.96478e-05
1.52664e-05
7.80413e-05
4.13569e-05
1.22712e-05
-1.59284e-05
6.2615
0.0340499
-0.000120315
-0.00121985
0.0258772
0.00117523
0.000428488
0.000173908
-0.0011753
-9.02781e-05
-4.28342e-05
-3.25187e-05
7.80413e-05
4.13569e-05
1.22712e-05
-1.59284e-05
6.10398
0.0048275
-0.0133813
-0.00586691
0.0540671
0.00972817
0.00371084
0.00120075
-0.00475651
-0.00154887
-0.000620421
-0.000184364
0.000347029
0.000139244
5.75907e-05
1.806e-05
6.15364
0.013146
-0.0102333
-0.00483246
0.0455951
0.00704817
0.00264277
0.000886206
-0.00371542
-0.00113114
-0.000447648
-0.000130184
0.000347029
0.000139244
5.75907e-05
1.806e-05
6.19587
0.0192023
-0.00798056
-0.00405838
0.0392054
0.00520363
0.00192025
0.000680018
-0.00267434
-0.000713404
-0.000274876
-7.60039e-05
0.00019828
6.9951e-05
2.05895e-05
7.51026e-06
6.23259
0.0237625
-0.0063146
-0.00344685
0.0344515
0.00398667
0.00143226
0.000550542
-0.0020795
-0.000503551
-0.000213108
-5.34731e-05
0.000130448
5.85687e-05
4.92293e-05
-1.37785e-05
6.2651
0.0273042
-0.00504621
-0.00296356
0.0306839
0.00315527
0.00115374
0.00040226
-0.00168815
-0.000327845
-6.54197e-05
-9.48087e-05
0.000115741
1.81142e-05
-2.23142e-05
2.66193e-05
6.29421
0.0301497
-0.00398021
-0.00262949
0.0276548
0.00255393
0.000955953
0.0002925
-0.00134093
-0.000273503
-0.000132362
-1.49506e-05
0.000115741
1.81142e-05
-2.23142e-05
2.66193e-05
6.08956
-0.0395358
-0.0321931
-0.00892209
0.0687068
0.0207521
0.00740472
0.000732289
-0.00711016
-0.0033428
-0.00104121
0.000162322
0.000561923
0.000308605
7.70928e-05
-3.99159e-05
6.15172
-0.0218179
-0.0257525
-0.0080674
0.0561723
0.0149923
0.00555359
0.000937186
-0.00542439
-0.00241698
-0.00080993
4.25743e-05
0.000561923
0.000308605
7.70928e-05
-3.99159e-05
6.20303
-0.00893392
-0.0209317
-0.00712756
0.0470093
0.0110842
0.00416501
0.000902586
-0.00373862
-0.00149117
-0.000578651
-7.71735e-05
0.000296331
0.000133661
6.51924e-05
8.82806e-06
6.2466
0.000792742
-0.0172802
-0.00629331
0.040421
0.00850282
0.00320328
0.000774724
-0.00284963
-0.00109019
-0.000383074
-5.06893e-05
0.000224468
0.000115692
1.40196e-05
6.14668e-06
6.28439
0.00832107
-0.0144459
-0.00556313
0.0353951
0.00666952
0.00247919
0.000691785
-0.00217623
-0.000743111
-0.000341015
-3.22493e-05
0.00013816
5.3344e-05
4.73094e-05
-7.90685e-06
6.31775
0.0143008
-0.0122604
-0.0049115
0.0314572
0.00534333
0.00193909
0.000603566
-0.00176175
-0.000583079
-0.000199087
-5.59698e-05
0.00013816
5.3344e-05
4.73094e-05
-7.90685e-06
6.00891
-0.130688
-0.0595232
-0.00675755
0.097596
0.0377584
0.00930706
-0.00148341
-0.0113318
-0.00493825
-0.000843374
0.000360354
0.000907705
0.000343043
6.51722e-05
-1.33349e-05
6.09608
-0.097525
-0.0509944
-0.00789394
0.0776554
0.0289111
0.00781583
-0.000802712
-0.00860873
-0.00390912
-0.000647857
0.000320349
0.000907705
0.000343043
6.51722e-05
-1.33349e-05
6.16604
-0.07218
-0.0437612
-0.00838964
0.063161
0.0221219
0.00671563
-0.000202019
-0.00588562
-0.00287999
-0.000452341
0.000280344
0.000504012
0.00029053
-4.39653e-05
-5.70547e-05
6.22381
-0.0526475
-0.0375419
-0.00836837
0.0529018
0.0172336
0.00567906
0.000187505
-0.00437358
-0.0020084
-0.000584237
0.00010918
0.000360326
0.000162171
5.79754e-05
-1.44757e-05
6.2727
-0.0372602
-0.0323891
-0.00808616
0.0452356
0.0137033
0.00468451
0.000362438
-0.0032926
-0.00152189
-0.00041031
6.57529e-05
0.000230907
0.000124242
1.15792e-05
-1.17661e-05
6.31488
-0.0249546
-0.0281033
-0.00766974
0.0393432
0.0110322
0.00389863
0.000458645
-0.00259988
-0.00114916
-0.000375573
3.04545e-05
0.000230907
0.000124242
1.15792e-05
-1.17661e-05
5.81194
-0.270007
-0.0776341
0.000298515
0.143178
0.0519223
0.00162054
-0.00196873
-0.0167531
-0.00554394
0.00267405
-3.52665e-05
0.00130259
0.000433383
-0.000560235
3.97544e-05
5.93967
-0.223196
-0.0738998
-0.00166573
0.11358
0.0421346
0.00528793
-0.00192
-0.0128454
-0.00424379
0.000993344
8.39968e-05
0.00130259
0.000433383
-0.000560235
3.97544e-05
6.0417
-0.184871
-0.0681787
-0.00346198
0.0917966
0.0349472
0.00559391
-0.00163274
-0.0089376
-0.00294364
-0.000687361
0.00020326
0.000693522
3.14352e-05
0.00034274
-8.60498e-06
6.12526
-0.152836
-0.0629294
-0.00490007
0.0760019
0.0291542
0.00524741
-0.00125204
-0.00685704
-0.00284933
0.000340861
0.000177445
0.000565996
0.000234695
-0.000188591
-1.7388e-06
6.19497
-0.126297
-0.0575297
-0.0059764
0.0639859
0.0241596
0.00536336
-0.000902365
-0.00515905
-0.00214525
-0.000224912
0.000172229
0.000354962
0.000112102
3.4164e-05
-1.17758e-05
6.25415
-0.10417
-0.0523571
-0.00671831
0.0547326
0.0202054
0.00501603
-0.000593235
-0.00409416
-0.00180894
-0.00012242
0.000136901
0.000354962
0.000112102
3.4164e-05
-1.17758e-05
5.4646
-0.42438
-0.0732708
0.00220774
0.194752
0.0492572
0.00671219
-0.00179528
-0.0196583
-0.000301638
-0.00884905
0.00186441
0.00121549
-0.000567824
0.00230282
-0.000509398
5.64091
-0.375992
-0.0731049
0.00176747
0.159082
0.0469504
-0.00407745
0.000405344
-0.0160118
-0.00200511
-0.00194059
0.000336213
0.00121549
-0.000567824
0.00230282
-0.000509398
5.78519
-0.331615
-0.0768201
0.00199963
0.130705
0.0412367
-0.00105017
-0.000450423
-0.0123653
-0.00370858
0.00496787
-0.00119198
0.00105909
0.000691101
-0.00211183
0.000512795
5.90459
-0.293395
-0.0750142
0.00087002
0.109151
0.0358929
0.00255008
-0.001296
-0.00918807
-0.00163528
-0.00136761
0.000346404
0.000610361
-0.000147704
0.000715465
-0.000154247
6.00516
-0.259286
-0.0731163
-0.000233821
0.0926064
0.0321792
0.00196125
-0.00106593
-0.00735698
-0.00207839
0.000778781
-0.000116336
0.000489453
0.000145103
-0.000287157
7.13583e-05
6.0909
-0.22904
-0.0706634
-0.00134473
0.0793608
0.0284578
0.00265734
-0.00108453
-0.00588863
-0.00164308
-8.26898e-05
9.77387e-05
0.000489453
0.000145103
-0.000287157
7.13583e-05
4.96915
-0.564298
-0.0722185
0.00142324
0.248926
0.0572957
-0.0448692
0.0200893
-0.0269446
-0.0124065
0.0471408
-0.0201252
0.00244109
0.00250962
-0.011516
0.00482912
5.19358
-0.5169
-0.0814629
0.00621649
0.20236
0.0400116
0.0148643
-0.00567369
-0.0196213
-0.00487765
0.0125927
-0.00563782
0.00244109
0.00250962
-0.011516
0.00482912
5.37876
-0.479256
-0.065522
-0.000265896
0.170441
0.0377851
0.00550151
-0.00246197
-0.012298
0.00265121
-0.0219554
0.00884954
0.000151161
-0.00199417
0.0103164
-0.00416241
5.53705
-0.440814
-0.0716596
0.00195927
0.146298
0.0371051
-0.00746027
0.00274989
-0.0118446
-0.00333129
0.00899364
-0.00363769
0.00102388
0.000820485
-0.0036475
0.00145628
5.67253
-0.40622
-0.0737737
0.00252774
0.125681
0.0329039
-0.00041547
-0.00015666
-0.00877293
-0.000869836
-0.00194884
0.000731146
0.000418756
-0.000215136
0.00122803
-0.000463362
5.78986
-0.374401
-0.07491
0.00263887
0.109391
0.0305188
-0.000629058
-8.4452e-05
-0.00751666
-0.00151525
0.00173526
-0.000658939
0.000418756
-0.000215136
0.00122803
-0.000463362
4.33406
-0.704466
-0.0465922
-0.0137032
0.281442
0.0278253
0.231607
-0.113567
-0.0123355
0.0214995
-0.241717
0.119042
-0.0017362
-0.00603508
0.0582929
-0.0286368
4.60143
-0.661176
0.00159089
-0.036865
0.251563
0.052719
-0.0769478
0.0386066
-0.0175441
0.00339423
-0.066838
0.0331316
-0.0017362
-0.00603508
0.0582929
-0.0286368
4.83371
-0.611098
-0.0839021
0.00623639
0.211266
0.0414022
-0.0357453
0.0189593
-0.0227527
-0.014711
0.108041
-0.0527789
0.00431094
0.00615131
-0.0502558
0.0243843
5.02654
-0.578255
-0.0618626
-0.0031989
0.178693
0.0304342
0.0295683
-0.0134455
-0.00981989
0.00374293
-0.0427269
0.0203741
-0.000346857
-0.00210567
0.0176174
-0.00844681
5.19506
-0.546184
-0.0574038
-0.00471719
0.158013
0.031603
-0.00303338
0.00196215
-0.0108605
-0.00257409
0.0101252
-0.00496637
0.000968292
0.000850845
-0.00568467
0.00269907
5.34318
-0.516304
-0.0559967
-0.00502235
0.139197
0.0290074
0.000163088
0.000126601
-0.00795559
-2.15495e-05
-0.00692876
0.00313082
0.000968292
0.000850845
-0.00568467
0.00269907
3.5693
-0.83876
-0.148449
0.0103163
0.427307
0.150338
-0.907642
0.397882
-0.113511
-0.104808
0.952561
-0.414977
0.0218847
0.0246402
-0.230432
0.101099
3.90498
-0.768589
-0.333963
0.0943201
0.26594
0.0146434
0.306182
-0.128775
-0.0478563
-0.0308871
0.261263
-0.11168
0.0218847
0.0246402
-0.230432
0.101099
4.14495
-0.760193
0.0030498
-0.0450359
0.235882
0.0267896
0.137412
-0.0488376
0.0177979
0.0430333
-0.430034
0.191618
-0.0154093
-0.0212074
0.201053
-0.0915297
4.38322
-0.711577
-0.0885197
0.00621427
0.22525
0.0492342
-0.119498
0.0598082
-0.0284298
-0.0205888
0.173124
-0.0829717
0.00671805
0.00778868
-0.0717182
0.0342972
4.58676
-0.675143
-0.106611
0.017348
0.188545
0.0314227
0.0115965
-0.00324356
-0.00827569
0.00277727
-0.0420302
0.0199199
-0.00116646
-0.00242129
0.0237826
-0.0119658
4.76586
-0.643364
-0.113262
0.0220585
0.168494
0.0297134
-0.00111604
0.000698847
-0.0117751
-0.0044866
0.0293176
-0.0159775
-0.00116646
-0.00242129
0.0237826
-0.0119658
2.59241
-1.10471
-0.153034
0.169842
0.067885
-0.471301
2.34537
-0.865156
0.319265
0.555382
-2.37043
0.797472
-0.0828084
-0.132927
0.576535
-0.19259
2.89675
-1.15356
0.398437
-0.0904313
0.45799
0.240681
-0.665894
0.152019
0.0708401
0.1566
-0.640831
0.219702
-0.0828084
-0.132927
0.576535
-0.19259
3.34277
-0.889201
-0.331753
0.0886995
0.351246
0.1551
-0.217953
0.0136529
-0.177585
-0.242182
1.08877
-0.358068
0.0729064
0.106309
-0.529308
0.183275
3.58934
-0.869974
0.00975821
-0.0724407
0.214795
-0.0103366
0.371668
-0.152658
0.0411342
0.0767451
-0.499151
0.191757
-0.0229143
-0.0327562
0.20592
-0.078831
3.82235
-0.836321
0.0881948
-0.112173
0.22832
0.044885
-0.00887519
-0.00563791
-0.0276087
-0.0215235
0.118608
-0.0447363
0.00822907
0.00924656
-0.0800314
0.0388792
4.03129
-0.803713
0.117896
-0.123668
0.19779
0.0295778
-0.0117531
0.0215273
-0.00292151
0.00621623
-0.121486
0.0719015
0.00822907
0.00924656
-0.0800314
0.0388792
1.50451
-0.90125
0.654686
-0.106187
1.0768
1.62397
-4.00908
1.45506
-0.698315
-1.79307
3.58064
-1.2435
0.168209
0.442372
-0.853913
0.287461
2.0512
-0.627974
-0.627663
0.392834
0.184796
-0.635051
0.590469
-0.169562
-0.193689
-0.465956
1.0189
-0.381122
0.168209
0.442372
-0.853913
0.287461
2.21052
-1.28661
0.127797
0.12961
0.302045
-0.239847
0.0665383
-0.0694233
0.310938
0.86116
-1.54284
0.481261
-0.166818
-0.402482
0.77977
-0.225132
2.65668
-1.06778
-0.56873
0.316315
0.423468
0.275025
-0.679823
0.217701
-0.189515
-0.346288
0.796474
-0.194137
0.0714184
0.142591
-0.312185
0.0570898
2.96205
-0.996452
-0.764264
0.396969
0.258692
0.0102209
-0.0234301
0.000696214
0.0247396
0.0814839
-0.140081
-0.0228675
-0.0236765
-0.0341784
0.17248
-0.0478892
3.22181
-0.938925
-0.755296
0.326908
0.237142
0.0706535
0.213847
-0.188706
-0.0462898
-0.0210514
0.377358
-0.166535
-0.0236765
-0.0341784
0.17248
-0.0478892
1.15176
0.0895618
0.0433809
-0.0800552
0.146758
-2.02899
5.5053
-2.02839
-0.154246
1.63771
-4.81539
1.8218
0.0441282
-0.403072
1.10025
-0.410878
1.1884
-0.7048
1.83355
-0.697526
-0.0293488
0.0371994
-0.824709
0.382569
-0.0218612
0.428489
-1.51462
0.589162
0.0441282
-0.403072
1.10025
-0.410878
1.18131
-0.642184
0.594472
-0.136672
0.0593132
-0.31504
-0.553195
0.32826
0.110523
-0.780728
1.78614
-0.643471
-0.0146632
0.481659
-0.757193
0.23064
1.33649
-1.25629
1.07022
-0.221243
0.23637
-0.431519
0.747506
-0.266762
0.0665338
0.664249
-0.485439
0.0484495
-0.0410862
-0.31051
0.0663853
0.0591637
1.59831
-1.33407
1.39868
-0.380392
0.246179
-0.0345506
-0.0242172
0.00762842
-0.0567249
-0.267281
-0.286283
0.225941
0.0667356
0.167113
-0.096336
-0.0226801
1.8545
-1.46879
0.991838
-0.169503
0.332936
-0.0677714
-0.885792
0.391469
0.143482
0.23406
-0.575292
0.1579
0.0667356
0.167113
-0.096336
-0.0226801
1.20464
-0.063842
-0.129425
0.0153667
1.59468
2.89645
-5.98504
2.10141
-1.51013
-2.52769
5.54609
-1.96862
0.330433
0.564804
-1.25533
0.44625
1.61962
0.869725
-1.82371
0.594414
-0.43429
-0.464512
1.34113
-0.497069
-0.518835
-0.833274
1.78008
-0.629866
0.330433
0.564804
-1.25533
0.44625
0.996929
0.136742
0.0421651
-0.0862716
-0.480662
-0.436649
1.13529
-0.418052
0.472463
0.861137
-1.98592
0.708883
-0.0595566
-0.340806
0.665875
-0.223581
0.929174
0.220424
-0.142585
-0.0190215
0.285595
0.263207
-0.83892
0.328971
0.293793
-0.161281
0.0117056
0.0381402
-0.226047
-0.000248405
0.274391
-0.135921
1.28252
0.322101
-0.695407
0.212169
0.19504
-0.0600997
0.00766585
-0.00251269
-0.384348
-0.162026
0.83488
-0.369624
0.114833
-0.093599
-0.18949
0.121819
1.20804
0.00637685
-0.0423513
-0.0381496
-0.229158
-0.664948
1.10896
-0.376305
-0.0398498
-0.442823
0.266411
-0.00416817
0.114833
-0.093599
-0.18949
0.121819
1.02674
-0.276593
-0.0605227
-0.0229638
0.607497
-2.7694
4.54612
-1.56768
-0.460346
2.65865
-4.26923
1.49365
0.0861515
-0.607116
0.974999
-0.343253
1.26005
-0.994463
1.19137
-0.440253
-0.0547401
0.726542
-1.06734
0.389852
-0.201891
0.837296
-1.34423
0.463889
0.0861515
-0.607116
0.974999
-0.343253
1.08957
-0.0377424
-0.245205
0.0702358
-0.200068
0.579784
-0.830808
0.287873
0.0565631
-0.984054
1.58077
-0.565868
0.0419318
0.320202
-0.506524
0.180062
0.987992
-0.12181
-0.0017713
-0.0276967
0.0388534
-0.427718
0.811151
-0.303676
0.182359
-0.0234488
0.0611935
-0.0256815
-0.0878258
0.14077
-0.320341
0.132767
1.12138
-0.432208
0.550232
-0.224288
0.140093
-0.0523061
-0.0274852
0.0432606
-0.0811187
0.398861
-0.89983
0.372618
-0.046437
-0.107122
0.359281
-0.165504
1.13392
-0.192775
-0.017802
0.0260867
-0.161455
0.42405
-0.749302
0.291984
-0.22043
0.077495
0.178013
-0.123895
-0.046437
-0.107122
0.359281
-0.165504
0.666663
-0.46653
-0.127509
-0.0509321
0.816536
1.61979
-2.5755
0.970468
-0.577284
-1.39887
2.48578
-0.915454
0.110782
0.313125
-0.576226
0.212841
1.0167
0.0675137
-0.793448
0.216923
-0.00568659
-0.238582
0.667393
-0.221917
-0.244939
-0.459501
0.757105
-0.276931
0.110782
0.313125
-0.576226
0.212841
0.876853
-0.317445
0.0548238
-0.0690834
-0.163219
-0.218211
0.452924
-0.137254
0.0874067
0.479872
-0.971574
0.361593
0.0356717
-0.15266
0.315855
-0.121481
0.836713
-0.208443
-0.147971
0.0337747
0.11861
0.283555
-0.54266
0.221489
0.194422
0.0218937
-0.0240098
-0.00284971
-0.13463
-0.101612
0.255061
-0.104253
1.01511
-0.00460654
-0.45958
0.148161
0.103562
0.0225052
0.174502
-0.0969691
-0.209469
-0.282944
0.741172
-0.315609
0.0402175
0.114927
-0.354556
0.160085
0.949425
-0.150119
0.101538
-0.104331
-0.194723
-0.198603
0.593177
-0.247932
-0.0888166
0.061836
-0.322498
0.164646
0.0402175
0.114927
-0.354556
0.160085
0.0216921
-0.874344
-0.36469
0.184172
0.831301
-0.619796
1.39312
-0.577176
-0.405829
0.826331
-1.21302
0.412994
0.0605212
-0.200804
0.279378
-0.0869082
0.507686
-0.868614
0.0947935
-0.0669178
0.201207
0.430453
-0.194776
-0.0119117
-0.224265
0.223918
-0.374882
0.15227
0.0605212
-0.200804
0.279378
-0.0869082
0.545149
-0.415048
-0.195486
-0.013468
-0.0657594
0.275875
-0.106405
0.031903
-0.0427015
-0.378496
0.463253
-0.108455
0.0773858
0.114607
-0.164192
0.0351508
0.514074
-0.403061
-0.00282983
-0.0548692
0.0809951
-0.137296
0.327526
-0.0795545
0.189456
-0.0346752
-0.0293228
-0.0030026
-0.0854353
0.0957495
-0.157459
0.0588778
0.699089
-0.479283
0.137914
-0.0785485
0.203601
0.0806026
-0.203498
0.0910736
-0.06685
0.252573
-0.501701
0.173631
-0.0393273
-0.113931
0.271551
-0.0977788
0.796513
-0.260038
-0.295734
0.088377
-0.0480813
0.243955
-0.392247
0.144999
-0.184832
-0.0892207
0.312951
-0.119706
-0.0393273
-0.113931
0.271551
-0.0977788
-1.03317
-1.05121
0.202332
0.199531
1.02745
0.43492
-0.458044
-0.703851
-0.37952
-0.360719
0.130824
0.52402
0.0521868
0.0972274
-0.00511088
-0.112071
-0.333052
-0.87978
-0.129999
-0.092371
0.424972
0.00516488
-0.211728
0.00797622
-0.222959
-0.0690364
0.115491
0.187808
0.0521868
0.0972274
-0.00511088
-0.112071
-0.0788529
-0.846424
-0.231347
-0.00865762
0.135614
0.158774
0.00392144
0.04738
-0.0663987
0.222646
0.100159
-0.148404
0.0629514
-0.108325
-0.0462172
0.0484098
0.0533135
-0.573329
-0.173484
-0.0612718
0.19167
0.279092
0.065587
-0.104199
0.122455
-0.102328
-0.0384931
-0.0031747
-0.0882674
-0.0425359
0.0312226
0.0716351
0.279172
-0.439101
-0.115168
-0.0970101
0.171779
-0.0531726
0.0822685
0.104357
-0.142347
-0.229936
0.0551746
0.211731
0.0205132
0.135834
-0.0402612
-0.117341
0.329118
-0.586376
-0.017986
0.101737
-0.0513747
-0.105544
0.0718341
0.175795
-0.080807
0.177565
-0.0656089
-0.140293
0.0205132
0.135834
-0.0402612
-0.117341
-1.68252
-0.0479523
0.0611567
-0.0135748
0.300476
-2.59272
7.63196
-5.17538
-0.085395
1.47299
-4.35927
2.96425
0.0322328
-0.249206
0.742608
-0.50673
-1.4352
-1.41689
4.07646
-2.73144
0.226384
-0.394363
1.14125
-0.767074
0.0113034
0.72537
-2.13144
1.44406
0.0322328
-0.249206
0.742608
-0.50673
-1.16528
-1.33509
3.82887
-2.56118
0.34569
0.308757
-0.893807
0.600858
0.108002
-0.0222488
0.0963839
-0.0761287
-0.0431809
-0.05553
0.148757
-0.0957499
-0.754771
-1.10411
3.18021
-2.1322
0.432151
0.0976698
-0.254768
0.161351
-0.0215409
-0.188839
0.542655
-0.363378
-0.0279455
0.234815
-0.692499
0.470049
-0.372107
-0.960467
2.7756
-1.86418
0.305232
0.424436
-1.24696
0.844742
-0.105378
0.515605
-1.53484
1.04677
-0.00125535
-0.296712
0.882752
-0.601871
-0.173508
-0.317138
0.87655
-0.574538
0.0907111
0.56551
-1.66838
1.13267
-0.109144
-0.374531
1.11341
-0.758842
-0.00125535
-0.296712
0.882752
-0.601871
