6.06455
0.0268062
0.00391455
-0.00367654
0.0441392
0.00275987
0.000152105
0.000785542
-0.00320689
-0.000402169
-3.70214e-05
-0.000124127
0.000206799
3.3792e-05
6.91262e-06
1.00533e-05
6.10569
0.0291977
0.00403655
-0.00300507
0.0383459
0.00205691
9.88005e-05
0.000567448
-0.00258649
-0.000300793
-1.62836e-05
-9.39672e-05
0.000206799
3.3792e-05
6.91262e-06
1.00533e-05
6.14165
0.0309876
0.00412598
-0.00252153
0.0337933
0.0015567
8.69712e-05
0.000409674
-0.00196609
-0.000199417
4.4543e-06
-6.38073e-05
0.00012568
1.11394e-05
1.19565e-05
2.50843e-06
6.17361
0.032356
0.00422936
-0.00217316
0.0302381
0.00119128
0.000131749
0.000289584
-0.00158905
-0.000165999
4.03238e-05
-5.6282e-05
9.75465e-05
5.78871e-05
-7.10701e-05
2.73862e-05
6.20235
0.0334392
0.00433036
-0.00191247
0.0273527
0.00103295
-8.13328e-07
0.000259179
-0.00129641
7.6623e-06
-0.000172886
2.58767e-05
6.74129e-05
-4.17061e-05
8.1394e-05
-2.40349e-05
6.22848
0.0344381
0.00423806
-0.00165145
0.0249621
0.000923154
-0.000102404
0.000238828
-0.00109417
-0.000117456
7.12954e-05
-4.62281e-05
6.74129e-05
-4.17061e-05
8.1394e-05
-2.40349e-05
6.09159
0.0236057
-0.00631608
-0.00458966
0.0478368
0.00542071
0.00233579
0.000983197
-0.0037702
-0.000848593
-0.000378134
-0.000159863
0.000257557
7.77772e-05
3.30214e-05
1.46832e-05
6.13592
0.0282556
-0.00432541
-0.00375164
0.041069
0.00395686
0.00167858
0.000707521
-0.00299753
-0.000615262
-0.00027907
-0.000115813
0.000257557
7.77772e-05
3.30214e-05
1.46832e-05
6.17424
0.031675
-0.00289288
-0.00314525
0.0358466
0.00295966
0.0012195
0.000519945
-0.00222486
-0.00038193
-0.000180006
-7.17635e-05
0.000151285
4.25777e-05
1.82874e-05
3.8735e-06
6.20802
0.0342953
-0.00183509
-0.00269319
0.0318508
0.00232354
0.000914355
0.000388038
-0.00177101
-0.000254197
-0.000125144
-6.0143e-05
0.00011175
-2.09443e-06
2.02299e-05
1.6939e-05
6.23821
0.0363625
-0.00102565
-0.00234836
0.028644
0.00180886
0.000724757
0.00031857
-0.00143576
-0.000260481
-6.44542e-05
-9.32592e-06
8.30658e-05
4.8977e-05
-2.84334e-06
-1.01691e-05
6.2655
0.0379599
-0.000368189
-0.00204929
0.0260217
0.00143483
0.000587319
0.00026941
-0.00118656
-0.000113549
-7.29842e-05
-3.98333e-05
8.30658e-05
4.8977e-05
-2.84334e-06
-1.01691e-05
6.10429
-0.00279544
-0.020372
-0.00991153
0.0565765
0.0130419
0.00582228
0.00153088
-0.0051568
-0.00208445
-0.00110767
-6.43087e-05
0.000383039
0.000187869
0.000121033
-1.24335e-05
6.15609
0.00834985
-0.0155363
-0.00845739
0.047412
0.00943658
0.00397003
0.00136497
-0.00400768
-0.00152084
-0.000744572
-0.000101609
0.000383039
0.000187869
0.000121033
-1.24335e-05
6.19988
0.0164535
-0.0121898
-0.00720647
0.0405457
0.00695851
0.00284399
0.00112445
-0.00285856
-0.000957233
-0.000381472
-0.00013891
0.000216023
9.0773e-05
2.35823e-05
2.0426e-05
6.23778
0.0225455
-0.00970373
-0.0062005
0.0354767
0.00531636
0.00215179
0.000907906
-0.00221049
-0.000684914
-0.000310725
-7.76318e-05
0.000146824
8.91824e-05
4.01234e-05
-8.77007e-06
6.2712
0.0272661
-0.00782254
-0.005379
0.0314962
0.00421408
0.00165071
0.000726332
-0.00177002
-0.000417367
-0.000190355
-0.000103942
0.00011903
1.2783e-05
1.14339e-05
1.919e-05
6.30104
0.0310756
-0.00635076
-0.00473742
0.0283132
0.0034177
0.0013043
0.000576018
-0.00141293
-0.000379018
-0.000156053
-4.6372e-05
0.00011903
1.2783e-05
1.14339e-05
1.919e-05
6.07121
-0.073274
-0.0527358
-0.0115729
0.0769715
0.0292791
0.0114115
-0.000437821
-0.00841323
-0.00449272
-0.00102809
0.00015586
0.000679508
0.000392635
-2.51966e-05
2.83302e-05
6.14045
-0.048095
-0.0423776
-0.0118266
0.0621836
0.0214715
0.00927972
-4.1111e-05
-0.0063747
-0.00331481
-0.00110368
0.00024085
0.000679508
0.000392635
-2.51966e-05
2.83302e-05
6.19694
-0.0295456
-0.0342267
-0.0115985
0.0514727
0.0160198
0.00699677
0.00052558
-0.00433618
-0.00213691
-0.00117927
0.000325841
0.000350804
0.000199216
0.000194762
-0.000112044
6.24443
-0.0154635
-0.0282145
-0.0108591
0.0438527
0.0123437
0.00522252
0.000841129
-0.00328376
-0.00153926
-0.000594982
-1.02924e-05
0.00026736
0.000143119
2.2015e-05
1.3019e-05
6.28526
-0.00451595
-0.0235649
-0.0100153
0.0380873
0.0096945
0.00409861
0.000859601
-0.00248168
-0.0011099
-0.000528937
2.87647e-05
0.000162437
9.32209e-05
5.67118e-05
-2.09168e-05
6.32103
0.00416187
-0.0199385
-0.00914782
0.0336112
0.00775435
0.00321087
0.00085438
-0.00199437
-0.000830241
-0.000358801
-3.39858e-05
0.000162437
9.32209e-05
5.67118e-05
-2.09168e-05
5.93363
-0.213464
-0.0912189
-0.00253781
0.117224
0.0507886
0.0111835
-0.00509972
-0.0137782
-0.00608132
-0.0016591
0.00223233
0.00107528
0.000427233
0.000377903
-0.000464497
6.03815
-0.16833
-0.0813166
-0.0058697
0.0928937
0.0399076
0.00899905
-0.00202855
-0.0105523
-0.00479962
-0.000525388
0.000838843
0.00107528
0.000427233
0.000377903
-0.000464497
6.12157
-0.132795
-0.072465
-0.00752391
0.0750149
0.0315901
0.00908198
-0.00174435
-0.00732651
-0.00351792
0.00060832
-0.000554648
0.000632737
0.000252606
-0.000511949
0.000416952
6.18989
-0.10447
-0.0632866
-0.00940596
0.0622601
0.0253121
0.00876278
-0.00160279
-0.0054283
-0.0027601
-0.000927528
0.000696209
0.000445513
0.000226206
0.000160891
-0.000179049
6.24717
-0.0816916
-0.0552905
-0.0104916
0.05274
0.0204705
0.00739039
-0.000747521
-0.00409176
-0.00208148
-0.000444855
0.000159062
0.000291453
0.000143894
-4.06494e-05
3.14539e-05
6.29611
-0.0631587
-0.0483856
-0.0110486
0.0454308
0.0167392
0.00637873
-0.000335034
-0.0032174
-0.0016498
-0.000566803
0.000253424
0.000291453
0.000143894
-4.06494e-05
3.14539e-05
5.62641
-0.403516
-0.0989224
0.00521104
0.174097
0.0578565
-0.00788177
0.00761223
-0.0192863
-0.00270251
0.00808795
-0.00909222
0.00141592
-0.000210452
-0.00172937
0.00215241
5.78264
-0.348572
-0.100446
0.00588346
0.139772
0.0518201
0.00310602
-0.00411498
-0.0150385
-0.00333386
0.00289984
-0.00263498
0.00141592
-0.000210452
-0.00172937
0.00215241
5.90878
-0.300296
-0.0961692
0.00128591
0.113943
0.044521
0.00371757
-0.00292771
-0.0107908
-0.00396522
-0.00228828
0.00382225
0.000790347
0.000479565
0.0013819
-0.00183908
6.01273
-0.259261
-0.093358
0.000341362
0.0947321
0.0380293
0.00328671
-0.000800471
-0.00841972
-0.00252653
0.00185743
-0.00169501
0.000653561
1.08409e-05
-0.000623148
0.000716751
6.09969
-0.223747
-0.088837
-0.00143736
0.0798534
0.0330087
0.00513213
-0.00204023
-0.00645903
-0.00249401
-1.2014e-05
0.000455248
0.000426152
0.000156957
0.000121299
-0.00021368
6.17351
-0.193076
-0.0835956
-0.00323603
0.0682138
0.0284916
0.005472
-0.00177077
-0.00518058
-0.00202313
0.000351883
-0.000185793
0.000426152
0.000156957
0.000121299
-0.00021368
5.12918
-0.585727
-0.0856033
-0.0014974
0.231684
0.0649296
-0.00568418
-0.0128593
-0.022993
-0.0138033
0.00338139
0.0157316
0.0016285
0.00278803
-0.000780035
-0.0039366
5.3395
-0.531813
-0.0886861
-0.00256174
0.190583
0.0456872
-0.00126151
0.00679407
-0.0181075
-0.00543915
0.00104128
0.00392181
0.0016285
0.00278803
-0.000780035
-0.0039366
5.5136
-0.488777
-0.0896864
0.00421754
0.159253
0.043173
-0.00151906
0.00282788
-0.013222
0.00292495
-0.00129882
-0.007888
0.000812731
-0.00227388
0.000745096
0.00362708
5.66045
-0.444953
-0.0917591
0.00278449
0.135248
0.0422013
-0.00188142
-0.00206689
-0.0107838
-0.00389668
0.000936465
0.00299323
0.000758004
0.000914798
-0.000217627
-0.00132018
5.78567
-0.405733
-0.0929217
0.00239065
0.115954
0.0371523
-0.000661365
-4.09652e-05
-0.00850981
-0.00115229
0.000283585
-0.000967301
0.000490728
-0.000241485
6.37903e-05
0.000470679
5.89361
-0.369975
-0.0932357
0.00185307
0.100407
0.0341233
9.71762e-05
-0.000563531
-0.00703762
-0.00187675
0.000474956
0.000444736
0.000490728
-0.000241485
6.37903e-05
0.000470679
4.45635
-0.761426
-0.0677236
-0.0089325
0.27807
0.0149832
0.183932
-0.0595157
-0.0176833
0.0401543
-0.190754
0.0619865
-0.0003001
-0.0105818
0.0458627
-0.0147981
4.71644
-0.71687
-0.0286828
-0.0212598
0.241803
0.0635464
-0.0599876
0.020063
-0.0185836
0.00840883
-0.0531656
0.0175922
-0.0003001
-0.0105818
0.0458627
-0.0147981
4.93936
-0.655497
-0.0959733
0.00159729
0.203735
0.0486185
-0.0287306
0.0108532
-0.0194839
-0.0233367
0.0844225
-0.026802
0.00291102
0.0100975
-0.0392275
0.0122723
5.12652
-0.620118
-0.0795088
-0.00207925
0.173501
0.0322378
0.022432
-0.00593398
-0.0107508
0.00695593
-0.03326
0.0100149
0.000134999
-0.00348098
0.013702
-0.00417044
5.28941
-0.584405
-0.0766348
-0.00216881
0.152404
0.0357067
-0.00298199
0.00158443
-0.0103458
-0.00348702
0.00784603
-0.00249646
0.000783712
0.00129813
-0.00437497
0.00129291
5.43225
-0.550887
-0.0761458
-0.00178793
0.134064
0.032627
-0.000414857
0.000470237
-0.00799468
0.000407373
-0.0052789
0.00138227
0.000783712
0.00129813
-0.00437497
0.00129291
3.61827
-0.923671
-0.181835
0.0144025
0.417469
0.204299
-1.13379
0.55548
-0.106296
-0.155394
1.18954
-0.579347
0.0201827
0.0367493
-0.287865
0.141144
3.94963
-0.838016
-0.413946
0.13168
0.265425
0.00376021
0.381702
-0.179782
-0.0457481
-0.0451456
0.325948
-0.155915
0.0201827
0.0367493
-0.287865
0.141144
4.18949
-0.842652
0.00583803
-0.0628743
0.234476
0.0237169
0.170001
-0.0681818
0.0148
0.0651023
-0.537648
0.267516
-0.0139467
-0.0315406
0.251659
-0.127784
4.42482
-0.785373
-0.110151
0.00867569
0.222236
0.0592998
-0.15032
0.0834978
-0.02704
-0.0295195
0.217328
-0.115836
0.00618558
0.0114117
-0.0900248
0.047882
4.6262
-0.744181
-0.133167
0.0242194
0.186713
0.034496
0.0142617
-0.00452831
-0.00848327
0.00471566
-0.0527465
0.02781
-0.00100022
-0.00357309
0.0299464
-0.0167054
4.80343
-0.708542
-0.141706
0.0307958
0.166746
0.033208
-0.00139226
0.000975654
-0.0114839
-0.00600362
0.0370926
-0.022306
-0.00100022
-0.00357309
0.0299464
-0.0167054
2.52717
-1.24413
-0.197333
0.27415
0.0434586
-0.39684
3.58398
-1.9254
0.348507
0.485654
-3.6248
1.82631
-0.0897896
-0.11555
0.881176
-0.441647
2.82935
-1.27087
0.643024
-0.266583
0.471104
0.227817
-1.02209
0.402287
0.0791385
0.139003
-0.981274
0.501373
-0.0897896
-0.11555
0.881176
-0.441647
3.2898
-1.0196
-0.479165
0.19543
0.360013
0.159173
-0.341112
0.0800904
-0.19023
-0.207647
1.66225
-0.823569
0.0783876
0.0884251
-0.806795
0.413831
3.53797
-0.979647
0.0351813
-0.134218
0.214714
0.00915389
0.563011
-0.325555
0.0449322
0.0576279
-0.75813
0.417924
-0.0245455
-0.0249918
0.312802
-0.172009
3.77307
-0.937857
0.152864
-0.213859
0.230942
0.0494344
-0.0148431
-0.00573617
-0.0287041
-0.0173474
0.180276
-0.0981046
0.00866772
0.00620362
-0.121205
0.0795889
3.98398
-0.899567
0.197092
-0.238111
0.199537
0.0333505
-0.017905
0.0368213
-0.00270099
0.00126347
-0.183338
0.140662
0.00866772
0.00620362
-0.121205
0.0795889
1.35985
-0.816349
0.980166
-0.337734
1.3052
0.994925
-6.56636
4.08493
-0.964325
-1.285
5.98155
-3.63517
0.234189
0.321859
-1.43193
0.853767
1.93492
-0.784568
-1.03657
0.965801
0.079117
-0.609505
1.10094
-0.624097
-0.261759
-0.319426
1.68575
-1.07386
0.234189
0.321859
-1.43193
0.853767
1.98646
-1.39164
0.318191
0.121606
0.258164
-0.282779
0.176656
-0.210526
0.440807
0.646152
-2.61004
1.48744
-0.226151
-0.283671
1.31293
-0.711673
2.45928
-1.31194
-0.802269
0.686843
0.461324
0.158511
-1.10465
0.629327
-0.237647
-0.204862
1.32874
-0.647583
0.0912556
0.0845845
-0.527603
0.222591
2.77422
-1.27371
-1.10579
0.891179
0.259798
0.00253959
-0.0299892
0.0019351
0.0361201
0.0488912
-0.254074
0.0201902
-0.0267445
0.00256078
0.275925
-0.141924
3.04339
-1.21971
-1.11393
0.77138
0.251804
0.108004
0.289637
-0.383456
-0.0441135
0.0565736
0.5737
-0.405581
-0.0267445
0.00256078
0.275925
-0.141924
1.18594
0.130781
-0.164415
0.00544389
-0.181296
0.117013
7.6457
-5.48949
0.0970523
-0.227407
-6.69726
4.92237
-0.0221165
0.0192973
1.54625
-1.12626
1.07958
0.0396846
2.33027
-1.68794
-0.0535414
-0.279909
-1.11008
0.976464
0.0307026
-0.169515
-2.05852
1.54358
-0.0221165
0.0192973
1.54625
-1.12626
1.03462
-0.390442
0.707922
-0.294153
-0.0584857
-0.561047
-0.588373
0.684844
-0.035647
-0.111623
2.58022
-1.8352
0.0914304
0.207161
-1.16409
0.741263
1.03192
-0.85595
1.53568
-0.703249
0.144512
-0.162808
1.0798
-0.761773
0.238644
0.509861
-0.912049
0.388586
-0.129172
-0.302849
0.23984
-0.000731199
1.2859
-0.811746
1.94327
-1.07717
0.234283
-0.0516335
-0.0247777
0.0132042
-0.148873
-0.398687
-0.19253
0.386392
0.109817
0.128639
-0.210652
0.0277253
1.48113
-1.13343
1.51531
-0.649846
0.26599
-0.463089
-1.04179
0.869164
0.180579
-0.0127687
-0.824485
0.469568
0.109817
0.128639
-0.210652
0.0277253
1.15775
-0.181717
-0.131364
0.0145528
2.09192
-1.06006
-4.90864
3.96442
-1.90524
1.14519
4.47658
-3.65542
0.417165
-0.266995
-1.01329
0.829929
1.76159
-0.363586
-1.57671
1.15348
-0.467065
0.429325
1.00466
-0.856637
-0.653746
0.3442
1.43671
-1.16564
0.417165
-0.266995
-1.01329
0.829929
1.05795
0.142944
-0.148627
-0.0388643
-0.523061
0.316739
0.83821
-0.698124
0.59775
-0.456786
-1.60316
1.32415
-0.124236
0.102769
0.584457
-0.455841
1.0084
0.105666
-0.32912
0.13132
0.299731
-0.288526
-0.614739
0.582652
0.225042
-0.148479
0.150211
-0.0433729
-0.192913
0.174636
0.104128
-0.16383
1.34026
-0.156703
-0.68952
0.506769
0.171076
-0.0615762
-0.00193181
0.00441588
-0.353698
0.375429
0.462596
-0.534863
0.0555304
-0.209488
-0.00721069
0.128592
1.21317
-0.0523383
-0.236066
0.104914
-0.369728
0.0608179
0.901629
-0.679534
-0.187106
-0.253035
0.440964
-0.149087
0.0555304
-0.209488
-0.00721069
0.128592
0.859219
-0.400786
-0.107163
-0.0538311
0.0876481
1.01593
1.62042
-1.64559
0.0611056
-0.867911
-1.46655
1.5561
-0.0331922
0.196208
0.327979
-0.354859
0.97478
-0.0565591
0.374687
-0.498173
0.110283
-0.131267
-0.328738
0.402043
-0.038471
-0.279285
-0.482609
0.491526
-0.0331922
0.196208
0.327979
-0.354859
1.0134
-0.270903
-0.10868
0.0405372
-0.0662358
-0.101213
-0.310017
0.320519
-0.138048
0.30934
0.50133
-0.57305
0.10715
-0.0958386
-0.162107
0.183585
0.916266
-0.158615
-0.0794734
-0.0284082
-0.020882
0.229951
0.206323
-0.274825
0.183401
0.0218242
0.01501
-0.0222938
-0.0779789
-0.108597
-0.0412198
0.10354
1.00081
-0.0154363
0.10064
-0.221986
0.111984
-0.0521922
0.112684
-0.00879077
-0.0505354
-0.303968
-0.108649
0.288328
-0.032576
0.161867
-0.0145088
-0.102112
1.02968
-0.209729
0.0901655
-0.0445617
-0.0868149
-0.174526
-0.148141
0.261527
-0.148263
0.181634
-0.152176
-0.0180095
-0.032576
0.161867
-0.0145088
-0.102112
0.297438
-0.776606
-0.42652
0.128462
1.07841
-0.679992
0.255198
0.255312
-0.71725
0.867302
-0.0908508
-0.35343
0.136137
-0.212409
0.0173166
0.089442
0.794735
-0.801705
-0.244856
0.119787
0.0523207
0.417386
0.125446
-0.183222
-0.308839
0.230076
-0.0389011
-0.0851041
0.136137
-0.212409
0.0173166
0.089442
0.674354
-0.366651
-0.140995
-0.0590974
-0.156946
0.240311
0.0995936
-0.085104
0.0995721
-0.40715
0.0130487
0.183222
0.0327899
0.130704
-0.0162534
-0.0619907
0.64977
-0.402786
-0.0446059
-0.0229702
0.140568
-0.181876
0.0769307
0.0953677
0.197942
-0.0150371
-0.0357116
-0.00275024
-0.124256
0.119584
-0.0481286
-0.0246637
0.864024
-0.480115
-0.0515154
0.0449835
0.163685
0.146803
-0.138878
0.015876
-0.174825
0.343716
-0.180097
-0.0767414
0.0126702
-0.173487
0.121313
0.0273566
0.865554
-0.163083
-0.249179
0.0114747
-0.147955
0.313773
-0.135136
-0.055537
-0.136815
-0.176746
0.18384
0.00532839
0.0126702
-0.173487
0.121313
0.0273566
-0.777225
-1.24426
0.0768043
0.278564
0.908927
0.59634
0.048457
-0.982641
-0.294228
-0.37469
-0.298634
0.73158
0.0304868
0.0905504
0.0924332
-0.156461
-0.132039
-0.932057
-0.080939
-0.128958
0.411931
0.118612
-0.27151
0.0111355
-0.202768
-0.103038
-0.0213339
0.262197
0.0304868
0.0905504
0.0924332
-0.156461
0.10761
-0.825933
-0.28135
-0.0120868
0.097855
0.184186
-0.0368785
0.0661469
-0.111308
0.168613
0.255966
-0.207186
0.0852502
-0.0877746
-0.100417
0.0675845
0.179408
-0.560908
-0.162679
-0.0855411
0.13099
0.258088
0.173803
-0.145471
0.144443
-0.0947109
-0.0452838
-0.00443218
-0.0774635
-0.050664
-0.0241625
0.100009
0.377377
-0.448195
-0.0583223
-0.135435
0.187485
-0.0833256
0.0107482
0.145692
-0.0879476
-0.246703
-0.117771
0.295595
-0.0121481
0.151208
0.053173
-0.163819
0.464767
-0.627016
-0.112172
0.142034
-0.024854
-0.123109
-0.0652755
0.245426
-0.124392
0.20692
0.0417476
-0.195862
-0.0121481
0.151208
0.053173
-0.163819
-1.66611
-0.254958
0.422005
-0.183819
0.571083
-2.25467
6.47991
-4.632
-0.235972
1.22278
-3.60091
2.60668
0.0570095
-0.193966
0.59123
-0.435369
-1.27399
-1.48081
3.89223
-2.6445
0.270168
-0.391002
1.05178
-0.724744
-0.0649433
0.640885
-1.82722
1.30057
0.0570095
-0.193966
0.59123
-0.435369
-1.01176
-1.42489
3.70802
-2.50404
0.31131
0.30887
-0.828977
0.570296
0.106085
0.0589873
-0.0535304
-0.00553384
-0.0353564
-0.0858541
0.191257
-0.11575
-0.629721
-1.14289
3.01677
-2.05503
0.417411
0.169282
-0.362266
0.211977
1.59525e-05
-0.198575
0.520241
-0.352785
-0.0522808
0.201039
-0.582525
0.418187
-0.264575
-0.971145
2.59222
-1.77765
0.2606
0.375248
-1.06936
0.760967
-0.156826
0.404541
-1.22733
0.901775
0.0284135
-0.233903
0.707754
-0.51935
-0.132388
-0.42526
1.00328
-0.634262
0.0321879
0.482619
-1.40077
1.00647
-0.0715861
-0.29717
0.895927
-0.656275
0.0284135
-0.233903
0.707754
-0.51935
