2.000000000000000000e+01
2.372966207759699486e+01
2.745932415519399328e+01
3.118898623279098814e+01
3.491864831038798656e+01
3.864831038798497787e+01
4.237797246558197628e+01
4.610763454317897470e+01
4.983729662077597311e+01
5.356695869837296442e+01
5.729662077596996284e+01
6.102628285356696125e+01
6.475594493116395256e+01
6.848560700876095098e+01
7.221526908635794939e+01
7.594493116395494781e+01
7.967459324155194622e+01
8.340425531914894464e+01
8.713391739674592884e+01
9.086357947434292726e+01
9.459324155193992567e+01
9.832290362953692409e+01
1.020525657071339225e+02
1.057822277847309067e+02
1.095118898623279051e+02
1.132415519399249035e+02
1.169712140175219020e+02
1.207008760951189004e+02
1.244305381727158988e+02
1.281602002503128688e+02
1.318898623279098956e+02
1.356195244055068656e+02
1.393491864831038924e+02
1.430788485607008624e+02
1.468085106382978893e+02
1.505381727158948593e+02
1.542678347934918577e+02
1.579974968710888561e+02
1.617271589486858545e+02
1.654568210262828529e+02
1.691864831038798513e+02
1.729161451814768498e+02
1.766458072590738482e+02
1.803754693366708466e+02
1.841051314142678450e+02
1.878347934918648150e+02
1.915644555694618134e+02
1.952941176470588118e+02
1.990237797246558102e+02
2.027534418022528087e+02
2.064831038798498071e+02
2.102127659574468055e+02
2.139424280350438039e+02
2.176720901126408023e+02
2.214017521902378007e+02
2.251314142678347991e+02
2.288610763454317976e+02
2.325907384230287960e+02
2.363204005006257660e+02
2.400500625782227644e+02
2.437797246558197628e+02
2.475093867334167612e+02
2.512390488110137596e+02
2.549687108886107580e+02
2.586983729662077849e+02
2.624280350438047549e+02
2.661576971214017249e+02
2.698873591989987517e+02
2.736170212765957785e+02
2.773466833541927485e+02
2.810763454317897185e+02
2.848060075093867454e+02
2.885356695869837154e+02
2.922653316645807422e+02
2.959949937421777122e+02
2.997246558197747390e+02
3.034543178973717090e+02
3.071839799749686790e+02
3.109136420525657059e+02
3.146433041301626758e+02
3.183729662077597027e+02
3.221026282853566727e+02
3.258322903629536995e+02
3.295619524405506695e+02
3.332916145181476963e+02
3.370212765957446663e+02
3.407509386733416932e+02
3.444806007509386632e+02
3.482102628285356900e+02
3.519399249061326600e+02
3.556695869837296300e+02
3.593992490613266568e+02
3.631289111389236268e+02
3.668585732165206537e+02
3.705882352941176237e+02
3.743178973717146505e+02
3.780475594493116205e+02
3.817772215269086473e+02
3.855068836045056173e+02
3.892365456821026442e+02
3.929662077596996141e+02
3.966958698372966410e+02
4.004255319148936110e+02
4.041551939924905810e+02
4.078848560700876078e+02
4.116145181476845778e+02
4.153441802252816046e+02
4.190738423028785746e+02
4.228035043804756015e+02
4.265331664580725715e+02
4.302628285356695983e+02
4.339924906132665683e+02
4.377221526908635951e+02
4.414518147684605651e+02
4.451814768460575920e+02
4.489111389236545619e+02
4.526408010012515319e+02
4.563704630788485588e+02
4.601001251564455288e+02
4.638297872340425556e+02
4.675594493116395256e+02
4.712891113892365524e+02
4.750187734668335224e+02
4.787484355444305493e+02
4.824780976220275193e+02
4.862077596996245461e+02
4.899374217772215161e+02
4.936670838548185429e+02
4.973967459324155129e+02
5.011264080100124829e+02
5.048560700876095098e+02
5.085857321652064797e+02
5.123153942428034497e+02
5.160450563204004766e+02
5.197747183979975034e+02
5.235043804755944166e+02
5.272340425531915571e+02
5.309637046307884702e+02
5.346933667083854971e+02
5.384230287859825239e+02
5.421526908635794371e+02
5.458823529411764639e+02
5.496120150187734907e+02
5.533416770963704039e+02
5.570713391739674307e+02
5.608010012515644576e+02
5.645306633291614844e+02
5.682603254067583975e+02
5.719899874843554244e+02
5.757196495619524512e+02
5.794493116395494781e+02
5.831789737171463912e+02
5.869086357947434180e+02
5.906382978723404449e+02
5.943679599499373580e+02
5.980976220275343849e+02
6.018272841051314117e+02
6.055569461827284385e+02
6.092866082603253517e+02
6.130162703379223785e+02
6.167459324155194054e+02
6.204755944931164322e+02
6.242052565707133454e+02
6.279349186483103722e+02
6.316645807259073990e+02
6.353942428035044259e+02
6.391239048811013390e+02
6.428535669586983659e+02
6.465832290362953927e+02
6.503128911138923058e+02
6.540425531914893327e+02
6.577722152690863595e+02
6.615018773466833863e+02
6.652315394242802995e+02
6.689612015018773263e+02
6.726908635794743532e+02
6.764205256570713800e+02
6.801501877346682932e+02
6.838798498122653200e+02
6.876095118898623468e+02
6.913391739674592600e+02
6.950688360450562868e+02
6.987984981226533137e+02
7.025281602002503405e+02
7.062578222778472536e+02
7.099874843554442805e+02
7.137171464330413073e+02
7.174468085106383342e+02
7.211764705882352473e+02
7.249061326658322741e+02
7.286357947434293010e+02
7.323654568210263278e+02
7.360951188986232410e+02
7.398247809762202678e+02
7.435544430538172946e+02
7.472841051314142078e+02
7.510137672090112346e+02
7.547434292866082615e+02
7.584730913642052883e+02
7.622027534418022015e+02
7.659324155193992283e+02
7.696620775969962551e+02
7.733917396745932820e+02
7.771214017521901951e+02
7.808510638297872219e+02
7.845807259073842488e+02
7.883103879849811619e+02
7.920400500625781888e+02
7.957697121401752156e+02
7.994993742177722424e+02
8.032290362953691556e+02
8.069586983729661824e+02
8.106883604505632093e+02
8.144180225281602361e+02
8.181476846057571493e+02
8.218773466833541761e+02
8.256070087609512029e+02
8.293366708385482298e+02
8.330663329161451429e+02
8.367959949937421698e+02
8.405256570713391966e+02
8.442553191489361097e+02
8.479849812265331366e+02
8.517146433041301634e+02
8.554443053817271903e+02
8.591739674593241034e+02
8.629036295369211302e+02
8.666332916145181571e+02
8.703629536921151839e+02
8.740926157697120971e+02
8.778222778473091239e+02
8.815519399249061507e+02
8.852816020025030639e+02
8.890112640801000907e+02
8.927409261576971176e+02
8.964705882352941444e+02
9.002002503128910575e+02
9.039299123904880844e+02
9.076595744680851112e+02
9.113892365456821381e+02
9.151188986232790512e+02
9.188485607008760780e+02
9.225782227784731049e+02
9.263078848560701317e+02
9.300375469336670449e+02
9.337672090112640717e+02
9.374968710888610985e+02
9.412265331664580117e+02
9.449561952440550385e+02
9.486858573216520654e+02
9.524155193992490922e+02
9.561451814768460054e+02
9.598748435544430322e+02
9.636045056320400590e+02
9.673341677096370859e+02
9.710638297872339990e+02
9.747934918648310259e+02
9.785231539424280527e+02
9.822528160200249658e+02
9.859824780976219927e+02
9.897121401752190195e+02
9.934418022528160463e+02
9.971714643304129595e+02
1.000901126408009986e+03
1.004630788485607013e+03
1.008360450563204040e+03
1.012090112640800953e+03
1.015819774718397980e+03
1.019549436795995007e+03
1.023279098873591920e+03
1.027008760951188833e+03
1.030738423028785974e+03
1.034468085106383114e+03
1.038197747183980027e+03
1.041927409261576940e+03
1.045657071339173854e+03
1.049386733416770994e+03
1.053116395494367907e+03
1.056846057571965048e+03
1.060575719649561961e+03
1.064305381727158874e+03
1.068035043804756015e+03
1.071764705882352928e+03
1.075494367959949841e+03
1.079224030037546981e+03
1.082953692115143895e+03
1.086683354192740808e+03
1.090413016270337948e+03
1.094142678347934861e+03
1.097872340425532002e+03
1.101602002503128915e+03
1.105331664580725828e+03
1.109061326658322969e+03
1.112790988735919882e+03
1.116520650813516795e+03
1.120250312891113936e+03
1.123979974968710849e+03
1.127709637046307762e+03
1.131439299123904902e+03
1.135168961201501816e+03
1.138898623279098956e+03
1.142628285356695869e+03
1.146357947434292782e+03
1.150087609511889923e+03
1.153817271589486836e+03
1.157546933667083749e+03
1.161276595744680890e+03
1.165006257822277803e+03
1.168735919899874716e+03
1.172465581977471857e+03
1.176195244055068770e+03
1.179924906132665910e+03
1.183654568210262823e+03
1.187384230287859737e+03
1.191113892365456877e+03
1.194843554443053790e+03
1.198573216520650703e+03
1.202302878598247844e+03
1.206032540675844757e+03
1.209762202753441898e+03
1.213491864831038811e+03
1.217221526908635724e+03
1.220951188986232864e+03
1.224680851063829778e+03
1.228410513141426691e+03
1.232140175219023831e+03
1.235869837296620744e+03
1.239599499374217658e+03
1.243329161451814798e+03
1.247058823529411711e+03
1.250788485607008852e+03
1.254518147684605765e+03
1.258247809762202678e+03
1.261977471839799819e+03
1.265707133917396732e+03
1.269436795994993645e+03
1.273166458072590785e+03
1.276896120150187699e+03
1.280625782227784612e+03
1.284355444305381752e+03
1.288085106382978665e+03
1.291814768460575806e+03
1.295544430538172719e+03
1.299274092615769632e+03
1.303003754693366773e+03
1.306733416770963686e+03
1.310463078848560599e+03
1.314192740926157740e+03
1.317922403003754653e+03
1.321652065081351566e+03
1.325381727158948706e+03
1.329111389236545619e+03
1.332841051314142760e+03
1.336570713391739673e+03
1.340300375469336586e+03
1.344030037546933727e+03
1.347759699624530640e+03
1.351489361702127553e+03
1.355219023779724694e+03
1.358948685857321607e+03
1.362678347934918520e+03
1.366408010012515660e+03
1.370137672090112574e+03
1.373867334167709714e+03
1.377596996245306627e+03
1.381326658322903540e+03
1.385056320400500681e+03
1.388785982478097594e+03
1.392515644555694507e+03
1.396245306633291648e+03
1.399974968710888561e+03
1.403704630788485701e+03
1.407434292866082615e+03
1.411163954943679528e+03
1.414893617021276668e+03
1.418623279098873581e+03
1.422352941176470495e+03
1.426082603254067635e+03
1.429812265331664548e+03
1.433541927409261461e+03
1.437271589486858602e+03
1.441001251564455515e+03
1.444730913642052656e+03
1.448460575719649569e+03
1.452190237797246482e+03
1.455919899874843622e+03
1.459649561952440536e+03
1.463379224030037449e+03
1.467108886107634589e+03
1.470838548185231502e+03
1.474568210262828416e+03
1.478297872340425556e+03
1.482027534418022469e+03
1.485757196495619610e+03
1.489486858573216523e+03
1.493216520650813436e+03
1.496946182728410577e+03
1.500675844806007490e+03
1.504405506883604403e+03
1.508135168961201543e+03
1.511864831038798457e+03
1.515594493116395370e+03
1.519324155193992510e+03
1.523053817271589423e+03
1.526783479349186564e+03
1.530513141426783477e+03
1.534242803504380390e+03
1.537972465581977531e+03
1.541702127659574444e+03
1.545431789737171357e+03
1.549161451814768498e+03
1.552891113892365411e+03
1.556620775969962324e+03
1.560350438047559464e+03
1.564080100125156378e+03
1.567809762202753518e+03
1.571539424280350431e+03
1.575269086357947344e+03
1.578998748435544485e+03
1.582728410513141398e+03
1.586458072590738311e+03
1.590187734668335452e+03
1.593917396745932365e+03
1.597647058823529278e+03
1.601376720901126419e+03
1.605106382978723332e+03
1.608836045056320472e+03
1.612565707133917385e+03
1.616295369211514299e+03
1.620025031289111439e+03
1.623754693366708352e+03
1.627484355444305265e+03
1.631214017521902406e+03
1.634943679599499319e+03
1.638673341677096460e+03
1.642403003754693373e+03
1.646132665832290286e+03
1.649862327909887426e+03
1.653591989987484340e+03
1.657321652065081253e+03
1.661051314142678393e+03
1.664780976220275306e+03
1.668510638297872219e+03
1.672240300375469360e+03
1.675969962453066273e+03
1.679699624530663414e+03
1.683429286608260327e+03
1.687158948685857240e+03
1.690888610763454381e+03
1.694618272841051294e+03
1.698347934918648207e+03
1.702077596996245347e+03
1.705807259073842260e+03
1.709536921151439174e+03
1.713266583229036314e+03
1.716996245306633227e+03
1.720725907384230368e+03
1.724455569461827281e+03
1.728185231539424194e+03
1.731914893617021335e+03
1.735644555694618248e+03
1.739374217772215161e+03
1.743103879849812301e+03
1.746833541927409215e+03
1.750563204005006128e+03
1.754292866082603268e+03
1.758022528160200181e+03
1.761752190237797322e+03
1.765481852315394235e+03
1.769211514392991148e+03
1.772941176470588289e+03
1.776670838548185202e+03
1.780400500625782115e+03
1.784130162703379256e+03
1.787859824780976169e+03
1.791589486858573082e+03
1.795319148936170222e+03
1.799048811013767136e+03
1.802778473091364276e+03
1.806508135168961189e+03
1.810237797246558102e+03
1.813967459324155243e+03
1.817697121401752156e+03
1.821426783479349069e+03
1.825156445556946210e+03
1.828886107634543123e+03
1.832615769712140263e+03
1.836345431789737177e+03
1.840075093867334090e+03
1.843804755944931230e+03
1.847534418022528143e+03
1.851264080100125057e+03
1.854993742177722197e+03
1.858723404255319110e+03
1.862453066332916023e+03
1.866182728410513164e+03
1.869912390488110077e+03
1.873642052565707218e+03
1.877371714643304131e+03
1.881101376720901044e+03
1.884831038798498184e+03
1.888560700876095098e+03
1.892290362953692011e+03
1.896020025031289151e+03
1.899749687108886064e+03
1.903479349186482978e+03
1.907209011264080118e+03
1.910938673341677031e+03
1.914668335419274172e+03
1.918397997496871085e+03
1.922127659574467998e+03
1.925857321652065139e+03
1.929586983729662052e+03
1.933316645807258965e+03
1.937046307884856105e+03
1.940775969962453019e+03
1.944505632040049932e+03
1.948235294117647072e+03
1.951964956195243985e+03
1.955694618272841126e+03
1.959424280350438039e+03
1.963153942428034952e+03
1.966883604505632093e+03
1.970613266583229006e+03
1.974342928660825919e+03
1.978072590738423060e+03
1.981802252816019973e+03
1.985531914893616886e+03
1.989261576971214026e+03
1.992991239048810939e+03
1.996720901126408080e+03
2.000450563204004993e+03
2.004180225281601906e+03
2.007909887359199047e+03
2.011639549436795960e+03
2.015369211514392873e+03
2.019098873591990014e+03
2.022828535669586927e+03
2.026558197747183840e+03
2.030287859824780980e+03
2.034017521902377894e+03
2.037747183979975034e+03
2.041476846057571947e+03
2.045206508135168860e+03
2.048936170212766228e+03
2.052665832290363142e+03
2.056395494367960055e+03
2.060125156445556968e+03
2.063854818523153881e+03
2.067584480600750794e+03
2.071314142678347707e+03
2.075043804755945075e+03
2.078773466833541988e+03
2.082503128911138901e+03
2.086232790988735815e+03
2.089962453066332728e+03
2.093692115143930096e+03
2.097421777221527009e+03
2.101151439299123922e+03
2.104881101376720835e+03
2.108610763454317748e+03
2.112340425531914661e+03
2.116070087609512029e+03
2.119799749687108942e+03
2.123529411764705856e+03
2.127259073842302769e+03
2.130988735919899682e+03
2.134718397997497050e+03
2.138448060075093963e+03
2.142177722152690876e+03
2.145907384230287789e+03
2.149637046307884702e+03
2.153366708385481616e+03
2.157096370463078983e+03
2.160826032540675897e+03
2.164555694618272810e+03
2.168285356695869723e+03
2.172015018773466636e+03
2.175744680851064004e+03
2.179474342928660917e+03
2.183204005006257830e+03
2.186933667083854743e+03
2.190663329161451657e+03
2.194392991239048570e+03
2.198122653316645938e+03
2.201852315394242851e+03
2.205581977471839764e+03
2.209311639549436677e+03
2.213041301627033590e+03
2.216770963704630958e+03
2.220500625782227871e+03
2.224230287859824784e+03
2.227959949937421698e+03
2.231689612015018611e+03
2.235419274092615524e+03
2.239148936170212892e+03
2.242878598247809805e+03
2.246608260325406718e+03
2.250337922403003631e+03
2.254067584480600544e+03
2.257797246558197912e+03
2.261526908635794825e+03
2.265256570713391739e+03
2.268986232790988652e+03
2.272715894868585565e+03
2.276445556946182478e+03
2.280175219023779846e+03
2.283904881101376759e+03
2.287634543178973672e+03
2.291364205256570585e+03
2.295093867334167498e+03
2.298823529411764866e+03
2.302553191489361780e+03
2.306282853566958693e+03
2.310012515644555606e+03
2.313742177722152519e+03
2.317471839799749432e+03
2.321201501877346800e+03
2.324931163954943713e+03
2.328660826032540626e+03
2.332390488110137539e+03
2.336120150187734453e+03
2.339849812265331821e+03
2.343579474342928734e+03
2.347309136420525647e+03
2.351038798498122560e+03
2.354768460575719473e+03
2.358498122653316841e+03
2.362227784730913754e+03
2.365957446808510667e+03
2.369687108886107580e+03
2.373416770963704494e+03
2.377146433041301407e+03
2.380876095118898775e+03
2.384605757196495688e+03
2.388335419274092601e+03
2.392065081351689514e+03
2.395794743429286427e+03
2.399524405506883795e+03
2.403254067584480708e+03
2.406983729662077621e+03
2.410713391739674535e+03
2.414443053817271448e+03
2.418172715894868361e+03
2.421902377972465729e+03
2.425632040050062642e+03
2.429361702127659555e+03
2.433091364205256468e+03
2.436821026282853381e+03
2.440550688360450749e+03
2.444280350438047662e+03
2.448010012515644576e+03
2.451739674593241489e+03
2.455469336670838402e+03
2.459198998748435315e+03
2.462928660826032683e+03
2.466658322903629596e+03
2.470387984981226509e+03
2.474117647058823422e+03
2.477847309136420336e+03
2.481576971214017703e+03
2.485306633291614617e+03
2.489036295369211530e+03
2.492765957446808443e+03
2.496495619524405356e+03
2.500225281602002269e+03
2.503954943679599637e+03
2.507684605757196550e+03
2.511414267834793463e+03
2.515143929912390377e+03
2.518873591989987290e+03
2.522603254067584658e+03
2.526332916145181571e+03
2.530062578222778484e+03
2.533792240300375397e+03
2.537521902377972310e+03
2.541251564455569223e+03
2.544981226533166591e+03
2.548710888610763504e+03
2.552440550688360418e+03
2.556170212765957331e+03
2.559899874843554244e+03
2.563629536921151612e+03
2.567359198998748525e+03
2.571088861076345438e+03
2.574818523153942351e+03
2.578548185231539264e+03
2.582277847309136178e+03
2.586007509386733545e+03
2.589737171464330459e+03
2.593466833541927372e+03
2.597196495619524285e+03
2.600926157697121198e+03
2.604655819774718566e+03
2.608385481852315479e+03
2.612115143929912392e+03
2.615844806007509305e+03
2.619574468085106218e+03
2.623304130162703132e+03
2.627033792240300500e+03
2.630763454317897413e+03
2.634493116395494326e+03
2.638222778473091239e+03
2.641952440550688152e+03
2.645682102628285520e+03
2.649411764705882433e+03
2.653141426783479346e+03
2.656871088861076259e+03
2.660600750938673173e+03
2.664330413016270086e+03
2.668060075093867454e+03
2.671789737171464367e+03
2.675519399249061280e+03
2.679249061326658193e+03
2.682978723404255106e+03
2.686708385481852474e+03
2.690438047559449387e+03
2.694167709637046300e+03
2.697897371714643214e+03
2.701627033792240127e+03
2.705356695869837040e+03
2.709086357947434408e+03
2.712816020025031321e+03
2.716545682102628234e+03
2.720275344180225147e+03
2.724005006257822060e+03
2.727734668335419428e+03
2.731464330413016341e+03
2.735193992490613255e+03
2.738923654568210168e+03
2.742653316645807081e+03
2.746382978723403994e+03
2.750112640801001362e+03
2.753842302878598275e+03
2.757571964956195188e+03
2.761301627033792101e+03
2.765031289111389015e+03
2.768760951188986382e+03
2.772490613266583296e+03
2.776220275344180209e+03
2.779949937421777122e+03
2.783679599499374035e+03
2.787409261576971403e+03
2.791138923654568316e+03
2.794868585732165229e+03
2.798598247809762142e+03
2.802327909887359056e+03
2.806057571964955969e+03
2.809787234042553337e+03
2.813516896120150250e+03
2.817246558197747163e+03
2.820976220275344076e+03
2.824705882352940989e+03
2.828435544430538357e+03
2.832165206508135270e+03
2.835894868585732183e+03
2.839624530663329097e+03
2.843354192740926010e+03
2.847083854818522923e+03
2.850813516896120291e+03
2.854543178973717204e+03
2.858272841051314117e+03
2.862002503128911030e+03
2.865732165206507943e+03
2.869461827284105311e+03
2.873191489361702224e+03
2.876921151439299138e+03
2.880650813516896051e+03
2.884380475594492964e+03
2.888110137672089877e+03
2.891839799749687245e+03
2.895569461827284158e+03
2.899299123904881071e+03
2.903028785982477984e+03
2.906758448060074898e+03
2.910488110137672265e+03
2.914217772215269179e+03
2.917947434292866092e+03
2.921677096370463005e+03
2.925406758448059918e+03
2.929136420525656831e+03
2.932866082603254199e+03
2.936595744680851112e+03
2.940325406758448025e+03
2.944055068836044939e+03
2.947784730913641852e+03
2.951514392991239220e+03
2.955244055068836133e+03
2.958973717146433046e+03
2.962703379224029959e+03
2.966433041301626872e+03
2.970162703379223785e+03
2.973892365456821153e+03
2.977622027534418066e+03
2.981351689612014980e+03
2.985081351689611893e+03
2.988811013767208806e+03
2.992540675844806174e+03
2.996270337922403087e+03
3.000000000000000000e+03
