1.000000000000000000e+03
1.023411371237458184e+03
1.046822742474916367e+03
1.070234113712374665e+03
1.093645484949832735e+03
1.117056856187291032e+03
1.140468227424749102e+03
1.163879598662207400e+03
1.187290969899665470e+03
1.210702341137123767e+03
1.234113712374582065e+03
1.257525083612040135e+03
1.280936454849498205e+03
1.304347826086956502e+03
1.327759197324414799e+03
1.351170568561872869e+03
1.374581939799331167e+03
1.397993311036789237e+03
1.421404682274247534e+03
1.444816053511705832e+03
1.468227424749163902e+03
1.491638795986621972e+03
1.515050167224080269e+03
1.538461538461538566e+03
1.561872909698996637e+03
1.585284280936454707e+03
1.608695652173913004e+03
1.632107023411371301e+03
1.655518394648829599e+03
1.678929765886287669e+03
1.702341137123745739e+03
1.725752508361204036e+03
1.749163879598662334e+03
1.772575250836120404e+03
1.795986622073578474e+03
1.819397993311036771e+03
1.842809364548495068e+03
1.866220735785953138e+03
1.889632107023411436e+03
1.913043478260869506e+03
1.936454849498327803e+03
1.959866220735786101e+03
1.983277591973244171e+03
2.006688963210702241e+03
2.030100334448160538e+03
2.053511705685618836e+03
2.076923076923077133e+03
2.100334448160535430e+03
2.123745819397993273e+03
2.147157190635451570e+03
2.170568561872909413e+03
2.193979933110367710e+03
2.217391304347826008e+03
2.240802675585284305e+03
2.264214046822742603e+03
2.287625418060200900e+03
2.311036789297659197e+03
2.334448160535117040e+03
2.357859531772575338e+03
2.381270903010033180e+03
2.404682274247491478e+03
2.428093645484949775e+03
2.451505016722408072e+03
2.474916387959866370e+03
2.498327759197324667e+03
2.521739130434782965e+03
2.545150501672240807e+03
2.568561872909699105e+03
2.591973244147156947e+03
2.615384615384615245e+03
2.638795986622073542e+03
2.662207357859531839e+03
2.685618729096990137e+03
2.709030100334448434e+03
2.732441471571906277e+03
2.755852842809364574e+03
2.779264214046822872e+03
2.802675585284280714e+03
2.826086956521739012e+03
2.849498327759197309e+03
2.872909698996655607e+03
2.896321070234113904e+03
2.919732441471572201e+03
2.943143812709030044e+03
2.966555183946488341e+03
2.989966555183946184e+03
3.013377926421404482e+03
3.036789297658862779e+03
3.060200668896321076e+03
3.083612040133779374e+03
3.107023411371237671e+03
3.130434782608695514e+03
3.153846153846153811e+03
3.177257525083612109e+03
3.200668896321070406e+03
3.224080267558528249e+03
3.247491638795986546e+03
3.270903010033444843e+03
3.294314381270903141e+03
3.317725752508361438e+03
3.341137123745819281e+03
3.364548494983277578e+03
3.387959866220735876e+03
3.411371237458194173e+03
3.434782608695652016e+03
3.458193979933110313e+03
3.481605351170568611e+03
3.505016722408026908e+03
3.528428093645485205e+03
3.551839464882943048e+03
3.575250836120401345e+03
3.598662207357859643e+03
3.622073578595317940e+03
3.645484949832775783e+03
3.668896321070234080e+03
3.692307692307692378e+03
3.715719063545150675e+03
3.739130434782608518e+03
3.762541806020066815e+03
3.785953177257525113e+03
3.809364548494983410e+03
3.832775919732441707e+03
3.856187290969899550e+03
3.879598662207357847e+03
3.903010033444816145e+03
3.926421404682274442e+03
3.949832775919732285e+03
3.973244147157190582e+03
3.996655518394648880e+03
4.020066889632107177e+03
4.043478260869565474e+03
4.066889632107023317e+03
4.090301003344481614e+03
4.113712374581939912e+03
4.137123745819398209e+03
4.160535117056855597e+03
4.183946488294313895e+03
4.207357859531772192e+03
4.230769230769230489e+03
4.254180602006688787e+03
4.277591973244147084e+03
4.301003344481605382e+03
4.324414715719063679e+03
4.347826086956521976e+03
4.371237458193980274e+03
4.394648829431438571e+03
4.418060200668896869e+03
4.441471571906355166e+03
4.464882943143812554e+03
4.488294314381270851e+03
4.511705685618729149e+03
4.535117056856187446e+03
4.558528428093645744e+03
4.581939799331103131e+03
4.605351170568561429e+03
4.628762541806019726e+03
4.652173913043478024e+03
4.675585284280936321e+03
4.698996655518394618e+03
4.722408026755852916e+03
4.745819397993311213e+03
4.769230769230769511e+03
4.792642140468227808e+03
4.816053511705686105e+03
4.839464882943144403e+03
4.862876254180602700e+03
4.886287625418060088e+03
4.909698996655518386e+03
4.933110367892976683e+03
4.956521739130434980e+03
4.979933110367892368e+03
5.003344481605350666e+03
5.026755852842808963e+03
5.050167224080267260e+03
5.073578595317725558e+03
5.096989966555183855e+03
5.120401337792642153e+03
5.143812709030100450e+03
5.167224080267558747e+03
5.190635451505017045e+03
5.214046822742475342e+03
5.237458193979932730e+03
5.260869565217391028e+03
5.284280936454849325e+03
5.307692307692307622e+03
5.331103678929765920e+03
5.354515050167224217e+03
5.377926421404682515e+03
5.401337792642140812e+03
5.424749163879599109e+03
5.448160535117056497e+03
5.471571906354514795e+03
5.494983277591973092e+03
5.518394648829431389e+03
5.541806020066889687e+03
5.565217391304347984e+03
5.588628762541806282e+03
5.612040133779264579e+03
5.635451505016722876e+03
5.658862876254180264e+03
5.682274247491638562e+03
5.705685618729096859e+03
5.729096989966555157e+03
5.752508361204013454e+03
5.775919732441471751e+03
5.799331103678930049e+03
5.822742474916388346e+03
5.846153846153846644e+03
5.869565217391304031e+03
5.892976588628762329e+03
5.916387959866220626e+03
5.939799331103678924e+03
5.963210702341137221e+03
5.986622073578595518e+03
6.010033444816053816e+03
6.033444816053512113e+03
6.056856187290970411e+03
6.080267558528427799e+03
6.103678929765886096e+03
6.127090301003344393e+03
6.150501672240802691e+03
6.173913043478260988e+03
6.197324414715719286e+03
6.220735785953177583e+03
6.244147157190635880e+03
6.267558528428094178e+03
6.290969899665551566e+03
6.314381270903009863e+03
6.337792642140468161e+03
6.361204013377926458e+03
6.384615384615384755e+03
6.408026755852843053e+03
6.431438127090301350e+03
6.454849498327759648e+03
6.478260869565217035e+03
6.501672240802675333e+03
6.525083612040133630e+03
6.548494983277591928e+03
6.571906354515050225e+03
6.595317725752508522e+03
6.618729096989966820e+03
6.642140468227425117e+03
6.665551839464883415e+03
6.688963210702340803e+03
6.712374581939799100e+03
6.735785953177257397e+03
6.759197324414715695e+03
6.782608695652173992e+03
6.806020066889632290e+03
6.829431438127090587e+03
6.852842809364548884e+03
6.876254180602007182e+03
6.899665551839464570e+03
6.923076923076922867e+03
6.946488294314381164e+03
6.969899665551839462e+03
6.993311036789297759e+03
7.016722408026756057e+03
7.040133779264214354e+03
7.063545150501672651e+03
7.086956521739130949e+03
7.110367892976588337e+03
7.133779264214046634e+03
7.157190635451504932e+03
7.180602006688963229e+03
7.204013377926421526e+03
7.227424749163879824e+03
7.250836120401338121e+03
7.274247491638796419e+03
7.297658862876254716e+03
7.321070234113712104e+03
7.344481605351170401e+03
7.367892976588628699e+03
7.391304347826086996e+03
7.414715719063545293e+03
7.438127090301003591e+03
7.461538461538461888e+03
7.484949832775920186e+03
7.508361204013378483e+03
7.531772575250835871e+03
7.555183946488294168e+03
7.578595317725752466e+03
7.602006688963210763e+03
7.625418060200669061e+03
7.648829431438127358e+03
7.672240802675585655e+03
7.695652173913043953e+03
7.719063545150501341e+03
7.742474916387959638e+03
7.765886287625417935e+03
7.789297658862876233e+03
7.812709030100334530e+03
7.836120401337792828e+03
7.859531772575251125e+03
7.882943143812709422e+03
7.906354515050167720e+03
7.929765886287625108e+03
7.953177257525083405e+03
7.976588628762541703e+03
8.000000000000000000e+03
