10.3986
-0.400333
0.367902
-0.0845313
0.0660363
-1.07231
1.03551
-0.255598
-0.00585231
1.23349
-1.2752
0.329021
0.000418608
-0.290722
0.305015
-0.0799423
10.4592
-0.529873
0.433227
-0.0910503
0.0555875
0.522509
-0.599843
0.162618
-0.00459649
0.361327
-0.360152
0.0891945
0.000418608
-0.290722
0.305015
-0.0799423
10.5106
0.0632418
-0.221753
0.0808198
0.0476503
0.372998
-0.405103
0.10118
-0.00334067
-0.510839
0.554893
-0.150632
0.000235328
0.213761
-0.233523
0.064504
10.5552
0.139162
-0.305486
0.0958714
0.041675
-0.00739576
0.00411257
-0.00657274
-0.00263468
0.130445
-0.145677
0.0428796
0.000182417
-0.0282183
0.0219093
-0.00629496
10.5944
0.233993
-0.425142
0.125883
0.0369529
0.168839
-0.221514
0.0603016
-0.00208743
0.04579
-0.0799496
0.0239947
0.000122619
-0.0997146
0.149402
-0.0438194
10.6294
0.348908
-0.577204
0.16636
0.0331459
-0.0387247
0.0667927
-0.0231671
-0.00171958
-0.253354
0.368257
-0.107463
0.000122619
-0.0997146
0.149402
-0.0438194
10.2816
0.0818774
0.111764
-0.0818933
-0.226366
0.231909
0.250392
-0.236598
0.281465
-0.329838
-0.263184
0.303147
-0.0652307
0.0794812
0.0587502
-0.0732658
10.2715
0.0634302
0.157723
-0.0886099
0.140872
-0.189323
-0.099725
0.149899
0.0857729
-0.0913941
-0.0869333
0.0833501
-0.0652307
0.0794812
0.0587502
-0.0732658
10.4329
-0.137805
0.0298147
0.0713738
0.116726
-0.133667
-0.0973412
0.0968022
-0.109919
0.147049
0.0893172
-0.136447
0.0449771
-0.0597736
-0.0334028
0.0576506
10.4847
-0.184196
-0.0116122
0.0893794
0.0318191
-0.0188888
-0.0189153
-0.00314053
0.0250123
-0.0322713
-0.0108913
0.0365045
-0.0124216
-0.0032846
0.00125546
-0.00446048
10.5291
-0.238641
-0.0401633
0.118283
0.0445791
-0.0932852
-0.0369314
0.056487
-0.0122523
-0.0421251
-0.00712488
0.023123
0.00599082
0.0676316
0.0154014
-0.0411826
10.5674
-0.30642
-0.0688181
0.15671
0.0380468
0.0253595
-0.00497697
-0.0208147
0.00572011
0.16077
0.0390793
-0.100425
0.00599082
0.0676316
0.0154014
-0.0411826
10.3934
0.0597262
-0.110567
0.00919969
0.0193372
0.0228987
-0.231086
0.35581
-0.00840904
0.0532372
0.332948
-0.50106
-0.000265109
-0.0228159
-0.0789078
0.132883
10.404
0.113046
-0.087613
-0.00316735
0.00172383
0.0609256
0.198087
-0.247661
-0.00920436
-0.0152104
0.0962246
-0.102411
-0.000265109
-0.0228159
-0.0789078
0.132883
10.3963
0.135946
0.127791
-0.220356
-0.0174802
-0.0379427
0.153813
-0.053833
-0.00999969
-0.083658
-0.140499
0.296238
0.00945133
0.0463725
0.0499999
-0.14842
10.3783
0.0607175
0.191104
-0.12637
-0.0091256
-0.066141
0.0228145
0.0933847
0.0183543
0.0554597
0.00950084
-0.149021
-0.0189112
-0.0141551
0.0161802
0.0461081
10.3686
0.035881
0.2396
-0.135898
-0.0291505
0.00231297
0.0903569
-0.0663327
-0.0383792
0.0129943
0.0580416
-0.0106966
0.0478412
-0.0251134
-0.0821857
0.0470932
10.3489
0.0260749
0.305813
-0.165834
0.0376146
-0.0470386
-0.040117
0.0535536
0.105144
-0.0623459
-0.188516
0.130583
0.0478412
-0.0251134
-0.0821857
0.0470932
10.3517
-0.13381
-0.0892539
0.00577704
0.16696
0.628156
0.349431
-0.544366
-0.123283
-0.784046
-0.487768
0.757589
0.0308942
0.218018
0.132851
-0.209311
10.4263
-0.0716819
-0.0947405
0.00968989
0.0130755
-0.285883
-0.227553
0.342881
-0.0306008
-0.129993
-0.0892153
0.129657
0.0308942
0.218018
0.132851
-0.209311
10.4397
-0.26954
-0.278658
0.272917
0.0445567
0.108184
-0.0074305
-0.0257367
0.0620819
0.52406
0.309338
-0.498275
-0.042596
-0.298887
-0.158907
0.272416
10.5037
0.0638159
-0.135658
0.0213221
0.0409326
0.259642
0.134523
-0.205037
-0.065706
-0.372601
-0.167384
0.318974
0.029222
0.15653
0.0530879
-0.122813
10.5082
0.107386
-0.11543
0.0124456
-0.00281338
-0.0159714
-0.0409809
0.0644708
0.02196
0.0969876
-0.00812027
-0.0494662
-0.0123647
-0.0482052
0.0433693
-0.00513727
10.515
0.140197
-0.121162
0.0223128
0.00401261
0.0333881
0.0728864
-0.0498735
-0.015134
-0.0476281
0.121988
-0.064878
-0.0123647
-0.0482052
0.0433693
-0.00513727
10.1345
-0.294986
-0.0485087
0.0308721
0.600181
-0.306079
-0.641854
0.499185
-0.637509
0.513185
0.878223
-0.707635
0.172452
-0.144212
-0.243436
0.196852
10.2696
-0.232093
-0.055575
0.0192743
-0.15748
0.287653
0.384286
-0.325528
-0.120152
0.0805479
0.147916
-0.117078
0.172452
-0.144212
-0.243436
0.196852
10.1644
-0.00810431
0.233191
-0.22648
0.119573
0.0161123
-0.0501889
0.0308728
0.397205
-0.352089
-0.582391
0.473479
-0.227974
0.200547
0.323892
-0.264586
10.4532
-0.143533
-0.0754961
0.0132858
0.230061
-0.0864229
-0.243293
0.184072
-0.286717
0.249554
0.389286
-0.32028
0.116026
-0.105735
-0.155512
0.12989
10.5126
-0.0861378
-0.0850148
0.00696739
0.00470505
0.095479
0.0687444
-0.0668185
0.0613611
-0.0676516
-0.0772484
0.0693899
-0.0223379
0.0231216
0.0167733
-0.0163102
10.5563
-0.0351888
-0.0767454
-0.00677136
0.0604136
0.0295404
-0.0354323
0.0230308
-0.00565255
0.00171303
-0.0269284
0.0204594
-0.0223379
0.0231216
0.0167733
-0.0163102
9.82183
-0.299387
0.0164411
-0.0183636
0.151433
-0.0922317
0.403591
-0.226893
0.0462639
0.146725
-0.597096
0.333129
-0.0183433
-0.0405263
0.1671
-0.0928896
10.0012
-0.28542
-0.00996342
-0.00501746
0.188931
0.0796395
-0.2893
0.160696
-0.00876594
0.0251461
-0.0957949
0.0544603
-0.0183433
-0.0405263
0.1671
-0.0928896
10.163
-0.221161
-0.227958
0.117249
0.116369
0.00835286
0.0204112
-0.00905206
-0.0637958
-0.0964328
0.405506
-0.224209
0.0318795
0.0545727
-0.228295
0.125539
10.2475
-0.254668
-0.0303358
0.00952764
0.0844162
-0.0207945
0.146537
-0.0808526
0.0318428
0.0672854
-0.27938
0.152408
-0.0153306
-0.027088
0.114759
-0.0628411
10.3484
-0.235265
-0.0484189
0.0182419
0.10211
0.0325124
-0.0679444
0.03544
-0.0141489
-0.0139785
0.0648979
-0.0361154
0.00124682
0.00773769
-0.0179496
0.00830301
10.4376
-0.208994
-0.0694151
0.0258695
0.0775526
0.0277684
0.00800257
-0.0118818
-0.0104085
0.00923453
0.0110491
-0.0112064
0.00124682
0.00773769
-0.0179496
0.00830301
9.52052
-0.321596
-0.0400585
-0.00331526
0.235899
0.0342699
-0.22408
0.101703
-0.0709775
-0.0480787
0.329332
-0.139383
0.015341
0.0150053
-0.0918861
0.0382435
9.70078
-0.3204
-0.0266928
-0.00275236
0.139967
-0.0168714
0.158925
-0.0623334
-0.0249544
-0.00306269
0.0536732
-0.0246528
0.015341
0.0150053
-0.0918861
0.0382435
9.83114
-0.325328
0.0940192
-0.0514951
0.136081
0.0220192
-0.00938709
0.00309137
0.0210688
0.0419533
-0.221985
0.0900776
-0.0163041
-0.0254011
0.123379
-0.0492687
9.97198
-0.286757
-0.0139738
-0.00759486
0.129307
0.0297225
-0.0832195
0.0354404
-0.0278435
-0.0342499
0.148153
-0.0577286
0.00949948
0.013907
-0.0612946
0.0235947
10.0829
-0.277377
-0.010335
-0.00628823
0.102118
0.00294359
0.0292025
-0.00923244
0.000654987
0.00747097
-0.0357309
0.0130557
-0.000662076
-0.00325247
0.0088536
-0.00227862
10.1851
-0.270215
-0.00800988
-0.00474362
0.101442
0.00812812
-0.0156986
0.010043
-0.00133124
-0.00228644
-0.00917012
0.00621981
-0.000662076
-0.00325247
0.0088536
-0.00227862
9.15555
-0.411659
-0.0316131
0.0055259
0.147792
-0.108782
0.550247
-0.0536243
0.0708921
0.192435
-0.758348
0.0672634
-0.0232963
-0.0540365
0.209238
-0.0180245
9.35094
-0.382042
-0.0304757
0.00114048
0.219687
0.113978
-0.338735
0.0268289
0.00100326
0.0303252
-0.130634
0.0131898
-0.0232963
-0.0540365
0.209238
-0.0180245
9.54833
-0.291775
-0.290607
0.0231346
0.151805
0.0125191
0.0277094
-0.00086514
-0.0688856
-0.131784
0.497079
-0.0408838
0.0324055
0.0735515
-0.272423
0.0210474
9.66366
-0.337489
-0.0382425
0.00243309
0.11125
-0.0303951
0.204597
-0.0194905
0.0283309
0.0888701
-0.320192
0.0222584
-0.0142934
-0.037898
0.128921
-0.00770398
9.78895
-0.316912
-0.0249166
-0.00250296
0.125032
0.0336512
-0.0490241
0.00191445
-0.0145493
-0.0248238
0.0665708
-0.000853482
0.00266043
0.00761886
-0.0195035
-0.00086412
9.90209
-0.300466
-0.0268734
-0.00230612
0.103914
0.00686011
0.0256071
-0.00238488
-0.00656799
-0.00196724
0.00806031
-0.00344584
0.00266043
0.00761886
-0.0195035
-0.00086412
8.71781
-0.458307
-0.0274858
-0.00927312
0.535633
0.83084
-0.622615
-0.105049
-0.427758
-1.12247
0.858979
0.154938
0.11388
0.310365
-0.236642
-0.0434782
8.93956
-0.439572
-0.0277637
-0.00286205
0.0217594
-0.483005
0.385418
0.0743929
-0.0861163
-0.191374
0.149054
0.0245036
0.11388
0.310365
-0.236642
-0.0434782
8.98909
-0.803586
0.270067
0.0525561
0.191168
0.0653425
-0.026398
-0.00703468
0.255525
0.739722
-0.56087
-0.105931
-0.145419
-0.408153
0.302929
0.0598217
9.29036
-0.406675
-0.0142724
-0.000587956
0.265961
0.320327
-0.239352
-0.0394318
-0.180732
-0.484738
0.347916
0.073534
0.0690254
0.196832
-0.133492
-0.0320052
9.44461
-0.374254
-0.0391999
0.00150903
0.111573
-0.0586537
0.0560055
0.0116206
0.0263443
0.105757
-0.0525588
-0.0224815
-0.0100883
-0.0339805
0.012215
0.00854303
9.57244
-0.361131
-0.0235381
-0.000808798
0.133997
0.0509196
-0.0124669
-0.00771326
-0.00392076
0.00381585
-0.0159136
0.0031476
-0.0100883
-0.0339805
0.012215
0.00854303
8.22274
-0.541099
-0.0552148
-0.00471009
0.638809
-0.729537
0.169361
0.190571
-0.536311
1.0603
-0.199609
-0.273149
0.144126
-0.293352
0.0524665
0.0764041
8.46936
-0.503686
-0.032996
-0.0108837
-0.00143435
0.51101
-0.0724569
-0.126514
-0.103933
0.180245
-0.0422091
-0.0439363
0.144126
-0.293352
0.0524665
0.0764041
8.50812
-0.105783
-0.0951955
-0.10493
0.223078
-0.00855753
0.0005244
0.0148257
0.328445
-0.699812
0.11519
0.185276
-0.190821
0.37717
-0.0568543
-0.102555
8.86882
-0.436984
-0.036335
-0.00738331
0.307504
-0.276673
0.0603422
0.0777123
-0.244019
0.431697
-0.0553726
-0.122389
0.10036
-0.166167
0.0120403
0.0502293
9.03267
-0.448127
-0.0193251
-0.00183118
0.120546
0.0882192
-0.014282
-0.0163787
0.0570614
-0.0668046
-0.0192516
0.0282984
-0.0233108
0.0160787
0.0135312
-0.00985238
9.18696
-0.410634
-0.0393276
0.000236141
0.164736
0.00284596
-0.0121917
0.010661
-0.0128709
-0.0185686
0.0213419
-0.0012587
-0.0233108
0.0160787
0.0135312
-0.00985238
7.62172
-0.665658
-0.0591872
-0.0145705
0.269204
0.180898
0.0331473
-0.0756411
0.051234
-0.158361
-0.0853428
0.128699
-0.0203558
0.040793
0.0284885
-0.037839
7.9218
-0.602329
-0.0828942
0.000648209
0.310605
-0.0134459
-0.0520728
0.0682395
-0.00983341
-0.0359824
0.000122724
0.0151818
-0.0203558
0.040793
0.0284885
-0.037839
8.20221
-0.610964
-0.106356
0.0462305
0.22987
0.0369684
0.0336382
-0.0149138
-0.0709008
0.0863967
0.0855882
-0.0983351
0.0269387
-0.0442045
-0.0539868
0.0569633
8.38812
-0.531804
-0.0411161
-0.0100551
0.168885
0.0771483
0.0428542
-0.0406941
0.00991538
-0.0462168
-0.0763722
0.0725549
-0.00353726
0.00860141
0.037375
-0.0310688
8.56338
-0.492271
-0.0372591
-0.00926311
0.178104
0.0105189
0.00223492
0.0112092
-0.000696395
-0.0204126
0.0357529
-0.0206516
-0.00355331
0.0135839
-0.0163241
0.00639006
8.73724
-0.488581
-0.0155954
-0.0123155
0.166051
0.0104455
0.0247684
-0.0109239
-0.0113563
0.0203391
-0.0132194
-0.00148147
-0.00355331
0.0135839
-0.0163241
0.00639006
6.8823
-0.827744
-0.146405
0.0313172
0.407608
0.0202693
0.200575
-0.106222
-0.0637714
0.0570493
-0.111472
0.049176
0.0110867
-0.015747
0.0162933
-0.00495278
7.23722
-0.766173
-0.0410098
-0.0306815
0.313326
0.0871271
0.0265099
-0.0227282
-0.0305112
0.0098085
-0.0625925
0.0343177
0.0110867
-0.015747
0.0162933
-0.00495278
7.53112
-0.684984
-0.0607991
-0.0240448
0.285563
0.0595033
-0.0497953
0.0310488
0.00274889
-0.0374324
-0.0137127
0.0194594
-0.0142892
0.018712
0.0305047
-0.0241175
7.80515
-0.644201
-0.0938024
0.00234587
0.248193
0.0407745
0.0142935
-0.00238501
-0.0401187
0.0187036
0.0778015
-0.0528932
0.0113703
-0.00985512
-0.0516879
0.0337676
8.02459
-0.594578
-0.0533952
-0.0191648
0.202067
0.0486163
0.0148329
-0.00686863
-0.00600775
-0.0108618
-0.0772621
0.0484096
9.65571e-05
0.000105886
0.0274995
-0.0168167
8.22075
-0.556718
-0.0883248
0.0055595
0.190341
0.0272104
-0.0571927
0.0395004
-0.00571808
-0.0105441
0.00523652
-0.00204057
9.65571e-05
0.000105886
0.0274995
-0.0168167
5.93947
-1.0266
0.0145575
-0.00800219
0.52223
0.102753
-0.541364
0.215313
-0.0690183
-0.0183671
0.336002
-0.132363
0.00668024
0.00198123
-0.0547352
0.0203603
6.39936
-0.940237
-0.245539
0.095308
0.404234
0.0719623
-0.0335649
0.0116673
-0.0489775
-0.0124234
0.171797
-0.0712826
0.00668024
0.00198123
-0.0547352
0.0203603
6.7613
-0.878717
-0.162043
0.0560529
0.32632
0.0530592
0.145823
-0.0698171
-0.0289368
-0.0064797
0.00759108
-0.0102018
0.01081
0.00736888
-0.0616107
0.0276094
7.06949
-0.824768
-0.0702394
0.00364336
0.300876
0.0622065
-0.0238272
-0.00739252
0.0034932
0.0156269
-0.177241
0.0726264
-0.0164051
-0.011928
0.127306
-0.0513271
7.35745
-0.758863
-0.144002
0.0175502
0.258648
0.0576762
0.00360714
-0.0161209
-0.045722
-0.0201572
0.204675
-0.0813548
0.0108853
0.0046548
-0.077298
0.0338855
7.58126
-0.716689
-0.0130176
-0.0460401
0.199859
0.0313263
0.181064
-0.0771742
-0.0130662
-0.00619278
-0.0272186
0.0203016
0.0108853
0.0046548
-0.077298
0.0338855
4.91942
-1.0215
0.0927452
-0.257619
0.298933
-0.334034
0.511135
-0.0373189
0.116253
0.256547
-0.335218
0.0477765
-0.0257134
-0.0464083
0.0465201
0.00160133
5.30889
-1.14539
0.315182
-0.24556
0.454299
0.0398345
-0.0197407
0.0630381
0.039113
0.117322
-0.195658
0.0525805
-0.0257134
-0.0464083
0.0465201
0.00160133
5.77659
-1.03464
0.146304
-0.12834
0.455385
0.135253
-0.271496
0.173003
-0.0380273
-0.021903
-0.0560974
0.0573845
-0.0158224
-0.0330244
0.108922
-0.085783
6.17812
-0.954317
-0.0723667
0.016264
0.331863
-0.00762555
-0.0569234
0.030423
-0.0854946
-0.120976
0.27067
-0.199964
0.0476453
0.0887018
-0.185921
0.130867
6.47214
-0.994217
-0.0445409
-0.0224105
0.30381
0.0165277
-0.0733456
0.0230948
0.0574415
0.145129
-0.287092
0.192636
-0.0278725
-0.0482848
0.130609
-0.0893611
6.80552
-0.880845
-0.27437
0.10396
0.335075
0.161932
-0.255703
0.140284
-0.026176
0.000274851
0.104735
-0.075447
-0.0278725
-0.0482848
0.130609
-0.0893611
3.73305
-1.60886
-1.36125
0.936053
0.438714
0.576279
0.613874
-0.800187
0.0853588
-0.27056
-0.280164
0.453643
-0.0240003
0.0514359
0.0975166
-0.12091
4.23312
-1.25171
-0.930019
0.468599
0.537431
0.189467
0.346096
-0.255632
0.0133578
-0.116252
0.0123859
0.0909119
-0.0240003
0.0514359
0.0975166
-0.12091
4.75991
-1.12706
-0.47402
0.182969
0.492146
0.111271
0.663418
-0.436539
-0.0586432
0.0380556
0.304936
-0.271819
-0.0257074
-0.0725285
-0.394595
0.307791
5.16771
-1.05026
0.0997381
-0.217599
0.297737
-0.0302034
0.0895038
-0.0568042
-0.135765
-0.17953
-0.87885
0.651554
0.0812935
0.109461
0.550082
-0.387404
5.41097
-1.15053
-0.139526
-0.0102526
0.270087
-0.0608789
-0.0179495
0.0840924
0.108115
0.148854
0.771396
-0.510657
-0.0349096
-0.0551505
-0.355538
0.233552
5.75426
-1.11771
0.258383
-0.203265
0.381589
0.0713785
0.458228
-0.236566
0.00338642
-0.016597
-0.295219
0.189999
-0.0349096
-0.0551505
-0.355538
0.233552
1.69899
-1.52319
2.93211
-1.80896
0.828681
-0.596533
-3.83179
3.6034
-0.0117221
0.530041
2.53182
-2.74703
0.00404188
-0.116262
-0.622625
0.649006
2.51999
-1.70595
1.00952
-0.303585
0.817362
0.114763
-0.636025
0.0563615
0.000403582
0.181255
0.663946
-0.800009
0.00404188
-0.116262
-0.622625
0.649006
3.3418
-1.52619
0.414813
-0.398227
0.830295
0.128489
-1.17601
0.403361
0.0125292
-0.16753
-1.20393
1.14701
-0.18504
0.0616542
1.10737
-0.795699
3.99959
-1.50358
-0.857755
0.356444
0.300234
-0.0216081
-0.261757
0.310281
-0.542591
0.0174328
2.11818
-1.24009
0.353433
0.047414
-1.19989
0.651323
4.11066
-1.46034
-0.201219
0.0779601
0.275351
0.155499
0.374942
-0.215926
0.517708
0.159675
-1.48148
0.713881
-0.212046
-0.0655707
0.683722
-0.347513
4.69168
-1.21074
-0.624037
0.228403
0.674629
0.278136
-0.536855
0.169299
-0.11843
-0.0370375
0.569684
-0.328656
-0.212046
-0.0655707
0.683722
-0.347513
1.29895
-1.08585
-4.16875
1.75979
0.00375489
2.55008
10.9076
-5.82293
0.303111
-2.6474
-8.76615
4.69638
-0.0858387
0.585507
2.02699
-1.04425
1.51998
-0.597669
-0.000297714
-0.411017
0.352462
-0.988203
-0.543718
0.437058
0.0455954
-0.890881
-2.68518
1.56361
-0.0858387
0.585507
2.02699
-1.04425
1.8322
-1.89125
-1.2022
0.545402
0.186136
-1.01345
0.166895
0.431526
-0.211921
0.865639
3.39579
-1.56915
0.188285
-0.110704
-1.98748
0.745415
1.9947
-2.14976
0.373008
0.153196
0.327149
0.385721
0.996053
-0.470522
0.352934
0.533528
-2.56663
0.667099
-0.147717
-0.39839
1.23978
-0.26406
2.52706
-1.6289
0.0422113
0.0857119
0.589866
0.257606
-0.417861
0.071495
-0.0902166
-0.661643
1.15272
-0.125081
0.0585921
0.259335
-0.614373
0.114771
3.08531
-1.7736
0.162696
0.146897
0.58521
-0.287675
0.044458
0.165646
0.0855599
0.116362
-0.6904
0.219232
0.0585921
0.259335
-0.614373
0.114771
-2.19586
-4.14397
1.34975
2.01297
7.63851
6.8965
-7.16907
-6.46657
-6.41406
-6.09057
5.80079
5.20229
1.4824
1.50673
-1.21481
-1.15971
0.510994
-1.83132
-1.23335
-0.411023
-0.742402
-0.764466
0.788063
0.458878
-1.96685
-1.57039
2.15635
1.72316
1.4824
1.50673
-1.21481
-1.15971
-0.715853
-2.65945
0.496249
0.611311
-0.228888
0.614923
1.45633
0.426082
2.48036
2.94978
-1.48808
-1.75596
-1.16448
-1.84941
0.351299
0.853975
0.371143
-0.944154
0.815796
0.135409
1.2384
0.96626
-0.465939
-0.523913
-1.01307
-2.59844
-0.434187
0.805965
0.429618
1.289
0.383562
-0.33187
1.02609
-1.28734
0.299232
0.0855899
0.501106
-0.363632
-0.183628
0.0924055
0.275779
1.26855
0.716498
-0.189646
-0.181675
-0.625098
-0.237223
0.14954
1.6213
-1.00752
0.59488
0.137889
0.507638
0.298179
0.5377
0.161733
-0.269246
-0.606742
0.00482963
0.258973
-0.181675
-0.625098
-0.237223
0.14954
-2.97711
4.59444
-13.7919
9.44595
0.899361
-26.8414
79.0016
-53.5695
-1.50156
21.1179
-62.2032
42.1954
0.614611
-4.40202
12.9882
-8.81817
-2.9647
-5.53109
15.9947
-10.7464
-0.259927
2.18829
-6.44014
4.36673
0.342272
7.9118
-23.2385
15.7409
0.614611
-4.40202
12.9882
-8.81817
-2.26774
0.166982
-0.695795
0.543064
2.26845
4.80583
-13.9526
9.39395
2.1861
-5.29426
15.7261
-10.7136
-1.80862
1.41511
-4.30863
2.97166
0.378194
1.09366
-3.23094
2.19503
1.21481
-1.53736
4.57368
-3.11835
-3.23974
-1.04893
2.8002
-1.79866
1.77031
1.06051
-2.96348
1.95442
0.12357
-0.432106
1.17946
-0.767561
0.0462521
-0.45367
1.28365
-0.852413
2.07118
2.13261
-6.09024
4.0646
-0.894457
-0.650925
1.83452
-1.21559
1.34655
0.59591
-1.79262
1.22904
1.50525
1.85878
-5.39329
3.63003
-0.612186
0.179837
-0.586693
0.417834
-0.894457
-0.650925
1.83452
-1.21559
