8.10956
0.0185214
0.00213373
-0.00488005
0.0449813
0.00378293
0.000442264
0.000939181
-0.00332342
-0.000753709
0.000124372
-0.000186566
0.000216669
0.000105666
-5.0358e-05
2.60834e-05
8.15143
0.0216563
0.00265001
-0.00410135
0.0389845
0.00259251
0.000539934
0.000644299
-0.00267341
-0.000436712
-2.6702e-05
-0.000108316
0.000216669
0.000105666
-5.0358e-05
2.60834e-05
8.18796
0.0239177
0.00311289
-0.00353928
0.0342877
0.00203608
0.000335456
0.000505918
-0.0020234
-0.000119715
-0.000177776
-3.00656e-05
0.000130759
-3.12936e-05
6.27512e-05
-9.3849e-06
8.22036
0.0258028
0.00333332
-0.00307281
0.0306331
0.00170277
0.000168158
0.000417632
-0.00163112
-0.000213596
1.04774e-05
-5.82203e-05
0.000101973
2.84263e-05
-1.07099e-05
8.0506e-06
8.24946
0.0273204
0.00350124
-0.00270535
0.0276768
0.00136085
0.000156983
0.000325343
-0.0013252
-0.000128317
-2.16522e-05
-3.40685e-05
6.99063e-05
8.45433e-06
3.94067e-06
1.9961e-06
8.27588
0.0285614
0.00364051
-0.00241208
0.0252361
0.00112958
0.0001255
0.000263194
-0.00111549
-0.000102954
-9.83019e-06
-2.80802e-05
6.99063e-05
8.45433e-06
3.94067e-06
1.9961e-06
8.12533
0.00814872
-0.0118813
-0.00559445
0.0501457
0.007485
0.00328762
0.000907391
-0.00413932
-0.00106466
-0.000481649
-0.000133625
0.00029806
8.31998e-05
3.67309e-05
1.5982e-05
8.17164
0.0146523
-0.0090386
-0.0048047
0.0427612
0.00560527
0.00243452
0.000688086
-0.00324514
-0.000815064
-0.000371456
-8.56791e-05
0.00029806
8.31998e-05
3.67309e-05
1.5982e-05
8.21145
0.0195257
-0.00693881
-0.00418631
0.0371651
0.00422474
0.0018018
0.000564674
-0.00235096
-0.000565464
-0.000261264
-3.77332e-05
0.000152832
6.60541e-05
3.13246e-05
-5.64562e-06
8.24642
0.023251
-0.00536695
-0.00366502
0.0329217
0.00329198
0.00137324
0.000472271
-0.00189246
-0.000367302
-0.00016729
-5.467e-05
0.00012774
3.11584e-05
1.53073e-05
5.91879e-06
8.27758
0.0262068
-0.00414569
-0.0032415
0.02952
0.00265085
0.00108458
0.000380687
-0.00150924
-0.000273827
-0.000121368
-3.69136e-05
8.42974e-05
2.2324e-05
9.66061e-06
2.30281e-06
8.30567
0.0286062
-0.00317281
-0.00289542
0.0267544
0.00217017
0.00087083
0.000313768
-0.00125635
-0.000206855
-9.23864e-05
-3.00052e-05
8.42974e-05
2.2324e-05
9.66061e-06
2.30281e-06
8.11601
-0.0323972
-0.0306036
-0.00757614
0.0618257
0.0167824
0.00651114
7.13236e-05
-0.00581926
-0.00242884
-0.000855556
0.000161774
0.000433973
0.000204607
6.59226e-05
-2.30618e-05
8.17245
-0.017839
-0.024882
-0.0073661
0.0514891
0.0125386
0.00499779
0.000325687
-0.00451734
-0.00181501
-0.000657788
9.2589e-05
0.000433973
0.000204607
6.59226e-05
-2.30618e-05
8.21985
-0.00691088
-0.0204761
-0.00697089
0.0437563
0.00952236
0.00387998
0.000441679
-0.00321542
-0.00120119
-0.000460021
2.34036e-05
0.000244565
0.000111766
3.12693e-05
-3.84255e-06
8.26064
0.00152206
-0.0170249
-0.00650965
0.0380592
0.00745528
0.00305375
0.000476959
-0.00248172
-0.000865893
-0.000366213
1.1876e-05
0.000180124
7.95293e-05
3.23409e-05
-6.43846e-06
8.2964
0.00819097
-0.014305
-0.00602725
0.0336361
0.00596208
0.00241835
0.000481396
-0.00194135
-0.000627305
-0.00026919
-7.43937e-06
0.000118585
4.85536e-05
2.16055e-05
-2.19708e-06
8.32821
0.0135743
-0.0121342
-0.00555549
0.0301092
0.00485313
0.00194478
0.000459926
-0.0015856
-0.000481644
-0.000204374
-1.40306e-05
0.000118585
4.85536e-05
2.16055e-05
-2.19708e-06
8.04543
-0.116333
-0.0547213
-0.00378521
0.0851906
0.0300187
0.00602561
-0.000891588
-0.00894187
-0.00365463
-0.000103355
4.97154e-05
0.000681441
0.000267267
-2.83552e-05
7.93369e-06
8.12236
-0.0897014
-0.0488274
-0.00461914
0.0693511
0.0235112
0.00573383
-0.000768356
-0.00689755
-0.00285282
-0.00018842
7.35165e-05
0.000681441
0.000267267
-2.83552e-05
7.93369e-06
8.1855
-0.0687758
-0.0433104
-0.00530605
0.0576004
0.0186074
0.00527193
-0.000597522
-0.00485323
-0.00205102
-0.000273486
9.73175e-05
0.000383758
0.000162777
-3.00966e-06
-2.57541e-06
8.23863
-0.0520567
-0.038315
-0.00580883
0.0490452
0.0149937
0.00471592
-0.000410614
-0.00370195
-0.00156269
-0.000282515
8.95913e-05
0.000285556
0.000124896
3.58737e-06
-5.17926e-06
8.28426
-0.0385008
-0.033878
-0.00613503
0.0424979
0.012243
0.00416166
-0.000246969
-0.00284529
-0.001188
-0.000271753
7.40535e-05
0.000186547
8.51735e-05
6.03414e-06
-4.39888e-06
8.32409
-0.0273607
-0.029982
-0.00631235
0.037367
0.0101225
0.00363625
-0.000112058
-0.00228565
-0.000932483
-0.000253651
6.08569e-05
0.000186547
8.51735e-05
6.03414e-06
-4.39888e-06
7.87059
-0.237131
-0.0656747
-0.000344107
0.120343
0.0393951
0.00332829
-0.000830546
-0.0126501
-0.00371219
-0.000233368
0.000247721
0.000928287
0.000234358
4.76599e-05
-4.75005e-05
7.97921
-0.201214
-0.0625321
-0.000974433
0.0978278
0.0326738
0.00300453
-0.000477606
-0.00986528
-0.00300912
-9.03884e-05
0.00010522
0.000928287
0.000234358
4.76599e-05
-4.75005e-05
8.0681
-0.171315
-0.0595703
-0.00139432
0.0808821
0.0273587
0.00296674
-0.000409668
-0.00708042
-0.00230604
5.25913e-05
-3.72819e-05
0.00054095
0.000149032
-1.73634e-06
4.02006e-06
8.14245
-0.146113
-0.0565527
-0.00183725
0.0683441
0.0231937
0.00306671
-0.000472172
-0.00545757
-0.00185895
4.73823e-05
-2.52217e-05
0.00040886
0.000116533
-1.42257e-05
1.01161e-05
8.20574
-0.124662
-0.0534528
-0.00232453
0.0586556
0.0198254
0.0031188
-0.000492267
-0.00423099
-0.00150935
4.70518e-06
5.12655e-06
0.000273356
8.40451e-05
-6.22767e-06
1.44279e-06
8.26044
-0.106262
-0.0503355
-0.00281023
0.0510137
0.0170588
0.00310953
-0.000477686
-0.00341092
-0.00125721
-1.39778e-05
9.45493e-06
0.000273356
8.40451e-05
-6.22767e-06
1.44279e-06
7.56744
-0.369513
-0.065831
-0.00240434
0.162236
0.0435601
8.13843e-06
0.00282402
-0.016348
-0.00343576
0.000966426
-0.00145082
0.0011628
0.000187176
-0.000177806
0.000248245
7.71449
-0.329201
-0.0650343
-0.000782894
0.133029
0.0372501
0.00140757
0.00066712
-0.0128596
-0.00287423
0.000433007
-0.000706084
0.0011628
0.000187176
-0.000177806
0.000248245
7.83582
-0.294638
-0.0633715
-0.000573612
0.110798
0.0320631
0.00174017
-3.11131e-07
-0.00937115
-0.0023127
-0.000100411
3.8652e-05
0.000692266
0.000157619
1.29222e-05
-8.43924e-06
7.93794
-0.26473
-0.0617188
-0.00054371
0.0941324
0.0279106
0.00157811
5.16752e-05
-0.00729435
-0.00183985
-6.16442e-05
1.33343e-05
0.000521283
0.000118429
3.0371e-05
-4.38947e-05
8.0253
-0.238541
-0.060172
-0.000522595
0.0811075
0.0245862
0.00154594
-5.33402e-05
-0.00573051
-0.00148456
2.94688e-05
-0.00011835
0.000352616
7.59181e-05
-6.95492e-06
2.88286e-05
8.10103
-0.215363
-0.0586035
-0.000665457
0.0707043
0.0218448
0.00158401
-0.000203554
-0.00467266
-0.0012568
8.60401e-06
-3.18638e-05
0.000352616
7.59181e-05
-6.95492e-06
2.88286e-05
7.12969
-0.508388
-0.0698657
0.000224263
0.208628
0.0520484
0.00166538
-0.00531889
-0.0202681
-0.00585537
0.000246135
0.00293168
0.00142042
0.0005763
-5.30033e-05
-0.000505899
7.31947
-0.461618
-0.0680072
-0.00266884
0.172353
0.0420666
0.00199864
-0.000973219
-0.0160069
-0.00412647
8.7125e-05
0.00141399
0.00142042
0.0005763
-5.30033e-05
-0.000505899
7.47724
-0.423102
-0.0659744
-0.00273397
0.144601
0.0355425
0.00201388
0.000337059
-0.0117456
-0.00239757
-7.1885e-05
-0.000103709
0.000854368
0.000158146
-3.54377e-05
1.75157e-06
7.61095
-0.389799
-0.0640679
-0.00249887
0.123673
0.0312218
0.0017638
0.000134894
-0.00918251
-0.00192313
-0.000178198
-9.84547e-05
0.000626189
4.74874e-05
7.13573e-05
0.00011813
7.72607
-0.360453
-0.0624109
-0.0023443
0.107186
0.027518
0.00162147
0.000292376
-0.00730395
-0.00178067
3.58739e-05
0.000255936
0.000450408
0.000148494
-4.52245e-05
-8.52139e-05
7.8264
-0.334567
-0.0607988
-0.0018812
0.0939296
0.0244022
0.00155755
0.000548606
-0.00595272
-0.00133519
-9.97996e-05
2.94286e-07
0.000450408
0.000148494
-4.52245e-05
-8.52139e-05
6.55166
-0.647446
-0.100882
0.00236552
0.257023
0.0394225
0.0496225
-0.00977336
-0.0229457
0.00343195
-0.0238612
0.00405878
0.00143782
-0.0010474
0.0038888
-0.000521635
6.78718
-0.605639
-0.0712319
-0.0038707
0.215445
0.0431442
0.0135665
-0.00322071
-0.0186322
0.000289741
-0.0121948
0.00249387
0.00143782
-0.0010474
0.0038888
-0.000521635
6.98543
-0.563253
-0.0659713
-0.00511917
0.182494
0.0405815
0.000843429
0.000202134
-0.0143188
-0.00285247
-0.00052835
0.000928971
0.000978828
9.25251e-05
0.000693206
-0.000555829
7.15459
-0.525431
-0.064963
-0.00454389
0.156793
0.0351541
0.00186634
0.000392589
-0.0113823
-0.00257489
0.00155127
-0.000738515
0.000863164
0.000544593
-0.00150337
0.000533007
7.30086
-0.492307
-0.0630488
-0.00435681
0.136618
0.0316381
0.000458777
0.00051458
-0.00879281
-0.000941115
-0.00295883
0.000860506
0.000468463
-0.000197597
0.00103327
-0.000313552
7.42915
-0.461808
-0.0645156
-0.00329528
0.120438
0.0291631
-0.00235908
0.00129494
-0.00738742
-0.0015339
0.000140979
-8.01507e-05
0.000468463
-0.000197597
0.00103327
-0.000313552
5.8057
-0.842114
0.076134
-0.10544
0.336295
0.109347
-0.292245
0.167231
-0.0393161
-0.0321141
0.136754
-0.0722704
0.00375758
0.0051653
-0.0205965
0.0101309
6.10644
-0.759715
-0.0999537
-0.000348936
0.268935
0.0606151
-0.0805268
0.0530826
-0.0280434
-0.0166182
0.0749644
-0.0418777
0.00375758
0.0051653
-0.0205965
0.0101309
6.35109
-0.710553
-0.126113
0.0209869
0.224121
0.0428747
0.00761258
-0.000280006
-0.0167706
-0.00112226
0.0131749
-0.011485
0.00120873
-0.00018855
-0.00926501
0.0069936
6.55965
-0.668989
-0.11459
0.0162156
0.194206
0.0400646
0.00616735
-0.00226913
-0.0131444
-0.00168791
-0.0146201
0.00949584
0.000437397
-0.000863119
0.0118224
-0.00742925
6.74115
-0.631475
-0.11122
0.016013
0.16923
0.0340994
0.0123942
-0.0055652
-0.0118322
-0.00427726
0.020847
-0.0127919
0.000990585
0.000928288
-0.00745939
0.00454048
6.89953
-0.600725
-0.0854386
0.0021964
0.148537
0.0283297
0.0317101
-0.0175276
-0.00886049
-0.0014924
-0.00153117
0.000829522
0.000990585
0.000928288
-0.00745939
0.00454048
4.93428
-1.00617
-0.826309
0.460606
0.320628
0.0265493
1.25729
-0.84625
-0.00694663
0.0245826
-0.545361
0.36442
-0.00154272
-0.005635
0.0766916
-0.0504141
5.24642
-0.960669
-0.037684
-0.0716383
0.302106
0.0588096
0.396647
-0.268652
-0.0115748
0.00767764
-0.315286
0.213178
-0.00154272
-0.005635
0.0766916
-0.0504141
5.53541
-0.899817
0.120368
-0.177527
0.274329
0.0572599
-0.00385129
0.00646058
-0.016203
-0.00922735
-0.0852115
0.0619353
-0.00125123
0.00226224
0.052742
-0.0384573
5.79228
-0.849522
0.0840471
-0.147588
0.238169
0.0455919
-0.0160483
0.0149593
-0.0199566
-0.00244064
0.0730145
-0.0534366
0.00396741
0.000493888
-0.059133
0.0444175
6.01446
-0.805877
0.0818802
-0.141648
0.210158
0.0421923
-0.0474183
0.0413387
-0.00805441
-0.000958975
-0.104384
0.079816
-0.00100004
-0.000369067
0.0370653
-0.0284122
6.21557
-0.765013
-0.0328572
-0.0489057
0.191049
0.0391671
-0.144991
0.115734
-0.0110545
-0.00206618
0.00681137
-0.00542068
-0.00100004
-0.000369067
0.0370653
-0.0284122
3.56241
-1.27697
1.22734
-0.243661
0.758221
0.00238753
-3.34686
2.42861
-0.163305
0.0271204
1.68039
-1.60081
0.0190998
-0.00349417
-0.266087
0.300569
4.17643
-1.25095
-0.705214
0.884703
0.48891
0.0461458
-0.784334
0.128692
-0.106006
0.0166379
0.882132
-0.699103
0.0190998
-0.00349417
-0.266087
0.300569
4.57843
-1.19166
-0.873502
0.614862
0.334198
0.0689391
0.18167
-0.367805
-0.0487066
0.00615537
0.0838721
0.202605
0.0152957
-0.00762558
-0.101984
-0.0107956
4.87922
-1.12419
-0.709944
0.438866
0.282672
0.058373
0.0434619
0.00501724
-0.00281936
-0.0167214
-0.222081
0.170218
-0.0102541
0.0154805
0.197428
-0.168512
5.14882
-1.06706
-0.691135
0.445589
0.246271
0.0713719
0.191585
-0.160081
-0.0335818
0.0297202
0.370203
-0.335317
0.00728393
-0.0114752
-0.134985
0.126642
5.36879
-0.977445
-0.264332
0.0768338
0.200959
0.0963866
0.527036
-0.450787
-0.01173
-0.00470548
-0.034752
0.0446107
0.00728393
-0.0114752
-0.134985
0.126642
3.26913
0.44673
0.37424
-0.335828
-0.157646
0.594484
5.08315
-3.69716
-0.0566019
-1.41452
-3.90935
3.43039
0.0500879
0.36604
0.787309
-0.754351
3.10497
-0.00727053
2.33535
-1.35694
-0.120586
-1.13645
-0.37362
0.900574
0.0936618
-0.316405
-1.54742
1.16734
0.0500879
0.36604
0.787309
-0.754351
3.12813
-1.09408
1.20162
-0.0433826
0.217002
-0.671136
-1.10654
0.972196
0.243926
0.781714
0.814506
-1.09572
-0.10511
-0.243981
-0.149405
0.272452
3.48395
-1.22748
0.760182
0.105549
0.389524
0.160348
0.0742605
-0.401879
-0.0714034
0.0497712
0.366291
-0.278359
0.0341429
-0.095198
-0.387379
0.348782
3.83621
-1.11256
0.813355
-0.225906
0.349146
-0.0257032
-0.355295
0.0877496
0.0310252
-0.235823
-0.795846
0.767987
-0.012534
0.0984819
0.306218
-0.313072
4.20385
-1.27561
-0.0315683
0.316759
0.373594
-0.201903
-1.02833
0.684508
-0.00657676
0.0596227
0.122809
-0.171229
-0.012534
0.0984819
0.306218
-0.313072
3.75427
0.187724
-0.469114
0.148075
1.82283
-0.330679
-3.96711
2.37608
-1.95008
1.05795
3.95501
-2.81101
0.449086
-0.322396
-0.888232
0.680129
4.0761
0.592601
-1.36944
0.393277
-0.730077
0.818037
1.27822
-1.20555
-0.602827
0.0907644
1.29031
-0.77062
0.449086
-0.322396
-0.888232
0.680129
3.19228
1.17901
0.310851
-0.90276
-0.588475
0.0323786
1.19414
-0.706399
0.744429
-0.876423
-1.37438
1.26977
-0.226043
0.274566
0.386697
-0.350189
3.12219
0.609529
0.517307
-0.68958
0.222254
-0.896768
-0.394536
0.782568
0.0662996
-0.0527238
-0.214295
0.2192
-0.099652
0.17639
0.300958
-0.345177
3.3111
-0.163573
0.209435
-0.0329889
0.0558971
-0.473044
0.0797498
0.185437
-0.232656
0.476447
0.68858
-0.816331
0.0790939
-0.228298
-0.286667
0.350934
3.21343
-0.388468
0.691098
-0.312949
-0.172134
-0.205045
0.59691
-0.394423
0.00462527
-0.208448
-0.17142
0.236472
0.0790939
-0.228298
-0.286667
0.350934
3.62095
-0.306277
-0.149614
-0.0256317
-0.0988729
-1.13666
2.14448
-0.610716
0.251871
0.534953
-2.07978
1.03505
-0.0814136
-0.0584738
0.483974
-0.281254
3.69254
-0.966455
0.399062
0.117447
0.160629
-0.242173
-0.563159
0.61562
0.00763027
0.359531
-0.627861
0.191287
-0.0814136
-0.0584738
0.483974
-0.281254
3.77938
-0.90757
-0.307984
0.643101
-0.0683518
0.301469
-0.366959
0.154433
-0.236611
0.18411
0.824061
-0.652474
0.0850307
-0.00260745
-0.327112
0.200467
3.55945
-0.424598
-0.177995
0.345528
-0.286481
0.661867
0.299826
-0.549112
0.0184814
0.176288
-0.157276
-0.0510718
0.0325193
-0.257225
0.00656562
0.167979
3.32397
0.156331
-0.0288799
-0.0866775
-0.15196
0.242767
0.00496942
-0.147319
0.116039
-0.595387
-0.13758
0.452865
-0.0849368
0.251171
0.0851292
-0.200529
3.20311
0.0548819
-0.076361
0.0183392
-0.174692
-0.194494
-0.0148023
0.156823
-0.138771
0.158127
0.117808
-0.148723
-0.0849368
0.251171
0.0851292
-0.200529
3.13943
-0.682401
-0.179661
0.010953
0.298239
1.32016
-1.03433
-0.00591864
-0.25791
-0.519467
1.01004
-0.229701
0.0628328
0.0657129
-0.256749
0.0812428
3.24259
0.18401
-0.460704
-0.143423
-0.029083
0.478369
0.215499
-0.221592
-0.0694118
-0.322328
0.239794
0.0140278
0.0628328
0.0657129
-0.256749
0.0812428
3.20693
0.405764
-0.26216
-0.269744
0.0205916
0.0308513
-0.0751593
0.0501924
0.119086
-0.12519
-0.530452
0.257756
-0.0442219
-0.0554303
0.38089
-0.115847
3.30238
0.255995
-0.486881
-0.0776428
0.126099
-0.385819
0.00660646
0.218164
-0.0135792
-0.291481
0.612218
-0.0897848
-0.0501611
0.259843
-0.293179
-0.0125705
3.36474
-0.161462
-0.161236
0.0381657
-0.0515428
-0.189251
0.351506
0.000882748
-0.164063
0.488049
-0.267319
-0.127496
0.0508342
-0.180159
0.0826118
0.053372
3.19997
-0.0428224
0.00556346
-0.0350758
-0.227165
0.246371
0.064704
-0.0939938
-0.0115599
-0.0524272
-0.0194832
0.0326198
0.0508342
-0.180159
0.0826118
0.053372
2.28832
-1.00886
-0.156282
-0.00111245
0.578152
-0.766258
-0.313436
0.934186
0.00296156
0.81151
-0.0285111
-0.674453
-0.0469602
-0.204056
0.0454964
0.155719
2.82247
-1.16767
-0.452733
0.414338
0.443194
0.244593
-0.233969
0.0524347
-0.137919
0.199342
0.107978
-0.207298
-0.0469602
-0.204056
0.0454964
0.155719
3.08079
-0.927789
-0.533227
0.415194
0.026476
0.0311099
0.118477
0.104995
-0.278799
-0.412826
0.244468
0.259858
0.165391
0.358809
-0.100664
-0.286409
2.99386
-0.950696
-0.270947
0.493637
-0.0349499
0.281885
0.30542
-0.234517
0.217373
0.663601
-0.0575243
-0.599369
-0.0960674
-0.364226
-0.0424499
0.354536
3.08021
-0.369436
-0.0655008
0.0142863
0.111595
0.516409
0.0630218
-0.369649
-0.0708287
-0.429077
-0.184874
0.464237
0.00665942
0.145181
0.0612996
-0.177537
3.12764
-0.136923
-0.126054
-0.0686625
-0.0100844
0.0937973
-0.122828
0.026215
-0.0508505
0.00646565
-0.000975278
-0.0683728
0.00665942
0.145181
0.0612996
-0.177537
1.12206
-1.32477
3.41533
-2.29287
0.432643
1.40943
-4.22636
3.0875
0.111507
-1.26887
3.75138
-2.72128
-0.0498011
0.354092
-1.03106
0.742143
1.61641
-0.830119
1.90929
-1.18451
0.506253
-0.0660405
0.183219
-0.128633
-0.0378963
-0.206595
0.658196
-0.494853
-0.0498011
0.354092
-1.03106
0.742143
2.03497
-0.748662
1.71964
-1.06585
0.281057
0.583048
-1.59357
1.10809
-0.1873
0.855683
-2.43499
1.73158
0.137127
-0.701746
2.02906
-1.45514
2.26585
-0.0116777
-0.279861
0.318677
0.317839
0.189175
-0.376374
0.205826
0.224081
-1.24956
3.65219
-2.63384
-0.148208
0.614481
-1.82469
1.32655
2.65956
-0.457578
1.17127
-0.782789
0.321376
-0.466495
1.45395
-1.08221
-0.220543
0.593886
-1.82187
1.34581
0.0356034
-0.26483
0.795082
-0.58118
2.796
-0.595018
1.59843
-1.10037
-0.0128996
-0.0732128
0.195461
-0.134136
-0.113733
-0.200603
0.563378
-0.397733
0.0356034
-0.26483
0.795082
-0.58118
