8.10956
0.0165718
0.00170817
-0.0034955
0.0449813
0.00338473
0.000354056
0.000672721
-0.00332342
-0.000674372
9.95665e-05
-0.000133634
0.000216669
9.4543e-05
-4.03143e-05
1.86831e-05
8.15143
0.0193767
0.00212148
-0.00293773
0.0389845
0.00231961
0.000432247
0.000461502
-0.00267341
-0.000390743
-2.13764e-05
-7.7585e-05
0.000216669
9.4543e-05
-4.03143e-05
1.86831e-05
8.18796
0.0214001
0.00249203
-0.00253513
0.0342877
0.00182175
0.000268551
0.000362381
-0.0020234
-0.000107114
-0.000142319
-2.15356e-05
0.000130759
-2.79995e-05
5.02357e-05
-6.72226e-06
8.22036
0.0230867
0.0026685
-0.00220101
0.0306331
0.00152353
0.000134619
0.000299143
-0.00163112
-0.000191112
8.38774e-06
-4.17024e-05
0.000101973
2.5434e-05
-8.57383e-06
5.76653e-06
8.24946
0.0244446
0.00280293
-0.0019378
0.0276768
0.00121761
0.000125673
0.000233038
-0.0013252
-0.00011481
-1.73337e-05
-2.44028e-05
6.99063e-05
7.5644e-06
3.15472e-06
1.42978e-06
8.27588
0.0255549
0.00291443
-0.00172774
0.0252361
0.00101068
0.00010047
0.000188522
-0.00111549
-9.2117e-05
-7.8696e-06
-2.01134e-05
6.99063e-05
7.5644e-06
3.15472e-06
1.42978e-06
8.12434
0.0095016
-0.00871438
-0.00356184
0.0493928
0.006111
0.00237507
0.000669769
-0.00403186
-0.000876142
-0.000306077
-0.000128719
0.000289581
6.99638e-05
1.66395e-05
1.77452e-05
8.16999
0.0148064
-0.00662875
-0.00300304
0.0421978
0.00456861
0.00181283
0.000465568
-0.00316311
-0.00066625
-0.000256158
-7.54831e-05
0.000289581
6.99638e-05
1.66395e-05
1.77452e-05
8.20932
0.0187787
-0.00505544
-0.00259521
0.0367404
0.003446
0.00135043
0.000367837
-0.00229437
-0.000456359
-0.00020624
-2.22475e-05
0.000146273
5.23051e-05
2.97341e-05
-6.37506e-06
8.24391
0.0218207
-0.00388151
-0.002256
0.0325904
0.0026902
0.00102716
0.000304217
-0.00185555
-0.000299444
-0.000117037
-4.13727e-05
0.0001246
2.5586e-05
8.91663e-06
5.56859e-06
8.27477
0.024237
-0.00296247
-0.00198759
0.0292531
0.00216807
0.000819833
0.000238177
-0.00148175
-0.000222686
-9.02873e-05
-2.4667e-05
8.20552e-05
1.81632e-05
7.41659e-06
1.45826e-06
8.30262
0.0262006
-0.00222551
-0.00177262
0.0265358
0.00177718
0.000661508
0.000193218
-0.00123559
-0.000168197
-6.80375e-05
-2.02922e-05
8.20552e-05
1.81632e-05
7.41659e-06
1.45826e-06
8.12157
-0.0186127
-0.0200347
-0.00580201
0.0585486
0.0128704
0.00442841
0.000493556
-0.00534279
-0.00187445
-0.00065955
5.24894e-05
0.000393929
0.000156478
6.19652e-05
-1.5058e-05
8.17517
-0.00746021
-0.0162038
-0.00527102
0.0490449
0.00959098
0.0032952
0.000553361
-0.004161
-0.00140502
-0.000473654
7.31548e-06
0.000393929
0.000156478
6.19652e-05
-1.5058e-05
8.22045
0.000882232
-0.0133203
-0.0047254
0.0419046
0.00725038
0.00253379
0.000522818
-0.00297922
-0.000935581
-0.000287759
-3.78585e-05
0.000221937
9.26481e-05
1.47595e-05
4.4734e-06
8.25959
0.00728968
-0.0110595
-0.00423597
0.036612
0.00565716
0.00200255
0.000460521
-0.0023134
-0.000657637
-0.00024348
-2.44383e-05
0.000164671
6.0125e-05
2.4351e-05
-1.77555e-06
8.29406
0.0123493
-0.00927611
-0.00380166
0.0324792
0.00452226
0.00158864
0.000406318
-0.00181939
-0.000477262
-0.000170427
-2.97649e-05
0.000109093
3.73711e-05
1.2581e-05
1.87249e-06
8.32483
0.0164317
-0.00784532
-0.00342323
0.0291677
0.00367985
0.00128553
0.000352406
-0.00149211
-0.000365148
-0.000132684
-2.41474e-05
0.000109093
3.73711e-05
1.2581e-05
1.87249e-06
8.07712
-0.076088
-0.0374205
-0.00449403
0.0763411
0.0232079
0.00551322
-0.000645324
-0.0078243
-0.00303608
-0.000418843
0.000186903
0.000597315
0.000235235
1.18578e-05
-1.48894e-05
8.14623
-0.0556809
-0.0323143
-0.00496734
0.0624844
0.0178415
0.00471111
-0.000316186
-0.00603236
-0.00233038
-0.00038327
0.000142235
0.000597315
0.000235235
1.18578e-05
-1.48894e-05
8.20328
-0.0399346
-0.0279746
-0.00515618
0.0522116
0.0138864
0.00398014
-7.63845e-05
-0.00424041
-0.00162467
-0.000347696
9.75667e-05
0.000333818
0.000135587
1.99121e-05
-1.21718e-05
8.25159
-0.0275373
-0.0243222
-0.00514717
0.0447322
0.0110438
0.00334449
8.22336e-05
-0.00323896
-0.00121791
-0.00028796
6.10514e-05
0.000247371
0.0001035
1.56983e-05
-8.22146e-06
8.29333
-0.0176079
-0.02125
-0.0050121
0.0389964
0.0089185
0.00281566
0.000179672
-0.00249685
-0.000907411
-0.000240865
3.6387e-05
0.000160918
6.81506e-05
1.45531e-05
-6.38879e-06
8.32999
-0.00952863
-0.0186606
-0.00480243
0.0344855
0.00730813
0.00237759
0.00023328
-0.00201409
-0.000702959
-0.000197206
1.72207e-05
0.000160918
6.81506e-05
1.45531e-05
-6.38879e-06
7.95912
-0.164411
-0.0498627
-0.00131492
0.104417
0.0322984
0.00357541
-0.000627006
-0.0110923
-0.00331306
-4.88312e-06
-1.78915e-05
0.000829518
0.000214282
-9.45237e-06
9.17601e-06
8.05327
-0.135211
-0.0463016
-0.00195064
0.0847208
0.0263151
0.00353729
-0.000635261
-0.00860377
-0.00267021
-3.32402e-05
9.63657e-06
0.000829518
0.000214282
-9.45237e-06
9.17601e-06
8.13022
-0.111352
-0.042807
-0.00256709
0.0700018
0.0216175
0.00344245
-0.00058846
-0.00611522
-0.00202737
-6.15973e-05
3.71646e-05
0.000477146
0.000138896
-8.98725e-06
4.47489e-06
8.19458
-0.0916232
-0.0394352
-0.00311391
0.0592028
0.0179795
0.00329229
-0.000500706
-0.00468378
-0.00161068
-8.85591e-05
5.05893e-05
0.000358348
0.000110233
-7.12081e-06
6.9771e-07
8.24946
-0.0751441
-0.0362386
-0.00356333
0.0509103
0.0150888
0.00309381
-0.000397434
-0.00360873
-0.00127998
-0.000109922
5.26824e-05
0.000237233
7.80904e-05
-2.67587e-06
-6.68838e-07
8.297
-0.0612572
-0.0332574
-0.00390875
0.0444045
0.0127632
0.00286594
-0.000294076
-0.00289704
-0.00104571
-0.000117949
5.06759e-05
0.000237233
7.80904e-05
-2.67587e-06
-6.68838e-07
7.74353
-0.268081
-0.0528122
-0.000391845
0.139664
0.0375682
0.00119255
8.42809e-06
-0.0144282
-0.0033765
0.000313971
-6.69295e-05
0.00104352
0.000222906
-5.28134e-05
6.87795e-06
7.86981
-0.233667
-0.0513585
-0.000443469
0.113938
0.0314839
0.00166205
-0.000104797
-0.0112976
-0.00270778
0.000155531
-4.62956e-05
0.00104352
0.000222906
-5.28134e-05
6.87795e-06
7.97349
-0.204668
-0.0495937
-0.000587683
0.0944733
0.0267371
0.00181467
-0.000176754
-0.00816702
-0.00203907
-2.90952e-06
-2.56618e-05
0.00061153
0.000134346
5.11077e-06
6.28551e-07
8.06041
-0.179835
-0.0477768
-0.000789471
0.0799739
0.023062
0.00182419
-0.000226192
-0.00633243
-0.00163603
1.24228e-05
-2.37761e-05
0.000462158
9.8084e-05
7.11487e-06
-5.50646e-07
8.13451
-0.158311
-0.0459331
-0.00103999
0.0686955
0.0200842
0.00187038
-0.000275396
-0.00494595
-0.00134178
3.37674e-05
-2.54281e-05
0.000311978
7.07321e-05
-7.59913e-06
5.94757e-06
8.19857
-0.139498
-0.0440365
-0.00133487
0.0597395
0.0176128
0.00191511
-0.00030841
-0.00401002
-0.00112958
1.097e-05
-7.58533e-06
0.000311978
7.07321e-05
-7.59913e-06
5.94757e-06
7.42224
-0.374881
-0.0557136
-0.000699948
0.178433
0.0399786
0.00479933
-0.000617153
-0.0175576
-0.00294935
-0.00174142
0.00037708
0.00122049
0.000137913
0.000288293
-6.48802e-05
7.58434
-0.337714
-0.0523674
-0.0010049
0.146979
0.0344936
0.00218137
-5.76341e-05
-0.0138961
-0.00253561
-0.000876542
0.000182439
0.00122049
0.000137913
0.000288293
-6.48802e-05
7.71864
-0.305618
-0.0507743
-0.000944977
0.122848
0.0298361
0.00129316
0.000112603
-0.0102347
-0.00212187
-1.16637e-05
-1.22018e-05
0.000751615
0.000146453
5.25427e-06
-8.71814e-06
7.83201
-0.277757
-0.0494876
-0.000853293
0.104634
0.0260318
0.0012856
6.2045e-05
-0.00797981
-0.00168251
4.09912e-06
-3.83562e-05
0.000566806
0.000110662
-6.64311e-05
2.81875e-05
7.92923
-0.253297
-0.0482643
-0.000801417
0.0903746
0.0229987
0.0010945
6.98952e-05
-0.00627939
-0.00135052
-0.000195194
4.62063e-05
0.000381059
7.33766e-05
5.71593e-05
-2.20546e-05
8.01371
-0.231576
-0.0473078
-0.00070737
0.078959
0.0205178
0.000875594
9.6144e-05
-0.00513621
-0.0011304
-2.3716e-05
-1.99575e-05
0.000381059
7.33766e-05
5.71593e-05
-2.20546e-05
6.99095
-0.488408
-0.0506915
-0.00447952
0.222594
0.0477258
-0.0122909
0.00553101
-0.0218713
-0.00530095
0.0075017
-0.00286224
0.00158182
0.000519858
-0.00129157
0.000483562
7.19325
-0.445464
-0.0567723
-0.00132719
0.183596
0.0386835
-0.00116223
0.00125722
-0.0171258
-0.00374138
0.003627
-0.00141155
0.00158182
0.000519858
-0.00129157
0.000483562
7.36131
-0.410002
-0.0555991
-0.00099796
0.15409
0.0327603
0.00221707
-0.000115201
-0.0123804
-0.0021818
-0.000247703
3.91328e-05
0.000894605
0.000130808
-7.0038e-05
4.01882e-05
7.50391
-0.379292
-0.0536998
-0.00103384
0.132013
0.0287891
0.00151155
8.3629e-05
-0.00969657
-0.00178938
-0.000457817
0.000159697
0.000639224
6.23623e-05
0.000400967
-0.000160392
7.62687
-0.35223
-0.0522451
-0.000950905
0.114538
0.0253974
0.00179881
-7.81509e-05
-0.0077789
-0.00160229
0.000745085
-0.000321477
0.00048954
0.000121531
-0.000284698
0.000116119
7.73411
-0.328314
-0.0499859
-0.00123441
0.100449
0.0225574
0.00243489
-0.000372749
-0.00631028
-0.0012377
-0.000109009
2.6879e-05
0.00048954
0.000121531
-0.000284698
0.000116119
6.44737
-0.60323
-0.0939126
0.011014
0.263559
0.039737
0.0643781
-0.0258138
-0.0225328
0.00111574
-0.0319466
0.0124494
0.00129367
-0.000612591
0.00527044
-0.00193599
6.68969
-0.56299
-0.0562107
-0.00428646
0.222375
0.0401307
0.0162961
-0.00672304
-0.0186518
-0.000722038
-0.0161353
0.0066414
0.00129367
-0.000612591
0.00527044
-0.00193599
6.89471
-0.524194
-0.0507794
-0.00630408
0.188952
0.0368488
-0.000163146
0.000751804
-0.0147708
-0.00255981
-0.000323992
0.000833444
0.000995563
0.000111296
0.000758787
-0.000673188
7.06988
-0.489793
-0.0505078
-0.00539202
0.162398
0.0320631
0.00146523
0.000399127
-0.0117841
-0.00222592
0.00195237
-0.00118612
0.000942162
0.000383122
-0.00190914
0.000983978
7.22144
-0.459573
-0.0489993
-0.00519504
0.141656
0.0287606
-0.000357445
0.000978821
-0.00895759
-0.00107656
-0.00377504
0.00176581
0.000442493
-9.95078e-05
0.00132524
-0.000633882
7.35458
-0.431989
-0.0518066
-0.00308429
0.125068
0.026309
-0.00393181
0.0026088
-0.00763011
-0.00137508
0.000200676
-0.000135831
0.000442493
-9.95078e-05
0.00132524
-0.000633882
5.76124
-0.758013
0.0585508
-0.0755252
0.341861
0.0910517
-0.232315
0.119785
-0.0409143
-0.0254294
0.109382
-0.0517662
0.00401553
0.00412032
-0.0165713
0.00725662
6.0662
-0.688271
-0.0809536
-0.000249937
0.272079
0.0525538
-0.063265
0.0380223
-0.0288677
-0.0130684
0.0596681
-0.0299964
0.00401553
0.00412032
-0.0165713
0.00725662
6.31343
-0.644665
-0.101122
0.0150326
0.22639
0.0387779
0.00635744
-0.000200564
-0.0168211
-0.000707464
0.00995427
-0.00822651
0.00119246
-0.000390695
-0.00713174
0.00500941
6.52419
-0.606985
-0.0919418
0.011615
0.196325
0.0361909
0.00487077
-0.00162534
-0.0132438
-0.00187955
-0.0114409
0.00680173
0.000400125
-0.000483218
0.00929455
-0.00532146
6.70767
-0.573157
-0.0892174
0.0114699
0.171038
0.0309822
0.00987255
-0.00398627
-0.0120434
-0.0033292
0.0164427
-0.00916266
0.00103434
0.000649327
-0.00588526
0.00325228
6.8677
-0.544855
-0.0687874
0.00157325
0.150054
0.0262717
0.0251022
-0.0125547
-0.00894034
-0.00138122
-0.00121306
0.000594175
0.00103434
0.000649327
-0.00588526
0.00325228
4.98625
-0.867487
-0.561878
0.224172
0.320382
-0.0142238
0.831126
-0.416976
-0.00872794
0.0380359
-0.358829
0.17807
-0.00117881
-0.0072524
0.0502281
-0.0243596
5.29673
-0.850928
-0.0393525
-0.0390935
0.29939
0.0400908
0.264153
-0.133916
-0.0122644
0.0162787
-0.208144
0.104991
-0.00117881
-0.0072524
0.0502281
-0.0243596
5.58268
-0.80181
0.0668845
-0.0923779
0.271325
0.0508911
-0.00145094
0.00298698
-0.0158008
-0.00547845
-0.0574598
0.0319118
-0.00132056
0.000374071
0.0353523
-0.0196866
5.83688
-0.756024
0.043326
-0.0771657
0.235761
0.0410564
-0.0103138
0.00775076
-0.0197625
-0.00435624
0.0485969
-0.027148
0.00389
0.0021415
-0.0392793
0.0226543
6.05677
-0.717182
0.0423298
-0.0739086
0.207906
0.0387685
-0.0309578
0.0214177
-0.00809252
0.00206825
-0.0692409
0.0408149
-0.000949309
-0.00136436
0.0245775
-0.0145315
6.25563
-0.67771
-0.0332914
-0.0262075
0.188873
0.0388119
-0.0957071
0.059453
-0.0109404
-0.00202481
0.00449162
-0.0027797
-0.000949309
-0.00136436
0.0245775
-0.0145315
3.78106
-1.31873
0.700204
0.0225662
0.720308
0.3971
-2.17035
0.9875
-0.151451
-0.145412
1.12577
-0.711931
0.0174373
0.0201249
-0.182549
0.139322
4.36736
-1.04691
-0.526928
0.437457
0.469718
0.16665
-0.46646
-0.0183964
-0.0991391
-0.0850375
0.578122
-0.293965
0.0174373
0.0201249
-0.182549
0.139322
4.75537
-0.945175
-0.597815
0.264417
0.323752
0.0569502
0.142137
-0.188361
-0.0468273
-0.0246628
0.0304744
0.124001
0.0147192
0.0120188
-0.0590017
-0.0174882
5.04702
-0.900869
-0.484206
0.182569
0.274255
0.0436811
0.0260803
0.00717582
-0.00266979
0.0113937
-0.146531
0.071536
-0.0105935
-0.00845416
0.132223
-0.0735089
5.30801
-0.854248
-0.472433
0.187772
0.237135
0.041106
0.129687
-0.0702787
-0.0344503
-0.0139688
0.250138
-0.148991
0.00773231
0.00419604
-0.0916254
0.0568087
5.51842
-0.822915
-0.184234
0.0253113
0.191431
0.0257565
0.355086
-0.197834
-0.0112533
-0.00138067
-0.0247385
0.0214355
0.00773231
0.00419604
-0.0916254
0.0568087
3.18511
0.149381
0.536389
-0.252931
-0.0654449
-0.981107
3.82814
-1.44642
0.116976
-0.0296645
-3.2718
1.51567
-0.00566521
0.0729921
0.690728
-0.347179
3.23097
-0.788398
1.78345
-0.53086
0.151512
-0.821459
-0.643284
0.543388
0.0999806
0.189312
-1.19962
0.474139
-0.00566521
0.0729921
0.690728
-0.347179
3.4768
-1.34755
0.631277
0.139488
0.334478
-0.223859
-0.970343
0.45013
0.082985
0.408288
0.872562
-0.567397
-0.0497519
-0.158449
-0.195753
0.151165
3.84451
-1.32157
0.337743
0.173385
0.351192
0.117369
0.187522
-0.231171
-0.0662707
-0.0670595
0.285303
-0.113903
0.0396662
0.0354648
-0.32547
0.154759
4.1691
-1.2358
0.485097
-0.0169301
0.337649
0.0896445
-0.218284
0.00529897
0.052728
0.0393348
-0.691109
0.350373
-0.0228883
-0.00862868
0.272892
-0.145569
4.53659
-1.11545
-0.151403
0.193172
0.37444
0.142428
-0.781824
0.269336
-0.015937
0.0134488
0.127568
-0.0863352
-0.0228883
-0.00862868
0.272892
-0.145569
3.61794
0.463364
-0.390414
0.0499339
1.33517
2.3359
-3.82333
0.998223
-1.66882
-2.02625
4.5158
-1.44761
0.410876
0.412912
-1.08379
0.371359
3.69517
1.18593
-0.781732
-0.0280986
-0.769843
-0.477863
1.9569
-0.782929
-0.43619
-0.787515
1.26443
-0.333537
0.410876
0.412912
-1.08379
0.371359
2.90001
0.333464
1.35581
-0.773205
-0.409595
-0.814157
1.2344
-0.335926
0.796438
0.451221
-1.98693
0.78054
-0.25279
-0.0964616
0.548226
-0.212998
3.03406
-0.125933
1.15151
-0.541589
0.424912
-0.201099
-1.09479
0.586161
0.0380694
0.161836
-0.342255
0.141547
-0.0955808
-0.1512
0.516881
-0.226989
3.40146
-0.316396
0.231348
-0.0408703
0.214309
-0.331027
-0.228654
0.188289
-0.248673
-0.291764
1.20839
-0.539419
0.095806
0.100448
-0.515754
0.233727
3.46291
-0.838739
0.695328
-0.158273
0.00438068
-0.613211
0.64086
-0.189368
0.038745
0.00958
-0.338874
0.161763
0.095806
0.100448
-0.515754
0.233727
3.74083
-0.167662
-0.0955005
-0.0120869
0.845967
-2.31608
1.03196
0.169825
-0.626888
2.6625
-2.31696
0.441628
0.111359
-0.640587
0.654963
-0.156948
4.07127
-0.46183
-0.72554
0.442418
-0.0737316
1.08716
-1.63707
0.582238
-0.292811
0.740737
-0.352069
-0.0292153
0.111359
-0.640587
0.654963
-0.156948
3.81608
0.725476
-2.05972
0.838493
-0.325276
0.646868
-0.376321
0.0529638
0.0412662
-1.18103
1.61282
-0.500059
-0.0140229
0.360997
-0.407099
0.0977484
3.51805
0.552316
-1.23032
0.489147
-0.284813
-0.632191
1.62802
-0.653908
-0.00080258
-0.0980335
0.391522
-0.206813
0.0431116
0.201596
-0.599469
0.266798
3.27555
0.0236884
0.189755
-0.104777
-0.157083
-0.223469
0.612655
-0.267141
0.128532
0.506755
-1.40689
0.59358
-0.0857728
-0.229878
0.608168
-0.249927
3.16122
0.0770966
0.00369111
-0.0282649
-0.157338
0.100407
-0.376615
0.170237
-0.128786
-0.18288
0.417616
-0.156202
-0.0857728
-0.229878
0.608168
-0.249927
3.46558
-0.394924
-0.178379
0.0134457
-0.268331
0.257307
1.51065
-0.837814
0.160281
-0.646532
-0.2082
0.342326
-0.0312133
0.198495
-0.0587724
-0.0440077
3.32632
-0.585654
1.0653
-0.526051
-0.0414082
-0.440272
0.917938
-0.285186
0.0666414
-0.0510474
-0.384517
0.210303
-0.0312133
0.198495
-0.0587724
-0.0440077
3.32034
-0.878478
1.53995
-0.644942
-0.00176542
0.0531177
-0.0274133
0.00339629
-0.0269986
0.544437
-0.560834
0.0782795
0.0376237
-0.159955
-0.00613772
0.0920042
3.32919
-0.440879
0.945566
-0.471262
0.0571085
0.662125
-1.16749
0.435968
0.0858726
0.0645704
-0.579247
0.354292
-0.0879638
-0.196949
0.593311
-0.286605
3.38421
0.0888675
-0.207865
0.0323931
-0.0350377
0.200419
-0.546056
0.284736
-0.178019
-0.526277
1.20069
-0.505523
0.042589
0.236675
-0.484395
0.196707
3.21374
-0.000315779
-0.0376295
0.00831308
-0.263308
-0.142111
0.402132
-0.13619
-0.0502519
0.183747
-0.252497
0.0845974
0.042589
0.236675
-0.484395
0.196707
2.90572
-0.711346
-0.125822
0.000437789
0.661817
0.765173
-1.58828
0.572946
-0.352124
-0.0359535
0.991917
-0.437591
0.0645013
-0.0510733
-0.203796
0.103918
3.27991
-0.0331993
-0.925977
0.239711
0.151072
0.540047
-0.21583
0.00951804
-0.15862
-0.189173
0.38053
-0.125837
0.0645013
-0.0510733
-0.203796
0.103918
3.33687
0.266601
-0.965073
0.22731
0.0273353
0.00848007
-0.0661576
0.0695984
0.0348835
-0.342393
-0.230858
0.185917
-0.0364653
0.103782
0.354177
-0.187698
3.36262
0.0364692
-0.907911
0.295128
-0.0122936
-0.364962
0.534658
-0.12166
-0.0745124
-0.0310485
0.831673
-0.377175
0.0217933
0.129858
-0.539355
0.216384
3.29761
-0.229683
-0.0809356
0.0126766
-0.0959387
-0.0374845
0.579939
-0.226859
-0.00913266
0.358526
-0.786392
0.271976
-0.00842398
-0.141994
0.292241
-0.103539
3.18411
-0.0506355
0.00485195
-0.0457451
-0.139476
0.253586
-0.116123
0.00647689
-0.0344046
-0.0674555
0.0903298
-0.0386402
-0.00842398
-0.141994
0.292241
-0.103539
2.06899
-0.961677
-0.125675
-0.000796829
0.411659
-0.692543
0.221414
0.669143
0.166249
0.635109
-0.363837
-0.483101
-0.0864499
-0.146911
0.115156
0.111539
2.56045
-1.16602
-0.152942
0.296785
0.484807
0.136941
-0.160793
0.0375582
-0.0931007
0.194376
-0.01837
-0.148484
-0.0864499
-0.146911
0.115156
0.111539
2.8657
-0.981616
-0.21695
0.297397
0.0392562
0.0849601
0.147934
0.0752061
-0.35245
-0.246357
0.327097
0.186132
0.233796
0.249043
-0.225399
-0.205151
2.78631
-0.89397
0.0326819
0.353585
0.0357428
0.339375
0.12593
-0.167981
0.348937
0.500772
-0.3491
-0.429319
-0.17132
-0.2997
0.145274
0.253949
2.99967
-0.353524
-0.0452136
0.0102331
0.219657
0.441816
-0.136447
-0.264774
-0.165023
-0.39833
0.0867227
0.332526
0.0382842
0.131871
-0.0406912
-0.127167
3.09258
-0.178167
-0.135629
-0.0491819
0.00446317
0.0407696
-0.0850755
0.0187774
-0.0501705
-0.00271653
-0.035351
-0.0489744
0.0382842
0.131871
-0.0406912
-0.127167
0.980842
-1.21542
3.47579
-2.32146
0.609673
1.75772
-5.22042
3.55625
-0.0455805
-1.54187
4.56548
-3.1053
-0.00666625
0.418017
-1.23375
0.837769
1.53827
-0.581553
1.5871
-1.03274
0.498514
-0.0719704
0.209299
-0.141043
-0.0655793
-0.287817
0.864241
-0.591993
-0.00666625
0.418017
-1.23375
0.837769
1.96454
-0.523324
1.42689
-0.928011
0.347356
0.606446
-1.76346
1.18828
-0.085578
0.966234
-2.837
1.92132
0.0522889
-0.817207
2.40828
-1.63406
2.2786
0.232149
-0.765287
0.547523
0.333067
0.0872922
-0.21262
0.128726
0.0712886
-1.48539
4.38784
-2.98087
-0.0717975
0.752694
-2.2309
1.51814
2.61116
-0.413252
1.17904
-0.786484
0.260251
-0.625401
1.87038
-1.27861
-0.144104
0.772694
-2.30485
1.57354
0.00229721
-0.331012
0.983343
-0.669953
2.72961
-0.596971
1.72791
-1.1615
-0.0210652
-0.073049
0.210715
-0.141388
-0.137212
-0.220342
0.645183
-0.43632
0.00229721
-0.331012
0.983343
-0.669953
