12.5742
0.0069127
-0.02323
0.00888877
0.0532296
0.0195338
-0.0238404
0.00651583
-0.00418033
-0.0304443
0.0441704
-0.0129504
0.000283069
0.0077695
-0.0113489
0.00334269
12.6235
0.00377162
-0.0142489
0.00579685
0.0457181
-0.0180464
0.0304536
-0.00935699
-0.00333113
-0.00713582
0.0101236
-0.00292238
0.000283069
0.0077695
-0.0113489
0.00334269
12.6662
-0.0136411
0.0149793
-0.00313983
0.0399051
-0.00900954
0.016654
-0.00517368
-0.00248192
0.0161727
-0.0239232
0.00710569
0.000158816
-0.00460176
0.00651707
-0.00175356
12.7038
-0.0110797
0.0142272
-0.00296138
0.0354177
0.00953056
-0.0116413
0.00377701
-0.00200547
0.00236742
-0.00437201
0.00184501
0.000127467
-0.00267687
0.00441354
-0.00167228
12.7373
-0.00185861
0.00262742
0.000988364
0.0317892
0.00623478
-0.00714467
0.0024502
-0.00162307
-0.0056632
0.0088686
-0.00317182
8.69026e-05
0.00156566
-0.00249667
0.000901499
12.7676
0.000278634
0.00185468
0.00116824
0.0288037
-0.000394623
0.00310251
-0.00118895
-0.00136236
-0.000966206
0.00137858
-0.000467327
8.69026e-05
0.00156566
-0.00249667
0.000901499
12.5668
-0.0128809
0.00395763
0.00834818
0.0554387
-0.00859961
-0.00395498
0.00616536
-0.00340468
0.0190452
0.00453118
-0.0121333
4.63172e-05
-0.00490032
-0.00111605
0.00313027
12.6189
-0.00733566
0.00341779
0.00551047
0.0487683
0.0147898
0.00175925
-0.00871052
-0.00326573
0.00434424
0.00118305
-0.00274254
4.63172e-05
-0.00490032
-0.00111605
0.00313027
12.6644
0.0068981
0.00524404
-0.00281232
0.0423758
0.00877735
0.000777207
-0.00480479
-0.00312678
-0.0103567
-0.00216509
0.00664826
0.000320576
0.00317172
0.00120047
-0.00169555
12.704
0.00849045
0.00505663
-0.00266439
0.037084
-0.00242093
4.84286e-05
0.00340508
-0.00216505
-0.000841565
0.00143631
0.0015616
0.000191855
0.00113337
-0.000815185
-0.00145254
12.7391
0.00636133
0.00572618
0.000849747
0.0333295
-0.000703956
0.000475496
0.00217066
-0.00158948
0.00255854
-0.00100924
-0.00279603
5.73924e-05
-0.000723185
0.000306606
0.000799058
12.7709
0.00749272
0.00549904
0.00102344
0.0303227
0.00224356
-0.000623174
-0.00102422
-0.00141731
0.000388982
-8.94255e-05
-0.000398852
5.73924e-05
-0.000723185
0.000306606
0.000799058
12.5662
0.0200789
0.0236885
-0.00975929
0.0490495
0.0019865
0.0111949
-0.00567873
0.00803837
-0.00829244
-0.0238634
0.0152641
-0.00283978
0.00225839
0.00621557
-0.00401542
12.6204
0.0160313
0.0172356
-0.00418937
0.0566069
-0.00782321
-0.0178852
0.0128031
-0.000480975
-0.00151727
-0.00521672
0.0032178
-0.00283978
0.00225839
0.00621557
-0.00401542
12.6737
0.00894923
0.000349183
0.00781614
0.0471256
-0.00408259
-0.00967196
0.00719248
-0.00900032
0.0052579
0.01343
-0.00882845
0.00299721
0.00048599
-0.00374351
0.000699944
12.7149
0.0106105
0.000363705
0.00688011
0.0381166
0.00789117
0.0059575
-0.0083646
-8.69949e-06
0.00671587
0.00219947
-0.00672862
-0.000942507
-0.00485463
-0.00225871
0.00510903
12.752
0.0203629
0.00626197
-0.00310408
0.0352717
0.00675901
0.00358031
-0.00649475
-0.00283622
-0.00784803
-0.00457666
0.00859847
0.000439872
0.0022872
0.00139321
-0.00231076
12.7849
0.0215611
0.00665883
-0.00331111
0.0309188
-0.00207545
-0.00139339
0.00376992
-0.0015166
-0.000986425
-0.000397042
0.00166619
0.000439872
0.0022872
0.00139321
-0.00231076
12.6002
0.038178
-0.00245531
0.000848918
0.0565522
0.00734016
-0.00633088
0.00170664
-0.00885345
-0.0102271
0.020866
-0.00415998
0.00161876
0.00264328
-0.00590577
0.000920575
12.6495
0.0379343
0.00617404
-0.000683853
0.0437016
-0.00518429
0.0176838
-0.0038516
-0.00399717
-0.00229731
0.00314868
-0.00139826
0.00161876
0.00264328
-0.00590577
0.000920575
12.6908
0.033096
0.0211008
-0.00501314
0.0405635
-0.00184908
0.00626384
-0.0038864
0.000859114
0.00563252
-0.0145686
0.00136347
0.000439635
-0.00490119
0.00354533
0.00319773
12.7327
0.0319783
0.0163413
-0.00433834
0.0436007
-0.00528762
-0.0122374
0.00843373
0.00217802
-0.00907105
-0.00393265
0.0109567
-0.00294682
0.00595504
0.00386629
-0.00759158
12.7755
0.0235746
0.00403749
0.00746048
0.0391162
-0.0055646
-0.00850386
0.00757233
-0.00666244
0.00879406
0.00766623
-0.0118181
0.00180952
-0.00185867
-0.00165814
0.00297341
12.8098
0.0249454
0.00154171
0.00618814
0.0312199
0.00644753
0.00185416
-0.00714361
-0.00123388
0.00321807
0.0026918
-0.00289786
0.00180952
-0.00185867
-0.00165814
0.00297341
12.6368
0.0358142
0.00706146
-0.00150442
0.0592681
-0.000201679
0.0221944
0.00622314
-0.00237457
0.0190249
-0.0382567
-0.0090588
-0.000723162
-0.00640655
0.0112874
0.0027587
12.6929
0.0482309
0.00228655
-0.00158137
0.0523495
0.0186285
-0.0204568
-0.00361835
-0.00454406
-0.000194729
-0.00439451
-0.000782693
-0.000723162
-0.00640655
0.0112874
0.0027587
12.74
0.0602581
-0.0112774
-0.00322371
0.0410919
-0.000980593
0.00461632
0.00309237
-0.00671354
-0.0194144
0.0294676
0.00749341
0.00228151
0.0117827
-0.0167414
-0.00693361
12.7767
0.0516458
0.00606521
0.000428466
0.0345093
-0.0044613
0.0133275
-0.00272163
0.000130989
0.0159337
-0.0207564
-0.0133074
-0.000717071
-0.00908712
0.0101625
0.00826165
12.8106
0.054031
0.00879889
-0.00733893
0.0326201
0.000144651
0.00230236
-0.00455151
-0.00202023
-0.0113277
0.00973123
0.0114775
0.00126612
0.00374527
-0.00571106
-0.00317142
12.8425
0.0465932
0.0151214
-0.00358433
0.032378
-0.011275
0.00463163
0.00888929
0.00177813
-9.19068e-05
-0.00740195
0.00196327
0.00126612
0.00374527
-0.00571106
-0.00317142
12.6781
0.0454238
-0.044065
0.000807816
0.0874839
0.0628565
-0.0729634
-0.000817625
-0.0306651
-0.0846648
0.178115
-0.00289751
0.00691638
0.0244443
-0.0552691
0.00113823
12.7419
0.0480598
0.00581753
-0.00176909
0.0469028
-0.0331402
0.117459
-0.00319796
-0.00991599
-0.0113318
0.0123077
0.000517175
0.00691638
0.0244443
-0.0552691
0.00113823
12.7858
0.0280322
0.0803155
-0.00331165
0.04782
0.0175292
-0.0237325
0.00125108
0.0108331
0.0620011
-0.1535
0.00393187
-0.00961077
-0.0425009
0.101
-0.00215455
12.8348
0.0650616
0.00408345
-0.000283264
0.0406539
0.0140289
-0.0277316
0.00265114
-0.0179992
-0.0655014
0.1495
-0.0025318
0.00862
0.0360229
-0.0832167
0.00102265
12.8661
0.049612
0.0426355
0.000858737
0.0305156
-0.00890517
0.0216189
0.000655512
0.00786083
0.0425673
-0.10015
0.000536166
-0.0038711
-0.0171911
0.040516
-0.000835489
12.9006
0.0660831
0.00462052
0.00121493
0.034624
0.0246562
-0.0571328
-0.000778622
-0.00375246
-0.00900601
0.0213981
-0.0019703
-0.0038711
-0.0171911
0.040516
-0.000835489
12.6803
-0.0402826
0.154509
-0.0207896
0.0765594
-0.0855232
0.188168
0.172655
0.0598875
0.262873
-0.575465
-0.180226
-0.0227701
-0.0826791
0.186234
0.0453547
12.794
0.0543876
-0.0465545
0.0169944
0.128024
0.192185
-0.40406
-0.0517326
-0.00842292
0.0148351
-0.0167631
-0.0441619
-0.0227701
-0.0826791
0.186234
0.0453547
12.8908
0.178728
-0.281144
-0.0335455
0.0428677
-0.0261826
0.121116
-0.00399241
-0.0767334
-0.233202
0.541939
0.0919021
0.0467338
0.153035
-0.366663
-0.0560339
12.9037
0.0723787
0.0152476
-0.00166972
0.0296024
-0.0334809
0.105004
0.0117101
0.063468
0.225904
-0.558051
-0.0761996
-0.0375512
-0.127343
0.310274
0.0434999
12.9592
0.137459
-0.127525
-0.0226594
0.0438848
0.0362992
-0.0802749
-0.0101894
-0.0491855
-0.156124
0.372772
0.0543002
0.0186183
0.0613344
-0.147338
-0.0218568
12.9725
0.0789689
0.017634
-0.000405345
0.00136867
-0.0919454
0.223255
0.0328406
0.00666932
0.0278793
-0.0692423
-0.0112702
0.0186183
0.0613344
-0.147338
-0.0218568
12.7737
0.206366
-0.425803
-0.0484895
0.351859
0.808778
0.591603
-0.213949
-0.432931
-1.42874
0.173232
0.290312
0.126139
0.425853
-0.130618
-0.0774226
12.8188
0.0122617
0.208414
-0.0495483
-0.135584
-0.771134
0.546213
0.134409
-0.0545128
-0.151177
-0.218623
0.0580448
0.126139
0.425853
-0.130618
-0.0774226
12.7549
-0.484196
0.405385
0.0654826
0.133808
0.204071
-0.282889
0.0182305
0.323906
1.12638
-0.610478
-0.174223
-0.222928
-0.748393
0.441317
0.117805
12.9896
0.0978647
-0.0466644
0.0272952
0.112835
0.211657
-0.179894
0.0231995
-0.344879
-1.1188
0.713473
0.179192
0.18888
0.623706
-0.374793
-0.12236
12.9465
-0.185569
0.112122
0.107327
-0.0102802
-0.154819
0.122675
0.0145037
0.221763
0.752321
-0.410905
-0.187888
-0.0892423
-0.298912
0.153951
0.0801894
13.0687
0.113021
-0.0221566
0.014132
0.165519
0.453086
-0.237281
-0.120704
-0.0459639
-0.144416
0.050949
0.0526805
-0.0892423
-0.298912
0.153951
0.0801894
12.5058
-0.790709
0.264713
0.0744998
1.53829
1.35014
-0.229773
-0.279937
-1.39812
-0.211334
-0.650152
0.0797025
0.343951
-0.0676515
0.278152
0.000392682
12.9899
0.280445
-0.33706
-0.125342
-0.226097
0.724517
-0.69562
-0.119354
-0.366268
-0.414288
0.184305
0.0808806
0.343951
-0.0676515
0.278152
0.000392682
12.7415
0.523022
-0.570222
-0.163423
0.0732218
-0.307014
0.507447
0.0435852
0.665587
-0.617243
1.01876
0.0820586
-0.412199
0.487656
-0.663382
-0.0852461
13.0681
0.0864213
0.292604
-0.123025
0.167798
-0.0785321
0.554824
-0.048036
-0.57101
0.845725
-0.971384
-0.17368
0.315434
-0.492959
0.383115
0.135931
12.9804
0.360655
0.259159
-0.20881
-0.0279206
0.134041
-0.2386
0.0123982
0.375291
-0.633152
0.17796
0.234114
-0.154014
0.249558
-0.019502
-0.112949
13.1737
0.111104
0.179016
-0.0752468
0.26062
-0.383587
0.0588135
0.141778
-0.0867505
0.115523
0.119454
-0.104734
-0.154014
0.249558
-0.019502
-0.112949
12.0543
-0.0377841
-0.464718
-0.0212987
2.37872
0.0507833
-1.33723
0.322544
-2.17991
-1.27253
1.77126
-0.0140551
0.554845
0.489831
-0.490498
-0.0408391
12.808
-0.7697
-0.521186
0.246351
-0.316554
-1.02478
0.733795
0.171916
-0.515371
0.196963
0.299766
-0.136572
0.554845
0.489831
-0.490498
-0.0408391
12.5309
-1.10769
0.0218764
0.240855
0.317239
0.838635
-0.138167
-0.223746
1.14916
1.66646
-1.17173
-0.25909
-0.673171
-1.09485
0.65925
0.20732
13.3241
0.302554
-0.628768
-0.0346605
0.596054
0.887008
-0.503871
-0.119966
-0.870349
-1.61808
0.806022
0.36287
0.341521
0.681064
-0.254119
-0.197334
13.3914
0.252544
-0.580736
0.0109101
-0.120081
-0.305964
0.345815
0.0137733
0.154213
0.42511
0.0436639
-0.229131
-0.036907
-0.128294
-0.154922
0.132761
13.3886
0.243396
-0.34618
-0.0716862
0.077625
0.159374
-0.0316243
-0.0462049
0.0434925
0.0402285
-0.421103
0.169153
-0.036907
-0.128294
-0.154922
0.132761
11.5305
-1.03112
0.294601
0.0654638
1.41482
-1.65604
0.427154
0.180355
-1.69523
2.22782
-0.222107
-0.433068
0.513339
-0.613681
-0.00755361
0.14926
11.7635
-1.07302
0.492095
-0.0379894
-0.435627
0.958554
-0.0397213
-0.238001
-0.155215
0.386777
-0.244768
0.0147119
0.513339
-0.613681
-0.00755361
0.14926
11.6859
-0.341372
0.200052
-0.112019
0.793961
-0.108937
-0.551919
0.239203
1.3848
-1.45427
-0.267429
0.462492
-0.901447
0.845613
0.285132
-0.319638
12.9633
-1.05896
-0.334164
0.270038
0.859226
-0.480632
-0.23138
0.205273
-1.31954
1.08257
0.587968
-0.496421
0.571132
-0.419176
-0.346938
0.237629
13.0741
-0.876198
-0.324514
0.216519
-0.0664569
0.426986
-0.0962585
-0.074682
0.393856
-0.174955
-0.452846
0.216465
-0.187362
-0.0398549
0.406008
-0.136744
13.2141
-0.664022
-0.467611
0.221559
0.15917
-0.0424888
0.216072
-0.0519834
-0.168229
-0.29452
0.765177
-0.193767
-0.187362
-0.0398549
0.406008
-0.136744
10.8595
-0.245522
-0.0105408
-0.0189543
0.366284
-0.260672
0.610282
-0.279763
-0.122586
0.484403
-0.843106
0.356219
0.0413642
-0.181009
0.267946
-0.103181
11.1445
-0.202799
0.0245816
-0.0456792
0.245204
0.165108
-0.272091
0.123132
0.00150598
-0.0586237
-0.0392674
0.0466764
0.0413642
-0.181009
0.267946
-0.103181
11.4326
-0.277325
-0.0188308
0.0209487
0.372308
-0.495167
0.453212
-0.0930578
0.125598
-0.60165
0.764571
-0.262867
-0.0903393
0.456965
-0.566416
0.182449
11.8402
-0.917176
0.632536
-0.152527
0.352487
-0.327571
0.283106
-0.071445
-0.14542
0.769245
-0.934677
0.284479
0.0426468
-0.400166
0.491783
-0.142009
12.0899
-0.875668
0.472748
-0.0815013
0.189588
0.0104227
-0.110901
0.0714876
-0.0174793
-0.431251
0.54067
-0.141547
0.0420468
0.361928
-0.418735
0.0824411
12.304
-0.934568
0.483782
-0.0691195
0.28077
0.233705
-0.285766
0.0357172
0.108661
0.654534
-0.715536
0.105776
0.0420468
0.361928
-0.418735
0.0824411
10.5845
-0.323466
0.19291
-0.0620213
0.436131
0.120603
-0.520294
0.188726
-0.12507
-0.13315
0.530933
-0.188679
0.0251204
0.0453404
-0.151084
0.0514203
10.9206
-0.290674
0.0524647
-0.0105537
0.261353
-0.00967733
0.0883191
-0.0343705
-0.0497088
0.00287062
0.0776804
-0.0344179
0.0251204
0.0453404
-0.151084
0.0514203
11.1574
-0.25214
0.0673802
-0.0279218
0.237296
0.132085
-0.209572
0.0510545
0.0256524
0.138892
-0.375572
0.119843
-0.0173415
-0.128521
0.306256
-0.0946202
11.403
-0.109684
-0.211507
0.0483554
0.236577
0.0243059
-0.0419469
0.0068797
-0.026372
-0.246671
0.543197
-0.164018
-0.00774499
0.157373
-0.304264
0.0883156
11.6055
-0.174676
-0.0145214
-0.0204671
0.160598
0.00308404
0.131655
-0.056209
-0.049607
0.225449
-0.369595
0.100929
0.0676808
-0.228219
0.216348
-0.0352254
11.7841
-0.174362
-0.0361129
-0.0109725
0.264426
-0.230676
0.04151
0.0399727
0.153435
-0.459209
0.27945
-0.00474729
0.0676808
-0.228219
0.216348
-0.0352254
10.3919
-0.12371
-0.13842
-0.00621883
0.225166
-0.353807
0.415753
-0.00672894
0.0840334
0.362679
-0.454213
0.0418381
-0.029203
-0.102567
0.133199
-0.0180877
10.6719
-0.217406
-0.0436808
0.0108026
0.305624
0.0638493
-0.0930757
0.022684
-0.0035756
0.0549779
-0.0546157
-0.0124251
-0.029203
-0.102567
0.133199
-0.0180877
10.9447
-0.201145
-0.0581732
0.00297375
0.210864
-0.133896
0.19729
-0.0564295
-0.0911846
-0.252723
0.344981
-0.0666884
0.0657737
0.200131
-0.277631
0.0606342
11.1302
-0.387633
0.206467
-0.0595099
0.225815
-0.0389489
0.0543599
-0.0079036
0.106136
0.34767
-0.487911
0.115214
-0.0663201
-0.186208
0.259566
-0.06049
11.3958
-0.26512
0.0324822
-0.0126892
0.239128
0.0977672
-0.142764
0.0410549
-0.0928239
-0.210954
0.290788
-0.0662557
0.0205842
0.0988008
-0.103905
0.0146879
11.5627
-0.279506
0.0766015
-0.0232021
0.115233
-0.0277378
0.127097
-0.0473927
-0.0310712
0.0854487
-0.0209268
-0.0221919
0.0205842
0.0988008
-0.103905
0.0146879
10.1235
-0.419206
-0.183369
0.149822
0.280383
0.457511
0.517712
-0.538745
0.0343374
-0.420232
-0.327344
0.369275
-0.0166587
0.109568
0.0551082
-0.0719416
10.4216
-0.272359
0.0621079
-0.0915899
0.299082
-0.05425
0.0283494
-0.0160203
-0.0156385
-0.0915289
-0.162019
0.15345
-0.0166587
0.109568
0.0551082
-0.0719416
10.6884
-0.30857
-0.0164534
-0.0261021
0.217828
0.0913958
-0.130364
0.0750542
-0.0656145
0.237175
0.00330577
-0.0623752
0.0489078
-0.173228
0.0421304
0.0168099
10.8895
-0.153228
-0.101381
0.00338664
0.233323
0.0460602
0.00263897
0.000733276
0.081109
-0.28251
0.129697
-0.0119457
-0.0534515
0.151455
-0.0672906
0.00194219
11.1505
-0.238223
-0.0363356
-0.00588355
0.235186
-0.0645954
0.0601611
-0.0173315
-0.0792455
0.171855
-0.0721747
-0.00611909
0.0301681
-0.0649451
0.00907739
0.0148595
11.3366
-0.195909
-0.0392718
-0.0144746
0.1672
0.0842788
-0.0569562
0.015009
0.0112588
-0.0229806
-0.0449426
0.0384595
0.0301681
-0.0649451
0.00907739
0.0148595
9.67078
-0.336478
0.7523
-0.916671
0.716861
-0.123299
-2.32775
2.08411
-0.343964
0.0329043
1.50378
-1.19937
0.0760758
0.00395939
-0.286678
0.212243
10.1198
-0.422913
-0.358352
0.18031
0.257161
-0.0456121
-0.180228
0.322096
-0.115737
0.0447824
0.643745
-0.562642
0.0760758
0.00395939
-0.286678
0.212243
10.3373
-0.419784
-0.181513
0.152006
0.253915
0.0558309
0.247228
-0.16646
0.112491
0.0566606
-0.216289
0.0740859
-0.0653803
-0.038538
0.0759122
-0.0179125
10.6383
-0.34583
-0.0746624
0.0417189
0.282755
0.053538
0.0423856
-0.0720261
-0.0836501
-0.0589535
0.0114474
0.0203484
0.0326552
0.0227005
-0.0325246
0.0179251
10.87
-0.328545
-0.0533542
0.00796625
0.213421
0.00373251
-0.0322936
0.0224459
0.0143155
0.00914806
-0.0861266
0.0741236
-0.0108401
-0.00221175
0.0715505
-0.0556056
11.0869
-0.317876
-0.100224
0.0489301
0.209531
0.0153934
0.0101047
0.00387616
-0.0182049
0.00251282
0.128525
-0.0926933
-0.0108401
-0.00221175
0.0715505
-0.0556056
9.16993
-1.58189
-3.0688
1.71435
0.349918
1.47352
6.40703
-3.93748
-0.00665036
-0.557647
-3.42555
1.96241
0.0055997
0.0673311
0.565323
-0.287376
9.5188
-0.598688
0.478006
-0.548092
0.353416
0.560219
1.25191
-0.874782
0.0101488
-0.355654
-1.72958
1.10028
0.0055997
0.0673311
0.565323
-0.287376
9.88796
-0.326791
0.565659
-0.609966
0.390513
0.0509047
-0.511277
0.463658
0.0269479
-0.15366
-0.0336062
0.238156
-0.0459186
0.0595489
0.0852731
-0.204874
10.2595
-0.369998
0.10605
-0.113027
0.306653
-0.0777694
-0.32267
0.325346
-0.110808
0.0249864
0.222213
-0.376467
0.0407562
0.0114265
-0.0157832
0.120249
10.4961
-0.411355
-0.01019
-0.0438989
0.207305
0.0064828
0.0744071
-0.0668407
0.0114606
0.0592658
0.174863
-0.0157198
0.002893
-0.0259277
-0.137043
0.0390357
10.7178
-0.371534
0.102037
-0.0874238
0.238906
0.0472314
0.0130037
0.0188268
0.0201396
-0.0185172
-0.236267
0.101387
0.002893
-0.0259277
-0.137043
0.0390357
6.23359
-2.57644
2.24269
1.89269
4.29299
2.47514
-5.7924
-4.34724
-2.02743
-1.5215
2.66622
2.17898
0.350878
0.33585
-0.329362
-0.321848
8.85002
-1.28695
-1.21285
-0.59741
1.29076
0.439684
-1.44803
-0.954822
-0.974798
-0.513955
1.67814
1.21343
0.350878
0.33585
-0.329362
-0.321848
9.51686
-1.02537
-1.3121
-0.660646
0.393798
0.419324
0.920161
0.506503
0.0778371
0.493595
0.690055
0.24789
-0.105971
-0.384528
-0.540693
-0.216884
9.88253
-0.49698
-0.24258
-0.123137
0.23156
0.25293
0.678193
0.35163
-0.240076
-0.659989
-0.932023
-0.402763
0.156649
0.340607
0.351292
0.12695
10.0307
-0.563431
-0.145118
-0.0473204
0.221355
-0.0452252
-0.131976
-0.0730466
0.22987
0.361833
0.121854
-0.021914
-0.121042
-0.182907
-0.0137211
0.0456165
10.3608
-0.429731
-0.168962
-0.0966645
0.317968
0.129719
0.0705685
0.0199749
-0.133257
-0.186889
0.0806907
0.114936
-0.121042
-0.182907
-0.0137211
0.0456165
7.79253
7.58702
-22.3692
15.1815
-3.3715
-22.1514
64.9045
-43.9083
1.29627
10.3479
-30.3583
20.5511
0.0355185
-1.28842
3.79406
-2.57334
5.75281
-5.50488
15.9711
-10.7491
-0.672413
-5.32085
15.5701
-10.5262
1.40282
6.48263
-18.9761
12.831
0.0355185
-1.28842
3.79406
-2.57334
6.51874
-5.63152
16.3592
-11.0176
2.23979
3.77915
-10.9999
7.41583
1.50938
2.61738
-7.59391
5.11102
-1.24808
-2.11657
6.14396
-4.13623
9.01983
-1.35155
3.90941
-2.62698
1.51431
2.66421
-7.7558
5.22918
-2.23485
-3.73232
10.838
-7.29766
0.975498
1.42404
-4.12714
2.77615
9.27479
-0.995629
2.86443
-1.91931
-0.0288935
-0.528318
1.5387
-1.03769
0.691643
0.539799
-1.54346
1.03079
-0.272054
-0.0735
0.197761
-0.127622
9.66549
-1.05765
3.05744
-2.05383
0.53823
0.330781
-0.954939
0.641025
-0.12452
0.319299
-0.95018
0.647924
-0.272054
-0.0735
0.197761
-0.127622
