12.2136
-0.26372
0.184697
-0.0367486
0.0696475
-0.0607531
0.0469596
-0.00990673
-0.0106339
0.17162
-0.170317
0.0415692
0.00138491
-0.0383966
0.0394816
-0.00984372
12.274
-0.19125
0.100821
-0.0149299
0.0525345
0.167297
-0.17523
0.0437004
-0.00647916
0.0564302
-0.0518722
0.012038
0.00138491
-0.0383966
0.0394816
-0.00984372
12.3214
-0.00591932
-0.0867994
0.0309648
0.0437309
0.164968
-0.160529
0.0382453
-0.00232444
-0.0587596
0.0665726
-0.0174932
-6.74526e-05
-0.00645258
0.00504701
-0.000995161
12.3628
0.0938362
-0.175709
0.0507218
0.0388796
0.0280907
-0.0122428
0.000273474
-0.0025268
-0.0781174
0.0817137
-0.0204786
0.000232593
0.0266001
-0.0260564
0.00624957
12.3994
0.0704095
-0.132294
0.0367662
0.0345238
-0.0483439
0.0730153
-0.0219351
-0.00182902
0.00168279
0.00354448
-0.00172993
9.17768e-05
-0.00410849
0.00374927
-0.000778578
12.4321
0.01964
-0.0519853
0.0123226
0.0311411
-0.0573038
0.0913521
-0.0277307
-0.00155369
-0.0106427
0.0147923
-0.00406566
9.17768e-05
-0.00410849
0.00374927
-0.000778578
12.0978
-0.00457308
0.0732999
-0.0355551
0.0459474
0.003446
0.0167861
-0.00943661
0.0322383
-0.0443065
-0.043596
0.0394811
-0.00737381
0.0110355
0.00945629
-0.00933126
12.1686
-0.0343981
0.0559463
-0.0148418
0.0883025
-0.0520607
-0.0420371
0.0415318
0.0101168
-0.0112002
-0.0152271
0.0114873
-0.00737381
0.0110355
0.00945629
-0.00933126
12.2597
-0.0866236
0.00813834
0.028846
0.0864148
-0.0413547
-0.0441225
0.0365126
-0.0120046
0.0219062
0.0131417
-0.0165065
-0.00246819
0.000655944
0.00203682
-0.000969547
12.3316
-0.105416
-0.0208056
0.0478825
0.055001
0.00442551
-0.0117286
0.00059099
-0.0194092
0.023874
0.0192522
-0.0194151
0.00702583
-0.00676402
-0.00702253
0.00595386
12.3742
-0.0838806
-0.0203045
0.0350123
0.0372602
0.0318815
0.00570824
-0.0203777
0.00166832
0.00358197
-0.0018154
-0.00155353
-0.00104602
0.00105432
0.00140165
-0.000766249
12.4121
-0.0473628
-0.01501
0.0123148
0.0374587
0.0422084
0.00628239
-0.0257835
-0.00146974
0.00674493
0.00238955
-0.00385228
-0.00104602
0.00105432
0.00140165
-0.000766249
12.131
0.0353615
-0.0223479
0.00517931
0.0567429
0.0087084
-0.00703058
0.00644609
-0.0161832
-0.0130553
0.054193
-0.0303235
0.00378667
0.00195425
-0.0134196
0.00774852
12.1753
0.0329688
0.0113949
-0.0109496
0.0357365
-0.0115395
0.0610966
-0.0309554
-0.00482317
-0.00719256
0.0139341
-0.00707795
0.00378667
0.00195425
-0.0134196
0.00774852
12.21
0.0161911
0.073006
-0.0412344
0.0374502
-0.0200618
0.048706
-0.0218657
0.00653684
-0.00132982
-0.0263247
0.0161676
-0.000744971
0.00182095
-0.000679574
-4.85681e-05
12.2533
-0.00337965
0.0947077
-0.046981
0.048289
-0.0172586
-0.00598216
0.0103238
0.00430192
0.00413303
-0.0283634
0.0160219
-0.000806856
-0.00294749
0.00795615
-0.00397623
12.3051
-0.0194527
0.0683182
-0.0246115
0.0544722
-0.017835
-0.0388406
0.030439
0.00188135
-0.00470943
-0.00449499
0.00409323
0.000643702
0.00155887
-0.000872699
-0.000250792
12.3621
-0.0404383
0.02411
0.00966989
0.060166
-0.0225773
-0.0504487
0.0378731
0.00381246
-3.28166e-05
-0.00711308
0.00334086
0.000643702
0.00155887
-0.000872699
-0.000250792
12.1492
0.00620356
-0.0102818
-0.00589885
0.0648668
0.0139855
0.00963254
4.53631e-05
-0.00536896
0.00436022
-0.0210735
0.00967209
6.98101e-05
-0.00163944
0.00564102
-0.00280919
12.2088
0.0229098
-0.0160817
0.00100941
0.0543383
0.0177876
-0.0155913
0.010962
-0.00515953
-0.000558106
-0.0041504
0.00124453
6.98101e-05
-0.00163944
0.00564102
-0.00280919
12.258
0.0384999
-0.0301824
0.0104067
0.0442287
0.0117531
-0.00696907
0.00502348
-0.0049501
-0.00547643
0.0127727
-0.00718303
0.000347837
0.000316099
-0.000608154
0.000392548
12.2976
0.0450927
-0.024987
0.00863974
0.035372
0.00174852
0.0167518
-0.00816493
-0.00390659
-0.00452814
0.0109482
-0.00600539
0.000225584
0.00103614
-0.00203646
0.00105239
12.3293
0.0433492
0.000676482
-0.00447819
0.0282356
-0.00419933
0.0325388
-0.0170185
-0.00322983
-0.00141971
0.0048388
-0.0028482
0.00107908
-0.0009389
-0.000989421
0.000919849
12.3554
0.0367913
0.0370646
-0.0234251
0.0250132
-0.00985544
0.0392481
-0.0199554
7.42109e-06
-0.00423641
0.00187054
-8.8654e-05
0.00107908
-0.0009389
-0.000989421
0.000919849
12.1392
-0.0320567
-0.0299025
-0.00739745
0.0885302
0.0333867
0.0127783
0.00130567
-0.0124101
-0.00877043
0.00147036
-0.00176795
0.0012622
0.00121504
-0.00103629
0.000560057
12.2166
-0.00622538
-0.0166901
-0.00729967
0.0674966
0.0194909
0.0126102
-0.000550057
-0.00862351
-0.00512532
-0.0016385
-8.77785e-05
0.0012622
0.00121504
-0.00103629
0.000560057
12.2767
0.00935526
-0.00675474
-0.00737745
0.0540362
0.0128854
0.00622432
0.000954558
-0.00483691
-0.00148022
-0.00474735
0.00159239
0.000448329
0.000277434
0.000436382
-0.000105155
12.3264
0.0210379
-0.0048414
-0.00493565
0.0457073
0.0107573
-0.00196125
0.00382388
-0.00349192
-0.000647918
-0.00343821
0.00127693
0.000277659
0.000120402
0.000502577
-0.000218568
12.3689
0.0312676
-0.00973827
-5.34099e-05
0.0395565
0.00982263
-0.00732993
0.00572203
-0.00265894
-0.000286711
-0.00193048
0.000621224
7.06132e-05
-0.000158194
0.000971691
-0.000501957
12.4058
0.0406453
-0.018027
0.00578789
0.0344504
0.00877462
-0.00827582
0.00545861
-0.0024471
-0.000761293
0.000984594
-0.000884648
7.06132e-05
-0.000158194
0.000971691
-0.000501957
12.0699
-0.114054
-0.0483551
-0.00348404
0.136001
0.0628603
0.00730133
-0.00373154
-0.0214781
-0.0111336
0.00190541
0.00169834
0.00200101
0.000822636
-0.000373922
-0.000233061
12.1864
-0.0615046
-0.0395223
-0.0057503
0.0990476
0.0430611
0.00999037
-0.00103404
-0.0154751
-0.00866565
0.000783638
0.000999157
0.00200101
0.000822636
-0.000373922
-0.000233061
12.272
-0.0262866
-0.0291222
-0.00601825
0.0741004
0.0281977
0.0104359
0.000265088
-0.00947209
-0.00619775
-0.00033813
0.000299975
0.00105699
0.000834733
-0.000307183
-0.000128104
12.3376
-0.00345188
-0.0193317
-0.00558129
0.0583272
0.0183064
0.00883807
0.000480726
-0.00630112
-0.00369355
-0.00125968
-8.43369e-05
0.000682069
0.000469851
9.20691e-05
-2.9681e-05
12.3903
0.0116308
-0.0116612
-0.00521458
0.0477712
0.0123289
0.00659491
0.000223009
-0.00425491
-0.00228399
-0.000983473
-0.00017338
0.000382153
0.000279315
2.73232e-07
9.49778e-05
12.4342
0.021955
-0.0060495
-0.00506998
0.0404078
0.00859882
0.00462879
0.000161183
-0.00310845
-0.00144605
-0.000982653
0.000111553
0.000382153
0.000279315
2.73232e-07
9.49778e-05
11.904
-0.221216
-0.0728516
0.00525162
0.202431
0.0662683
0.0265738
-0.00947657
-0.0290079
-0.00222773
-0.00927188
0.00330169
0.00221666
-0.000624391
0.0014313
-0.000459012
12.0796
-0.1578
-0.0541184
-0.00138227
0.151065
0.0599397
0.0123239
-0.00425023
-0.022358
-0.00410091
-0.00497797
0.00192465
0.00221666
-0.000624391
0.0014313
-0.000459012
12.2105
-0.102586
-0.0453412
-0.00416687
0.112999
0.0498647
0.00666187
-0.00177796
-0.015708
-0.00597408
-0.000684065
0.000547617
0.00145644
-0.000163946
0.000786888
-4.23948e-05
12.3093
-0.0588591
-0.0385765
-0.00543961
0.0859524
0.0374247
0.00765441
-0.000809914
-0.0113387
-0.00646592
0.0016766
0.000420433
0.00121431
0.000564946
-0.000545548
-4.46162e-05
12.3851
-0.0273354
-0.029791
-0.00587371
0.066918
0.0261877
0.00937096
-0.000102898
-0.00769575
-0.00477108
3.99548e-05
0.000286584
0.000756719
0.000564795
-0.000543984
3.67574e-05
12.4451
-0.00535392
-0.0209241
-0.00565326
0.0537966
0.0183399
0.00781892
0.000580542
-0.0054256
-0.00307669
-0.001592
0.000396856
0.000756719
0.000564795
-0.000543984
3.67574e-05
11.6151
-0.351165
-0.00747815
0.00474358
0.285796
0.0909861
-0.112896
0.0193435
-0.0372059
-0.0108664
0.0610991
-0.0161232
0.00256456
0.000861178
-0.00970051
0.00311614
11.8663
-0.270184
-0.068975
0.01108
0.219078
0.0718368
-0.0197988
-0.00355443
-0.0295122
-0.0082829
0.0319976
-0.00677475
0.00256456
0.000861178
-0.00970051
0.00311614
12.0584
-0.205769
-0.0664767
0.00386699
0.167748
0.0578546
0.0150949
-0.0077555
-0.0218185
-0.00569936
0.00289607
0.00257368
0.00203698
0.00128265
-0.00260655
-0.000586936
12.2064
-0.152331
-0.0510923
-0.00190177
0.130222
0.0503038
0.0130674
-0.00436896
-0.0157076
-0.00185142
-0.00492359
0.000812867
0.00118909
-0.000659999
0.00023182
0.000555152
12.3221
-0.104538
-0.0427167
-0.00490271
0.102374
0.0446209
0.00391566
-0.00107777
-0.0121403
-0.00383142
-0.00422813
0.00247832
0.000814287
-0.000412901
0.00255069
-0.00108446
12.4131
-0.0641619
-0.0404785
-0.00458661
0.080536
0.0357194
0.00311146
0.000625504
-0.00969744
-0.00507012
0.00342393
-0.000775049
0.000814287
-0.000412901
0.00255069
-0.00108446
11.2612
-0.35189
-0.0764924
-0.00764718
0.283231
-0.0767744
0.232374
-0.0408841
-0.00309632
0.0629624
-0.168757
0.0431223
-0.00315864
-0.00919143
0.0321481
-0.00989569
11.5382
-0.374894
0.0192724
-0.0153047
0.267562
0.021576
-0.00869621
0.0156734
-0.0125722
0.0353881
-0.0723129
0.0134352
-0.00315864
-0.00919143
0.0321481
-0.00989569
11.7901
-0.327121
-0.0295886
0.0039082
0.232942
0.0647779
-0.0568777
0.0128567
-0.0220481
0.0078138
0.0241314
-0.0162519
0.000126142
-0.00569127
-0.00523096
0.00745606
12.0011
-0.260221
-0.0675659
0.00796907
0.189224
0.0633317
-0.0243078
0.0027211
-0.0216697
-0.00926
0.0084385
0.0061163
0.00131606
0.00146909
0.00657551
-0.00668058
12.1699
-0.20468
-0.0768597
0.0101259
0.149833
0.049219
0.0122957
-0.00508805
-0.0177215
-0.00485271
0.028165
-0.0139255
0.00186761
0.0014351
-0.0136278
0.0066514
12.3039
-0.158879
-0.0500267
-0.0022362
0.119992
0.0438188
0.0277425
-0.0129847
-0.0121187
-0.000547418
-0.0127182
0.00602876
0.00186761
0.0014351
-0.0136278
0.0066514
10.8252
-0.527817
-0.022835
0.0261065
0.397946
0.265321
-0.459608
0.12493
-0.0657689
-0.145185
0.393515
-0.133622
0.00990234
0.0254177
-0.085433
0.0326801
11.1673
-0.382263
-0.174361
0.0500948
0.296115
0.0512037
0.0711237
-0.0442738
-0.0360619
-0.0689321
0.137217
-0.035582
0.00990234
0.0254177
-0.085433
0.0326801
11.4373
-0.374574
-0.0514535
0.00291905
0.253699
-0.0104075
0.0892579
-0.0173976
-0.00635483
0.00732092
-0.119082
0.0624583
-0.00334002
0.006215
0.0632541
-0.0427511
11.6813
-0.371445
-0.0180238
0.00522859
0.230969
0.0228793
0.0408554
-0.0207344
-0.0163749
0.0259659
0.0706798
-0.0657951
0.00268008
-0.00542164
-0.0680953
0.0489387
11.8985
-0.328022
0.025416
-0.0323622
0.206259
0.0585462
-0.022071
-0.00550839
-0.00833466
0.00970098
-0.133606
0.0810211
-0.00367364
-0.0058662
0.0621351
-0.0349917
12.0928
-0.265641
-0.068126
0.00815884
0.178569
0.0603496
-0.102878
0.0515587
-0.0193556
-0.00789762
0.0527992
-0.023954
-0.00367364
-0.0058662
0.0621351
-0.0349917
10.3007
-0.495167
0.0448575
-0.0329891
0.328589
-0.279104
0.847289
-0.219828
0.0489391
0.240979
-0.828525
0.236085
-0.0174329
-0.047408
0.195903
-0.0590132
10.6608
-0.5807
0.259524
-0.0757456
0.374169
0.0606297
-0.222053
0.0753016
-0.00335946
0.0987549
-0.240816
0.059045
-0.0174329
-0.047408
0.195903
-0.0590132
11.0141
-0.468724
-0.00744276
-0.000412174
0.315151
0.115916
-0.115977
0.0163521
-0.055658
-0.043469
0.346893
-0.117995
0.0233779
0.00446977
-0.240801
0.0895614
11.297
-0.391807
-0.0173283
-0.0124931
0.273969
0.0423868
-0.144595
0.0490474
0.0144757
-0.0300597
-0.375511
0.15069
-0.0218982
0.00520388
0.284361
-0.107977
11.5636
-0.374276
-0.253073
0.0792673
0.237226
-0.00212095
-0.0425328
0.0264968
-0.0512188
-0.0144481
0.477573
-0.17324
0.0176036
0.013429
-0.203978
0.071607
11.7672
-0.377416
-0.0220109
0.00413081
0.187599
0.00926979
0.300679
-0.105163
0.001592
0.0258388
-0.134361
0.0415806
0.0176036
0.013429
-0.203978
0.071607
9.81737
-0.504419
-0.108969
0.0121126
0.676946
0.755989
-0.947142
0.168516
-0.302523
-0.707818
0.968282
-0.184447
0.072049
0.167358
-0.237328
0.0470845
10.2638
-0.28889
-0.325157
0.0432655
0.288047
-0.157572
0.277437
-0.0591255
-0.0863759
-0.205743
0.256297
-0.0431939
0.072049
0.167358
-0.237328
0.0470845
10.5376
-0.484846
-0.0287509
-0.0119694
0.331442
-0.066982
0.0780468
-0.00425976
0.129771
0.296333
-0.455688
0.0980597
-0.123392
-0.208448
0.340661
-0.0760648
10.8754
-0.463943
-0.0657303
0.00576574
0.220808
-0.0996617
0.188656
-0.0363348
-0.240405
-0.329012
0.566297
-0.130135
0.15969
0.249997
-0.409398
0.0899301
11.0155
-0.642621
0.279825
-0.0707738
0.219069
-0.00769613
0.0930559
-0.0268141
0.238666
0.420978
-0.661897
0.139656
-0.101339
-0.179707
0.273279
-0.0559744
11.3719
-0.409046
-0.0157371
-0.0139066
0.392385
0.295139
-0.4109
0.0845739
-0.0653501
-0.118142
0.157941
-0.0282675
-0.101339
-0.179707
0.273279
-0.0559744
9.2161
-0.686019
-0.00882407
-0.0126849
0.654309
-0.632747
0.450034
-0.0229871
-0.226507
0.675403
-0.487662
0.0431694
0.0491637
-0.166045
0.123273
-0.0128204
9.69306
-0.809407
0.0768204
-0.00532294
0.348787
0.219926
-0.155473
0.0248906
-0.0790155
0.17727
-0.117845
0.00470829
0.0491637
-0.166045
0.123273
-0.0128204
10.012
-0.578256
-0.073225
0.0114556
0.338247
0.0763323
-0.0213452
-0.00415393
0.0684756
-0.320864
0.251973
-0.0337528
-0.0672436
0.24468
-0.186977
0.0236538
10.3515
-0.578107
-0.0295742
-0.00279738
0.273467
0.168646
-0.0783301
-0.000698219
-0.133255
0.413177
-0.308958
0.0372085
0.0902193
-0.299009
0.210903
-0.0208129
10.5819
-0.295293
-0.205959
0.0129
0.277615
0.0979734
-0.0635351
0.0112801
0.137403
-0.483849
0.323753
-0.0252302
-0.0637404
0.198929
-0.129611
0.00911329
10.9332
-0.48224
-0.0753516
0.0080632
0.361199
-0.272938
0.195138
-0.0118404
-0.0538185
0.112938
-0.0650791
0.00210967
-0.0637404
0.198929
-0.129611
0.00911329
8.50857
-0.741722
-0.0870723
0.00116592
0.448609
0.19836
-0.0149723
-0.0369878
0.00440391
-0.170413
0.075425
0.0181997
-0.00642871
0.0420394
-0.0247606
-0.00184923
8.95515
-0.671735
-0.0513802
-0.0194714
0.438131
-0.0163479
0.0615959
-0.00613611
-0.0148822
-0.044295
0.00114328
0.012652
-0.00642871
0.0420394
-0.0247606
-0.00184923
9.37197
-0.690339
-0.0134015
-0.0148048
0.38908
0.0211802
-0.0103992
0.0136202
-0.0341683
0.0818231
-0.0731384
0.00710431
0.0141137
-0.0583119
0.0461828
-0.00369655
9.741
-0.645647
-0.0507564
0.00222319
0.363085
0.00989087
-0.0181277
0.0167391
0.00817273
-0.0931124
0.0654099
-0.00398534
-0.0186991
0.0603592
-0.0309567
-0.00400253
10.0936
-0.66851
-0.0344309
0.0109745
0.323333
0.00474345
0.019822
-0.00323912
-0.0479244
0.087965
-0.0274603
-0.0159929
0.0146915
-0.0329521
0.0112152
0.00478809
10.3837
-0.608753
-0.030854
-0.00346949
0.271559
0.0818172
-0.00145306
-0.0208607
-0.00385007
-0.0108913
0.00618524
-0.00162865
0.0146915
-0.0329521
0.0112152
0.00478809
7.68094
-0.912368
-0.0546257
-0.0288304
0.595009
0.0574524
-0.0729045
0.0633361
-0.0723846
0.0350358
0.0395055
-0.045063
0.00900089
-0.0130294
-0.00364593
0.00868722
8.21257
-0.83291
-0.0916707
-0.00187002
0.477243
0.0884356
-0.00483136
-0.000728169
-0.045382
-0.00405251
0.0285677
-0.0190013
0.00900089
-0.0130294
-0.00364593
0.00868722
8.65343
-0.761556
-0.0715803
-0.0129123
0.413482
0.0412423
0.0413662
-0.0126692
-0.0183793
-0.0431408
0.0176299
0.00706032
-0.00171193
0.0229641
-0.0156887
-0.00172589
9.04682
-0.74049
-0.0282728
-0.0202471
0.371587
0.0238529
0.02956
-0.00372622
-0.0235151
0.0257514
-0.0294362
0.00188264
0.00670083
-0.0135619
0.00546709
0.00317969
9.40159
-0.704448
-0.022682
-0.0189109
0.344659
0.03467
-0.0129112
0.00957814
-0.00341262
-0.0149343
-0.0130349
0.0114217
-0.00225737
0.00384253
-0.00342291
-0.000143847
9.74058
-0.68087
-0.052051
0.00194507
0.331062
0.016329
-0.0492498
0.03199
-0.0101847
-0.00340672
-0.0233037
0.0109902
-0.00225737
0.00384253
-0.00342291
-0.000143847
6.68512
-1.10811
-0.249329
0.200619
0.642893
0.101652
0.230959
-0.187817
-0.0429064
-0.0211422
-0.139121
0.070972
0.00101275
0.00574037
0.0277451
-0.0110307
7.28612
-1.02186
-0.129745
0.0727432
0.560119
0.0765884
0.035953
-0.0789648
-0.0398681
-0.00392111
-0.0558854
0.0378801
0.00101275
0.00574037
0.0277451
-0.0110307
7.80738
-0.943454
-0.121932
0.0206278
0.483421
0.0859673
0.00741751
-0.0362966
-0.0368299
0.0133
0.02735
0.00478813
0.00383754
-0.013591
-0.0147398
0.00590044
8.25781
-0.857777
-0.101905
-0.0049803
0.421274
0.0717942
0.0178981
-0.00901904
-0.0253173
-0.0274731
-0.0168693
0.0224895
0.00178569
0.00691133
0.0149543
-0.014296
8.65555
-0.806545
-0.0859215
-0.0058059
0.375996
0.0375821
0.0290224
-0.00692817
-0.0199602
-0.00673907
0.0279935
-0.0203986
-0.00198159
-0.00343482
-0.00155171
0.0047901
9.00961
-0.779137
-0.0304573
-0.0283426
0.330131
0.0137995
0.0803543
-0.033355
-0.025905
-0.0170435
0.0233384
-0.00602828
-0.00198159
-0.00343482
-0.00155171
0.0047901
5.5283
-1.00491
0.502171
-0.130867
0.787687
0.000119285
-0.483808
0.140438
-0.132197
-0.0864678
0.111448
0.00956574
0.0234676
0.0281387
-0.00729939
-0.0127819
6.20725
-1.06312
0.122512
0.00635396
0.593695
-0.0884002
-0.28281
0.121223
-0.0617946
-0.00205172
0.0895499
-0.0287801
0.0234676
0.0281387
-0.00729939
-0.0127819
6.76262
-1.12543
-0.078048
0.0860152
0.540509
-0.00808759
-0.125608
0.0253173
0.00860821
0.0823643
0.0676518
-0.0671259
-0.0185928
-0.0253692
-0.0039996
0.0262466
7.29315
-1.07653
-0.140004
0.0704533
0.501947
0.0805334
-0.00230358
-0.0301947
-0.0471702
0.00625665
0.055653
0.0116139
0.0093553
-0.00606813
-0.0324702
-0.0062125
7.75728
-0.995805
-0.119125
0.04566
0.435673
0.0748423
0.0115918
-0.0256044
-0.0191043
-0.0119477
-0.0417576
-0.00702363
-0.00217803
0.00783206
0.0121213
0.00748928
8.17167
-0.925079
-0.137169
0.0205212
0.39093
0.074443
-0.0355595
-0.0171838
-0.0256384
0.0115484
-0.00539364
0.0154442
-0.00217803
0.00783206
0.0121213
0.00748928
4.89469
-0.393172
0.0876398
-0.154086
0.444436
-0.546184
-0.0406296
0.163589
-0.0976513
0.165126
0.135605
0.00475845
0.031525
-0.0248059
-0.045629
-0.0127648
5.273
-0.799037
0.136986
0.00149705
0.343708
-0.29035
0.0936935
0.134812
-0.00307643
0.090708
-0.00128195
-0.033536
0.031525
-0.0248059
-0.045629
-0.0127648
5.64515
-1.02349
0.183769
0.0900082
0.432131
-0.183352
-0.0457574
0.0294456
0.0914985
0.0162903
-0.138169
-0.0718304
-0.0217151
0.0453713
0.075979
0.0275584
6.14707
-1.14518
0.0758215
0.0751818
0.549982
-0.0146577
-0.0941582
-0.0315401
0.0263533
0.152404
0.0897682
0.0108447
-0.0353955
-0.089646
-0.0505302
-0.00560108
6.68801
-1.09708
0.0209012
0.0488854
0.496502
0.0212126
-0.0662126
-0.0266539
-0.0798333
-0.116534
-0.0618225
-0.0059585
0.0252646
0.0545425
0.0347426
0.00765178
7.12994
-1.13785
-0.0723913
0.0239248
0.41263
-0.0482275
-0.0856298
-0.0156155
-0.00403939
0.0470937
0.0424053
0.0169968
0.0252646
0.0545425
0.0347426
0.00765178
4.43507
-0.680151
1.97418
-1.32899
0.0212121
-0.136675
0.34672
-0.215733
0.207838
0.450611
-1.29814
0.870434
-0.0516747
-0.154358
0.447775
-0.301346
4.61244
-0.520573
1.47054
-0.975637
0.281864
0.301473
-0.906234
0.621097
0.0528136
-0.0124639
0.0451858
-0.033604
-0.0516747
-0.154358
0.447775
-0.301346
4.89545
-0.385923
1.05726
-0.68949
0.232466
-0.18653
0.527463
-0.350149
-0.102211
-0.475539
1.38851
-0.937642
0.127194
0.280005
-0.812885
0.547281
5.1529
-0.767987
2.16035
-1.43
0.409626
-0.297594
0.865831
-0.583592
0.27937
0.364475
-1.05014
0.704199
-0.181173
-0.20751
0.597671
-0.400706
5.66072
-0.908617
2.57371
-1.7101
0.424848
-0.191174
0.558557
-0.377311
-0.264148
-0.258054
0.74287
-0.497918
0.122202
0.146983
-0.424293
0.284805
5.94362
-1.21086
3.45084
-2.30052
0.263157
-0.266334
0.771416
-0.518733
0.102457
0.182895
-0.530011
0.356496
0.122202
0.146983
-0.424293
0.284805
