10.9499
-1.47222
0.980343
-0.197599
0.0762508
-3.61489
3.43774
-0.816631
-0.00699228
4.64489
-4.46574
1.0654
0.000473167
-1.13407
1.09099
-0.260386
11.0196
-1.57629
1.04333
-0.209221
0.0636858
2.27267
-2.22078
0.533003
-0.00557278
1.24266
-1.19278
0.284238
0.000473167
-1.13407
1.09099
-0.260386
11.0782
0.804965
-1.27925
0.347635
0.0539597
1.35577
-1.33338
0.320322
-0.00415328
-2.15956
2.08018
-0.496919
0.000301278
0.892966
-0.851609
0.202118
11.1283
0.894144
-1.38406
0.373155
0.046557
-0.284446
0.272149
-0.0671629
-0.00324945
0.519341
-0.474648
0.109434
0.000233515
-0.15211
0.103135
-0.0175777
11.1718
0.976929
-1.48342
0.397849
0.0407586
0.297905
-0.36774
0.0989727
-0.0025489
0.0630103
-0.165242
0.0567012
0.000158686
-0.281301
0.433856
-0.129441
11.2102
1.05654
-1.58255
0.424082
0.0361369
-0.419978
0.603344
-0.175948
-0.00207284
-0.780894
1.13633
-0.331622
0.000158686
-0.281301
0.433856
-0.129441
10.2604
-0.10433
0.379349
-0.1891
-0.917523
0.810707
0.950436
-0.777833
1.23755
-1.09041
-1.21965
1.01364
-0.302999
0.266743
0.297572
-0.247674
10.2774
-0.117293
0.40771
-0.200968
0.648572
-0.56989
-0.596141
0.506422
0.328548
-0.290184
-0.326932
0.270617
-0.302999
0.266743
0.297572
-0.247674
10.9515
-0.710625
-0.217791
0.328396
0.396669
-0.35003
-0.35729
0.304634
-0.58045
0.510045
0.565783
-0.472404
0.243776
-0.203899
-0.235868
0.192382
11.0115
-0.754508
-0.245165
0.353008
-0.0329029
0.0583635
0.0666732
-0.0630281
0.150878
-0.101651
-0.14182
0.104742
-0.0663191
0.00142729
0.050518
-0.0176978
11.0632
-0.796369
-0.269794
0.377025
0.0698961
-0.140658
-0.0654132
0.0933633
-0.0480792
-0.0973696
0.00973371
0.051649
0.0232722
0.198087
0.0368505
-0.120438
11.1083
-0.836309
-0.288623
0.401599
0.0435544
0.258865
0.0646057
-0.164652
0.0217375
0.496892
0.120285
-0.309664
0.0232722
0.198087
0.0368505
-0.120438
10.3463
0.0870684
-0.100432
0.0914011
0.0657879
0.378082
-1.00437
0.524586
-0.0588753
-0.488792
1.30748
-0.714709
0.0136414
0.118865
-0.318772
0.176304
10.3669
0.0952227
-0.116097
0.0775827
-0.0110384
-0.242908
0.654269
-0.375918
-0.017951
-0.132197
0.351163
-0.185796
0.0136414
0.118865
-0.318772
0.176304
10.3515
-0.161018
0.570563
-0.307827
-0.00601627
-0.150707
0.40028
-0.218596
0.0229732
0.224398
-0.605152
0.343117
-0.00360812
-0.0984875
0.245086
-0.133194
10.3649
-0.185815
0.610777
-0.3165
0.0291058
0.00262568
-0.0747659
0.0680565
0.0121488
-0.0710647
0.130106
-0.0564645
-0.0320716
0.0493699
-0.00875029
-0.016431
10.3741
-0.204884
0.657367
-0.321339
-0.0428115
0.00860579
0.159196
-0.0941655
-0.0840661
0.0770448
0.103855
-0.105758
0.137772
-0.0895247
-0.227036
0.171691
10.3849
-0.208758
0.693382
-0.349571
0.202374
-0.105879
-0.314202
0.209392
0.329251
-0.191529
-0.577253
0.409315
0.137772
-0.0895247
-0.227036
0.171691
10.4244
0.160408
0.0784576
-0.114908
-0.0359159
-0.0569035
0.315308
-0.14498
0.0451012
-0.0179632
-0.421406
0.289591
-0.00996078
0.0102349
0.103682
-0.0764875
10.4236
0.0957761
0.0760411
-0.0467848
0.0244042
-0.0621251
-0.216459
0.20474
0.0152189
0.0127415
-0.110361
0.0601288
-0.00996078
0.0102349
0.103682
-0.0764875
10.4532
0.0566275
-0.147096
0.141596
0.0249596
-0.00593731
-0.126134
0.095535
-0.0146635
0.0434462
0.200685
-0.169334
0.00979645
-0.00789729
-0.0813556
0.0509609
10.4733
0.0862391
-0.153901
0.118759
0.025022
0.0572633
0.0311697
-0.0902497
0.0147259
0.0197544
-0.0433815
-0.016451
-0.00788309
-0.0174238
-0.0111795
0.0483372
10.5052
0.145833
-0.177292
0.0603951
0.0308245
0.0445007
-0.0891317
0.0218597
-0.00892338
-0.032517
-0.0769199
0.128561
-0.00709737
-0.0285238
0.153573
-0.11681
10.52
0.129293
-0.18977
0.0940057
-0.00831437
-0.106105
0.217748
-0.0714482
-0.0302155
-0.118088
0.3838
-0.221868
-0.00709737
-0.0285238
0.153573
-0.11681
10.5483
-0.0274019
-0.194277
0.0445753
0.0775082
0.138771
-0.0554078
0.00716272
-0.104677
0.00799843
0.219988
-0.135127
0.0274685
-0.0118638
-0.0606773
0.0411048
10.5486
0.107504
-0.0903738
-0.0422839
-0.0494399
0.119177
0.202536
-0.139776
-0.0222712
-0.027593
0.037956
-0.0118124
0.0274685
-0.0118638
-0.0606773
0.0411048
10.5044
0.187224
0.0894409
-0.152768
-0.0115768
0.0283995
0.096416
-0.0400868
0.0601343
-0.0631844
-0.144076
0.111502
-0.0284955
-0.0177258
0.0448384
-0.013518
10.5244
0.134714
0.0866193
-0.0948708
0.0232052
-0.151147
-0.0572209
0.142363
-0.0253523
-0.116362
-0.00956094
0.070948
0.0118509
0.105229
0.0295231
-0.0806989
10.5341
-0.0275659
0.0493605
0.0377413
0.00805319
-0.0681836
0.0122264
0.0421623
0.0102003
0.199325
0.0790083
-0.171149
0.00114237
-0.0718063
-0.0663417
0.084855
10.5535
0.0317689
0.0742534
-0.0063901
0.0318808
0.115047
-0.0287822
-0.04557
0.0136274
-0.0160943
-0.120017
0.0834164
0.00114237
-0.0718063
-0.0663417
0.084855
10.3712
-0.282229
-0.0615924
0.0225127
0.168034
0.0494439
-0.0312169
0.0103264
-0.0118171
0.0425945
-0.0829531
0.0375056
-0.00396786
-0.00990422
0.028814
-0.014173
10.5235
-0.200095
-0.146948
0.0561717
0.132497
0.10492
-0.110681
0.0428188
-0.0237206
0.0128818
0.00348884
-0.00501327
-0.00396786
-0.00990422
0.028814
-0.014173
10.6283
-0.0921975
-0.225327
0.0798043
0.0731519
0.100971
-0.0172615
-0.00972665
-0.0356242
-0.0168309
0.0899308
-0.0475322
-0.0149009
0.031397
-0.00432932
-0.00970992
10.6509
0.0233398
-0.156987
0.0128356
-0.0427993
0.161501
0.149612
-0.133921
-0.080327
0.0773603
0.0769428
-0.0766619
0.0659039
-0.0778217
-0.0784373
0.0790202
10.5937
0.184379
-0.00886919
-0.118727
-0.00574172
0.082756
0.0681858
-0.0501841
0.117385
-0.156105
-0.158369
0.160399
-0.0521507
0.0500753
0.0720129
-0.063916
10.6532
0.161105
-0.0270397
-0.0724284
0.0725754
-0.0792276
-0.0325139
0.0788651
-0.0390674
-0.00587891
0.0576694
-0.0313495
-0.0521507
0.0500753
0.0720129
-0.063916
10.0499
-0.337876
-0.00695883
-0.00613274
0.196588
0.0179895
0.00189792
0.00288552
-0.0146701
-0.0107949
0.00183997
-0.00059081
0.000768939
0.00520486
-0.00347963
0.000921292
10.2326
-0.325477
-0.00670056
-0.00291675
0.169555
0.0120142
-0.00486102
0.00446777
-0.0123633
0.00481967
-0.00859891
0.00217307
0.000768939
0.00520486
-0.00347963
0.000921292
10.3905
-0.303438
-0.0236401
0.00464538
0.147135
0.0372681
-0.0324977
0.0115778
-0.0100564
0.0204342
-0.0190378
0.00493694
0.00245688
-0.00639134
-0.0122474
0.0114559
10.5301
-0.252127
-0.0874231
0.032616
0.134393
0.0589626
-0.107316
0.0558193
-0.00268581
0.00126022
-0.0557801
0.0393046
-0.011335
0.00236416
0.0580482
-0.0406871
10.6505
-0.18954
-0.19247
0.0870528
0.0950161
0.0685755
-0.044731
0.0123672
-0.0366907
0.00835269
0.118365
-0.0827567
0.00602145
0.00235296
-0.0430613
0.0293055
10.7148
-0.110259
-0.161898
0.0459688
0.039699
0.0923398
0.0628144
-0.0652297
-0.0186264
0.0154116
-0.0108193
0.00515975
0.00602145
0.00235296
-0.0430613
0.0293055
9.69893
-0.370192
-0.0361002
-0.00318041
0.219361
0.0304418
-0.00248029
-0.00123388
-0.0242158
-0.00888739
0.0187541
-0.00346319
0.00341546
0.00100948
-0.00581726
0.00165367
9.89749
-0.347628
-0.0256437
-0.00622381
0.181176
0.0156955
0.0175761
-0.00319925
-0.0139694
-0.00585896
0.00130232
0.00149783
0.00341546
0.00100948
-0.00581726
0.00165367
10.0681
-0.336782
-0.0125825
-0.00627156
0.163483
0.007006
0.00272899
0.00475742
-0.00372306
-0.00283053
-0.0161495
0.00645884
-0.004726
0.00348145
0.0138864
-0.00799964
10.2231
-0.329125
-0.0121166
-0.00305494
0.141859
0.0117893
0.0120893
-0.00632382
-0.0179011
0.00761384
0.0255097
-0.0175401
0.00839033
-0.00360063
-0.0233709
0.015078
10.3555
-0.313323
0.00211155
-0.0118408
0.131228
0.0162151
-0.00700389
0.00383011
0.00726993
-0.00318804
-0.0446029
0.027694
-0.00538142
0.00414679
0.0139854
-0.00984607
10.4886
-0.296149
-0.0355098
0.00983724
0.129623
0.0222794
-0.0542533
0.0296799
-0.00887431
0.00925231
-0.00264658
-0.0018442
-0.00538142
0.00414679
0.0139854
-0.00984607
9.28946
-0.451934
-0.0268183
0.00264567
0.246088
0.0217796
0.0193551
-0.00887338
-0.0178123
0.0182312
-0.0444045
0.0152059
0.000261353
-0.00566402
0.0150804
-0.00546672
9.51799
-0.417587
-0.0367874
0.00351149
0.211248
0.04125
-0.0242129
0.0051383
-0.0170283
0.00123916
0.000836575
-0.00119423
0.000261353
-0.00566402
0.0150804
-0.00546672
9.71248
-0.380762
-0.0450833
0.00198885
0.177975
0.0267362
0.0227014
-0.0136503
-0.0162442
-0.0157529
0.0460776
-0.0175944
0.0046422
0.00725531
-0.0360859
0.0160921
9.87885
-0.362523
-0.0123902
-0.0131637
0.159414
0.0169964
0.00659898
-0.000562676
-0.0023176
0.00601301
-0.06218
0.030682
-0.00350312
-0.00510825
0.0360024
-0.0176088
10.0324
-0.344622
-0.0319688
-0.000653179
0.144269
0.0136976
-0.00975386
0.00797493
-0.012827
-0.00931173
0.0458272
-0.0221444
0.00290473
0.00257943
-0.0176934
0.00872846
10.1668
-0.337657
-0.0135889
-0.00609419
0.127329
0.00281249
0.0288204
-0.0101285
-0.00411277
-0.00157343
-0.00725296
0.00404098
0.00290473
0.00257943
-0.0176934
0.00872846
8.81335
-0.497634
-0.0294001
-0.0104016
0.27835
0.0338696
-0.0863971
0.0411289
-0.0287797
-0.02496
0.141805
-0.0540675
0.00421098
0.00809655
-0.0459968
0.0166203
9.06713
-0.480627
-0.0199895
-0.00671995
0.233423
0.00823917
0.0592216
-0.0171452
-0.0161468
-0.000670389
0.00381417
-0.0042066
0.00421098
0.00809655
-0.0459968
0.0166203
9.28862
-0.464962
-0.00295049
-0.0114515
0.213763
0.031188
-0.0711404
0.0243024
-0.00351383
0.0236193
-0.134176
0.0456543
-0.00809626
-0.0166401
0.109911
-0.038027
9.49077
-0.426795
-0.0983566
0.0204782
0.182446
0.0285063
-0.00976124
0.00153002
-0.0278026
-0.026301
0.195555
-0.0684267
0.00978223
0.0140701
-0.107757
0.0385223
9.6552
-0.410519
-0.0203191
-0.00789616
0.156188
0.0181147
0.0580797
-0.0197566
0.00154409
0.0159094
-0.127715
0.0471401
-0.00348076
-0.00662194
0.0488922
-0.018819
9.80945
-0.383117
-0.0410618
0.000668407
0.148834
0.0300677
-0.0506729
0.0180667
-0.00889818
-0.0039564
0.018962
-0.00931683
-0.00348076
-0.00662194
0.0488922
-0.018819
8.27592
-0.587639
-0.0652333
-0.00213077
0.266951
-0.0155381
0.215208
-0.0483246
0.0339974
0.0964467
-0.298313
0.0699293
-0.017069
-0.0340362
0.0909433
-0.02097
8.5598
-0.540766
-0.0573942
-0.00149602
0.283739
0.0752467
-0.108587
0.0286241
-0.0172096
-0.00566186
-0.0254827
0.00701943
-0.017069
-0.0340362
0.0909433
-0.02097
8.80926
-0.505217
-0.100521
0.0131776
0.198113
-0.0381855
0.113278
-0.0202469
-0.0684165
-0.10777
0.247347
-0.0558904
0.0471472
0.0891001
-0.198968
0.0444823
8.9861
-0.562073
0.0611359
-0.0184774
0.202721
0.0135739
0.0110666
0.00141923
0.0730252
0.15953
-0.349558
0.0775565
-0.045382
-0.0858764
0.198737
-0.0460795
9.21646
-0.474846
-0.0786186
0.0144188
0.212626
0.0750044
-0.0918384
0.0182937
-0.0631209
-0.0980994
0.246653
-0.0606821
0.0199705
0.0347055
-0.0992483
0.0258102
9.38594
-0.463236
-0.0230521
-0.0021593
0.146295
-0.0170778
0.103723
-0.0256397
-0.00320939
0.00601716
-0.0510918
0.0167487
0.0199705
0.0347055
-0.0992483
0.0258102
7.62091
-0.724498
-0.0612053
-0.00580727
0.418297
0.269905
-0.0806519
-0.0927278
-0.0979393
-0.290391
0.188057
0.0644103
0.0188682
0.0849406
-0.0629846
-0.0116617
7.96014
-0.660043
-0.0167845
-0.0457865
0.279023
-0.0560547
0.106509
0.00110757
-0.0413347
-0.035569
-0.000896422
0.0294251
0.0188682
0.0849406
-0.0629846
-0.0116617
8.21669
-0.666726
0.0258434
-0.0269156
0.252958
0.127629
-0.0842376
0.0249725
0.0152699
0.219253
-0.18985
-0.00556016
-0.0182389
-0.17539
0.156395
-0.00511053
8.46668
-0.495234
-0.0918488
-0.0126138
0.228781
0.0399648
0.00524848
-0.00147944
-0.0394467
-0.306917
0.279336
-0.0208918
0.0213992
0.173359
-0.168008
0.0159378
8.67742
-0.588827
0.0247279
-0.0190472
0.214085
-0.0537913
0.0598972
0.00455049
0.0247509
0.213161
-0.224687
0.0269217
-0.0187621
-0.0863604
0.0972347
-0.0146415
8.89749
-0.515818
-0.0428277
-0.00221652
0.207301
0.113449
-0.0977737
0.0144694
-0.0315354
-0.0459204
0.0670166
-0.0170028
-0.0187621
-0.0863604
0.0972347
-0.0146415
6.8294
-0.86433
-0.0307358
-0.0949172
0.514822
-0.169582
-0.808916
0.736831
-0.135862
0.278955
0.651544
-0.617395
0.0291625
-0.0760137
-0.136394
0.136045
7.23752
-0.830971
-0.324502
0.160564
0.330585
0.160286
0.0849892
-0.0898237
-0.048375
0.0509134
0.242361
-0.20926
0.0291625
-0.0760137
-0.136394
0.136045
7.5489
-0.695786
-0.133546
-0.00247507
0.321322
0.0340713
0.160529
-0.10021
0.0391124
-0.177128
-0.166822
0.198874
-0.0423439
0.122069
0.057955
-0.0973805
7.86699
-0.716773
-0.081884
-0.00119086
0.272515
0.0460235
0.000750452
0.00539753
-0.0879194
0.18908
0.00704341
-0.0932672
0.0426885
-0.114843
0.00753665
0.0501792
8.09427
-0.596512
-0.0665535
-0.0388813
0.224742
0.0796545
0.0374472
-0.0305993
0.040146
-0.155449
0.0296534
0.0572704
-0.0225293
0.0641844
-0.0262407
-0.0169904
8.33663
-0.608122
-0.0256936
-0.0292006
0.237446
-0.0386901
0.0180319
0.0329702
-0.027442
0.0371044
-0.0490687
0.00629914
-0.0225293
0.0641844
-0.0262407
-0.0169904
5.83942
-1.21055
-0.670346
0.453195
0.273155
0.423078
4.10065
-3.28831
0.177242
-0.270141
-3.40316
2.73097
-0.0472008
0.0593321
0.747421
-0.600509
6.24262
-0.998284
0.774566
-0.704652
0.486036
0.0607929
-0.46341
0.372103
0.0356395
-0.0921446
-1.1609
0.929442
-0.0472008
0.0593321
0.747421
-0.600509
6.71709
-0.970303
-0.102323
-0.00361685
0.415713
0.0545
-0.542946
0.429459
-0.105963
0.0858517
1.08136
-0.872085
0.0402999
-0.0541621
-0.529205
0.432314
7.06714
-0.884114
-0.0931102
-0.0139292
0.324687
0.063717
0.0321658
-0.0177701
0.0149368
-0.0766347
-0.506252
0.424856
-0.0144387
0.0507679
0.289499
-0.251769
7.39232
-0.846264
-0.277697
0.141388
0.311244
0.0627512
-0.11184
0.0766345
-0.0283792
0.0756689
0.362246
-0.330451
-0.00157601
-0.0392682
-0.128547
0.127447
7.67361
-0.747112
-0.155839
0.0150174
0.249758
0.0962844
0.22701
-0.201928
-0.0331072
-0.0421356
-0.023395
0.0518887
-0.00157601
-0.0392682
-0.128547
0.127447
4.41172
-1.19166
1.58903
-0.906094
1.50858
-1.24053
-14.8466
11.5931
-0.765095
1.11644
12.5512
-10.0837
0.159044
-0.247352
-2.77706
2.25437
5.31425
-1.56311
-3.48341
2.85763
0.455522
0.250282
1.92469
-1.81125
-0.287964
0.37438
4.22007
-3.3206
0.159044
-0.247352
-2.77706
2.25437
5.64085
-1.1858
-0.115702
-0.0198421
0.356726
0.256985
2.03366
-1.68933
0.189168
-0.367676
-4.1111
3.44252
-0.110754
0.184368
2.04263
-1.71772
6.07599
-1.11212
-0.150517
0.0156197
0.402799
0.0747383
-0.0606617
0.0425343
-0.143094
0.185429
2.01678
-1.71065
0.0740594
-0.125541
-1.21672
1.04192
6.40975
-0.977495
0.588884
-0.610576
0.338789
0.0689737
0.322747
-0.253007
0.0790841
-0.191194
-1.63337
1.41511
-0.0419444
0.0859781
0.648445
-0.568492
6.78568
-1.01374
-0.0732967
-0.0169676
0.371124
-0.0554796
-0.998664
0.871733
-0.0467492
0.0667405
0.311961
-0.290368
-0.0419444
0.0859781
0.648445
-0.568492
3.90299
-0.731886
-2.16365
0.635247
-2.9855
3.84545
38.2544
-21.9293
2.81886
-4.03224
-33.9644
19.9447
-0.610993
0.961651
7.6605
-4.55702
3.12536
0.0429793
9.78685
-5.90636
0.819249
-1.33407
-6.69287
4.28907
0.985883
-1.14729
-10.9829
6.27366
-0.610993
0.961651
7.6605
-4.55702
4.3195
-1.47673
-0.2284
0.0993538
0.958038
-0.743693
-5.67714
3.16533
-0.847095
1.73767
11.9986
-7.3974
0.398521
-0.883541
-6.18589
4.14036
4.82897
-1.3663
-0.0928198
0.007646
0.45941
0.0810179
-0.237582
0.791617
0.348467
-0.912955
-6.55905
5.02369
-0.226281
0.56678
4.15108
-3.40339
5.41056
-1.63146
-2.73837
2.41957
0.477503
-0.0445541
-0.902442
0.628835
-0.330375
0.787383
5.89419
-5.18647
0.123987
-0.322608
-2.39356
2.13108
5.68168
-1.21123
-0.14019
-0.00699339
0.188713
0.56239
3.70524
-3.35087
0.0415851
-0.180439
-1.28651
1.20676
0.123987
-0.322608
-2.39356
2.13108
1.64271
-3.15344
0.204929
0.0739035
17.185
14.5663
-46.2524
16.6134
-15.233
-12.1268
43.0463
-15.8087
3.45413
2.61158
-9.95982
3.71111
7.04884
1.89762
-12.961
4.5897
-2.91862
-1.8526
9.96072
-3.87065
-4.87062
-4.29207
13.1668
-4.67534
3.45413
2.61158
-9.95982
3.71111
2.71373
-1.63547
0.206715
-0.24518
-2.29747
-2.60199
6.41485
-2.088
5.49178
3.54268
-16.7127
6.458
-2.53054
-0.834222
10.0633
-4.24441
3.3775
-1.529
-0.0278347
-0.119594
1.09446
1.98071
3.17932
-1.90524
-2.09985
1.04001
13.4771
-6.27524
1.08819
-1.34122
-9.51785
4.58879
3.4603
0.150499
7.11078
-3.71128
0.159341
0.0370664
1.58005
-0.689344
1.16473
-2.98365
-15.0764
7.49113
-0.461108
1.2835
6.22868
-3.10184
4.32326
-1.51259
-0.156899
-0.0113352
1.10547
-2.07976
-9.88673
4.98739
-0.218599
0.866832
3.60963
-1.8144
-0.461108
1.2835
6.22868
-3.10184
-1.2319
-2.52187
0.379426
0.0239124
2.11233
-28.0983
6.20096
19.3803
-0.122259
26.5397
-6.79484
-18.3658
-0.182992
-6.17472
1.73091
4.30129
0.575181
-10.2552
1.51646
5.3397
1.31884
6.45687
-2.19599
-4.44744
-0.671235
8.01551
-1.60211
-5.46192
-0.182992
-6.17472
1.73091
4.30129
1.03979
-1.95758
-0.550729
-0.268371
-0.572607
3.96371
-0.207477
-2.4674
-1.22021
-10.5087
3.59062
7.44196
2.45409
6.55908
-3.22671
-4.8339
1.70107
-1.94345
-0.394294
-0.127722
4.34925
2.62363
-2.70636
-2.0852
6.14207
9.16859
-6.0895
-7.05975
-5.18209
-6.61055
4.77005
5.14099
7.0103
3.23821
-4.42011
-4.13168
1.08712
1.12914
-0.575223
-0.781721
-9.40421
-10.6631
8.22064
8.36323
3.94922
4.43532
-3.41661
-3.46159
2.64243
-1.8604
-0.191303
-0.0117571
-5.87362
-6.89104
5.61623
5.55998
2.44346
2.6429
-2.02919
-2.02153
3.94922
4.43532
-3.41661
-3.46159
-3.35043
-1.69128
4.77825
-3.1704
-0.404725
42.4445
-127.057
86.8975
1.25677
-42.1474
125.976
-86.093
-0.325512
10.191
-30.4286
20.7843
-2.8239
8.79677
-26.7309
18.4185
1.13229
-11.2774
33.6096
-22.9355
0.280237
-11.5745
34.6901
-23.74
-0.325512
10.191
-30.4286
20.7843
-1.73689
-3.86415
11.1402
-7.47264
0.716221
-3.85346
11.7038
-8.06238
-0.6963
18.9984
-56.5959
38.6131
0.952567
-14.396
42.703
-29.0717
-0.764399
-3.11521
8.95116
-5.99368
2.18132
-9.04469
26.6212
-18.0514
2.1614
-24.1897
71.5132
-48.6021
-1.8816
18.3525
-54.2092
36.8254
1.69672
-17.997
52.8764
-35.8218
0.859315
-2.36647
7.02014
-4.7794
-3.48341
30.8679
-91.1143
61.8741
1.50635
-12.7827
37.7319
-25.6233
0.578978
-2.27827
6.51412
-4.35033
-1.58845
21.0214
-62.0129
42.099
1.03565
-7.48006
22.0813
-14.9957
1.50635
-12.7827
37.7319
-25.6233
