11.8291
-0.288738
0.0191662
0.0204058
0.108223
0.0525106
-0.0820371
0.0215125
-0.0302329
0.227748
-0.268197
0.0728625
0.00492338
-0.0952115
0.118962
-0.0328779
11.912
-0.103691
-0.212105
0.0819028
0.0625273
0.222373
-0.261544
0.0686038
-0.0154628
-0.0578863
0.0886892
-0.0257712
0.00492338
-0.0952115
0.118962
-0.0328779
11.964
-0.0344164
-0.265999
0.0918576
0.0463719
-0.179035
0.27272
-0.0815722
-0.000692625
-0.343521
0.445575
-0.124405
-0.000915771
0.325443
-0.387239
0.103825
12.0088
-0.231529
0.0650575
-0.0102942
0.0422394
0.110251
0.00215377
-0.0189062
-0.00343994
0.632807
-0.716141
0.187071
0.000504656
-0.371021
0.40118
-0.102319
12.0481
0.140507
-0.24775
0.0555515
0.0368735
0.262802
-0.226589
0.0482789
-0.00192597
-0.480256
0.487399
-0.119886
6.11865e-05
0.160465
-0.164242
0.0409421
12.0831
0.0835175
-0.151182
0.0248869
0.0332051
-0.216316
0.255483
-0.0686661
-0.00174241
0.0011383
-0.00532686
0.0029406
6.11865e-05
0.160465
-0.164242
0.0409421
11.5799
-0.189189
0.0829549
0.0177392
0.100209
-0.0470261
-0.0166264
0.0206069
0.00218135
-0.0900573
-0.0453544
0.0684501
-0.00420412
0.0440787
0.0183827
-0.0308602
11.6781
-0.282194
0.0393568
0.075936
0.0919593
-0.0949048
-0.052187
0.0649264
-0.010431
0.0421787
0.00979379
-0.0241306
-0.00420412
0.0440787
0.0183827
-0.0308602
11.7554
-0.290841
0.0153463
0.0858716
0.0584849
0.121689
0.0225488
-0.0759155
-0.0230434
0.174415
0.064942
-0.116711
0.0411132
-0.137559
-0.0699372
0.0977834
11.832
-0.132297
0.0328998
-0.00897187
0.135738
0.0578397
-0.057379
-0.015988
0.100296
-0.238264
-0.14487
0.176639
-0.071655
0.124383
0.0889362
-0.0968355
11.9964
-0.188338
-0.0804127
0.0548435
0.121365
-0.0455393
-0.0803098
0.0467832
-0.114669
0.134884
0.121939
-0.113868
0.0372262
-0.0451927
-0.0393284
0.0387775
12.0403
-0.144186
-0.078112
0.0265364
0.00370589
0.0886516
0.0455828
-0.0646198
-0.00299037
-0.000693621
0.00395374
0.00246479
0.0372262
-0.0451927
-0.0393284
0.0387775
11.4914
0.0299387
0.107698
-0.0691823
0.0571633
-0.0184583
0.0366964
-0.0101537
-0.0647802
0.0245844
0.114513
-0.0771071
0.027397
-0.0117366
-0.053346
0.0356418
11.5112
0.0243281
0.205561
-0.120801
0.00979396
-0.00449949
0.105684
-0.0574423
0.0174109
-0.0106255
-0.0455252
0.0298185
0.027397
-0.0117366
-0.053346
0.0356418
11.5658
-0.00253361
0.212374
-0.112783
0.126807
-0.0609605
-0.145405
0.10912
0.0996019
-0.0458354
-0.205563
0.136744
-0.0686
0.0159164
0.161651
-0.102075
11.7236
-0.0934131
0.0230562
0.0310061
0.120211
-0.104882
-0.0715798
0.0763837
-0.106198
0.0019137
0.279388
-0.16948
0.0448283
0.0117485
-0.146483
0.0855697
11.7825
-0.184633
0.0843813
0.0234791
0.0422992
-0.0658094
0.0477466
-0.00586788
0.0282867
0.0371591
-0.160062
0.0872288
-0.0085174
-0.00751694
0.0551639
-0.033129
11.8445
-0.220801
0.0272299
0.0717111
0.0733205
-0.0140421
-0.106885
0.0692028
0.00273455
0.0146082
0.00542977
-0.0121581
-0.0085174
-0.00751694
0.0551639
-0.033129
11.5599
0.0377871
-0.0659261
0.0141039
0.0652476
0.0244733
0.00938556
0.000809158
-0.00279001
0.0222889
-0.0712082
0.0353465
-0.00204382
-0.0115032
0.0323658
-0.0165994
11.6203
0.0730462
-0.095383
0.0336602
0.0535362
0.0345416
-0.0359335
0.0217039
-0.00892147
-0.0122207
0.0258891
-0.0144518
-0.00204382
-0.0115032
0.0323658
-0.0165994
11.6629
0.083864
-0.0730617
0.0243129
0.0295618
-0.0244093
0.112942
-0.056998
-0.0150529
-0.0467303
0.122986
-0.0642501
0.00689212
0.0329931
-0.085652
0.044073
11.6843
0.0457175
0.0772147
-0.0528622
0.0201323
-0.0188906
0.101959
-0.0532793
0.00562344
0.052249
-0.13397
0.0679688
-0.00433689
-0.0245091
0.0632481
-0.0323648
11.7057
0.0545668
0.108452
-0.0705375
0.0183685
0.0120801
0.0237637
-0.0144361
-0.00738724
-0.0212782
0.0557746
-0.0291256
0.00600055
0.00342386
-0.0247109
0.014498
11.7227
0.0487925
0.163279
-0.0996013
0.0215957
-0.0202047
0.0611803
-0.0291934
0.0106144
-0.0110066
-0.0183581
0.0143683
0.00600055
0.00342386
-0.0247109
0.014498
11.5458
-0.0517534
-0.0433157
-0.0150413
0.0999157
0.0456719
0.0188797
-0.000583909
-0.0163627
-0.0140878
0.0121968
-0.00637721
0.0022193
0.00342999
-0.00740117
0.00361966
11.6316
-0.0167392
-0.0196404
-0.0183828
0.0738482
0.0277864
0.0210698
-0.00247936
-0.00970481
-0.0037978
-0.0100067
0.00448176
0.0022193
0.00342999
-0.00740117
0.00361966
11.698
0.0106793
-0.0159785
-0.0127607
0.0610965
0.0304807
-0.0211472
0.0173431
-0.00304692
0.00649217
-0.0322102
0.0153407
-0.00169383
-0.00609203
0.0205396
-0.0104983
11.7543
0.0415602
-0.0487962
0.00942487
0.0499211
0.025189
-0.0239488
0.0165297
-0.00812841
-0.0117839
0.0294086
-0.0161542
0.00203732
0.00489268
-0.0144025
0.00769795
11.7982
0.059858
-0.0577389
0.0174984
0.0397762
0.0162993
-0.00833912
0.00731522
-0.00201646
0.00289415
-0.013799
0.00693968
-0.000788513
-0.00250401
0.00889074
-0.00483077
11.8351
0.0765474
-0.0709863
0.0269225
0.0333778
0.0145755
-0.00926487
0.00670227
-0.004382
-0.00461789
0.0128732
-0.00755263
-0.000788513
-0.00250401
0.00889074
-0.00483077
11.4357
-0.183509
-0.0736239
0.0140808
0.163883
0.0816797
-0.0108168
-0.0175959
-0.0246309
-0.00882585
0.00975833
0.00490319
0.00186778
-0.000513375
-0.000343581
-0.000761114
11.5769
-0.111168
-0.075026
0.000626942
0.120225
0.0624879
0.00766907
-0.0100729
-0.0190276
-0.010366
0.00872759
0.00261985
0.00186778
-0.000513375
-0.000343581
-0.000761114
11.6799
-0.0595597
-0.0589729
-0.00758722
0.0877732
0.0402158
0.0240935
-0.00711654
-0.0134243
-0.0119061
0.00769684
0.000336504
0.00225547
0.00349233
-0.00652133
0.0012936
11.7565
-0.0277576
-0.0337039
-0.0130737
0.0676911
0.0268806
0.0199232
-0.00256272
-0.00665784
-0.00142911
-0.0118671
0.00421732
0.000225404
-0.000818565
0.00438769
-0.00190813
11.8178
-0.0031247
-0.0212602
-0.0133272
0.0550516
0.0215667
0.00935196
0.000147504
-0.00598163
-0.0038848
0.00129592
-0.00150709
0.000767447
0.000785167
-0.00181899
0.00112018
11.8676
0.0153424
-0.0124313
-0.0135666
0.0453907
0.0161526
0.00648684
0.000493885
-0.00367928
-0.0015293
-0.00416105
0.00185347
0.000767447
0.000785167
-0.00181899
0.00112018
11.1927
-0.288514
-0.0234372
0.00359241
0.21715
0.0072582
-0.0273811
0.0250366
-0.0187952
0.0254004
-0.00130362
-0.0132343
0.000249705
-0.00348388
0.00137842
0.00158867
11.3913
-0.259339
-0.0507435
0.0169834
0.180309
0.0476073
-0.0258531
0.00333408
-0.0180461
0.0149487
0.00283164
-0.00846826
0.000249705
-0.00348388
0.00137842
0.00158867
11.5538
-0.200267
-0.0723866
0.0134379
0.144966
0.0670532
-0.0160545
-0.00883642
-0.017297
0.0044971
0.0069669
-0.00370224
0.000520074
-0.00566952
0.00223435
0.00196359
11.682
-0.134386
-0.0792399
0.00286284
0.111932
0.0590388
0.0045823
-0.0103501
-0.0157368
-0.0125115
0.0136699
0.00218852
0.00188639
0.00223241
-0.00513908
0.000383646
11.7801
-0.0856266
-0.0661267
-0.00491513
0.0861178
0.0407131
0.0165049
-0.00482216
-0.0100776
-0.00581422
-0.0017473
0.00333946
0.00085381
0.000507744
0.000228517
-0.000875127
11.857
-0.05022
-0.0511405
-0.00727296
0.068524
0.0306079
0.0136959
-0.000768625
-0.00751616
-0.00429099
-0.00106175
0.000714076
0.00085381
0.000507744
0.000228517
-0.000875127
10.8843
-0.324611
-0.041841
-0.00465618
0.222064
0.0276059
0.0506577
-0.0173781
-0.00793276
-0.0169097
-0.0250663
0.0166701
-0.00026708
0.00403899
0.00285571
-0.00290433
11.0982
-0.309876
-0.0133939
-0.00826852
0.205397
0.00590337
0.00909221
0.00724908
-0.008734
-0.00479277
-0.0164992
0.00795709
-0.00026708
0.00403899
0.00285571
-0.00290433
11.2946
-0.304727
-0.0179452
0.00403332
0.187128
0.00843479
-0.0153391
0.0144503
-0.00953524
0.00732419
-0.00793208
-0.000755898
-0.000951509
0.00468994
-0.000845932
-0.00133985
11.4712
-0.284278
-0.0420623
0.0163879
0.165203
0.037153
-0.033741
0.00891893
-0.0123898
0.021394
-0.0104699
-0.00477545
-0.000636629
-0.00689481
0.0107592
-0.00149017
11.6234
-0.232625
-0.075514
0.0190412
0.138514
0.0592565
-0.0224033
-0.00510248
-0.0142997
0.000709558
0.0218076
-0.00924597
0.000714944
-0.0016606
-0.00552936
0.00355835
11.7483
-0.17432
-0.081639
0.00825106
0.112059
0.0556938
0.00462385
-0.0129194
-0.0121548
-0.00427225
0.00521952
0.00142907
0.000714944
-0.0016606
-0.00552936
0.00355835
10.5132
-0.422262
-0.010351
-0.00542831
0.28295
0.076787
-0.0883128
0.0241119
-0.0332387
-0.0170321
0.0609234
-0.0231255
0.00372328
0.00103741
-0.0113459
0.00529852
10.7667
-0.36147
-0.0490863
0.000856649
0.227642
0.045835
-0.000503704
-0.00624347
-0.0220689
-0.0139199
0.0268857
-0.00722991
0.00372328
0.00103741
-0.0113459
0.00529852
10.9759
-0.328517
-0.0340502
-0.00731821
0.194674
0.0211075
0.0192299
-0.00480771
-0.010899
-0.0108077
-0.00715204
0.00866567
0.00155265
-0.00102147
0.012724
-0.00730089
11.1613
-0.319239
-0.00924828
-0.0107611
0.177534
-0.00357225
0.0430979
-0.00937904
-0.00624108
-0.0138721
0.03102
-0.013237
0.00173754
0.010153
-0.0367088
0.01554
11.3343
-0.32653
0.0281609
-0.0178372
0.170264
-0.000857476
-0.00498829
0.010767
-0.00102846
0.0165869
-0.0791063
0.033383
-0.00291667
-0.00204428
0.0307017
-0.0150537
11.5006
-0.312845
-0.0252319
0.0112591
0.159457
0.0261834
-0.0710957
0.0323718
-0.00977848
0.010454
0.0129988
-0.0117782
-0.00291667
-0.00204428
0.0307017
-0.0150537
10.0752
-0.459249
-0.108258
0.0200893
0.295536
-0.0275028
0.18689
-0.0388893
-0.0124729
0.0354383
-0.13282
0.0294174
-0.00128669
-0.00575883
0.0286468
-0.00697453
10.357
-0.457072
-0.0255411
0.00364286
0.26673
0.0260972
0.00719104
-0.00097813
-0.016333
0.0181618
-0.0468793
0.00849376
-0.00128669
-0.00575883
0.0286468
-0.00697453
10.6061
-0.418572
-0.0365826
0.00418396
0.230204
0.0451442
-0.000627125
-0.0049142
-0.0201931
0.000885263
0.0390611
-0.0124298
0.00595432
0.00252393
-0.056495
0.0167105
10.822
-0.370019
-0.0546436
0.00355043
0.207681
0.0544865
-0.0919899
0.0203577
-0.00233011
0.00845704
-0.130424
0.0377017
-0.00927826
-0.0166446
0.120587
-0.0335344
11.0181
-0.32372
-0.15647
0.0280754
0.175186
0.0214669
0.00892432
-0.00484208
-0.0301649
-0.0414767
0.231338
-0.0629015
0.010687
0.0141979
-0.098363
0.0280197
11.1738
-0.329532
-0.0145706
-0.0116484
0.146917
-0.0188928
0.176511
-0.0465859
0.00189613
0.00111698
-0.063751
0.0211576
0.010687
0.0141979
-0.098363
0.0280197
9.52776
-0.615497
0.086601
-0.0289422
0.416034
0.229609
-0.211831
0.00955662
-0.0804369
-0.141949
0.134667
0.00473823
0.0146267
0.0306111
-0.0290579
-0.00139614
9.87798
-0.497226
-0.0196204
-0.0160435
0.29904
0.0375449
-0.0296699
0.0148447
-0.0365567
-0.0501155
0.0474937
0.000549817
0.0146267
0.0306111
-0.0290579
-0.00139614
10.1551
-0.479185
-0.0308544
-0.00204516
0.269807
0.0291474
-0.021856
0.0117559
0.00732348
0.041718
-0.0396799
-0.0036386
-0.0313062
-0.0603345
0.0762174
-0.00890964
10.4009
-0.468654
-0.0161729
-0.0028375
0.190535
-0.0684203
0.127437
-0.0222502
-0.0865952
-0.139286
0.188972
-0.0303675
0.0611301
0.123927
-0.169494
0.0282978
10.566
-0.552433
0.130742
-0.0271574
0.200735
0.0247893
-0.00310043
0.0019081
0.0967951
0.232495
-0.319509
0.0545258
-0.0454585
-0.0984691
0.137321
-0.0242183
10.8181
-0.393618
-0.0545469
0.00505819
0.25795
0.194372
-0.230157
0.0383049
-0.0395803
-0.0629122
0.0924529
-0.018129
-0.0454585
-0.0984691
0.137321
-0.0242183
8.96992
-0.529122
-0.192376
0.0701575
0.443369
-0.165383
-0.00530972
0.0941651
-0.0829803
0.1416
0.0904009
-0.125779
0.0147839
-0.031693
-0.0242822
0.0303682
9.34509
-0.584597
-0.131567
0.0689122
0.32176
0.0227392
0.102645
-0.0662875
-0.0386287
0.0465214
0.0175543
-0.034674
0.0147839
-0.031693
-0.0242822
0.0303682
9.64301
-0.54703
-0.0356493
-0.00168107
0.288854
0.020703
0.0649073
-0.0445307
0.00572298
-0.0485576
-0.0552924
0.0564307
-0.0243329
0.0653715
-0.0269546
-0.00659109
9.91325
-0.509513
-0.052989
0.00362784
0.227301
0.119702
-0.126541
0.0485575
-0.0672759
0.147557
-0.136156
0.0366575
0.0438608
-0.130168
0.135542
-0.0416195
10.1171
-0.372421
-0.180145
0.0472233
0.224332
0.0243127
0.00777101
-0.00298604
0.0643066
-0.242946
0.270469
-0.088201
-0.0308251
0.103518
-0.117945
0.0391192
10.375
-0.487537
-0.0198499
-0.00484453
0.26047
-0.151027
0.194875
-0.0620304
-0.0281686
0.0676065
-0.083365
0.0291566
-0.0308251
0.103518
-0.117945
0.0391192
8.31858
-0.703401
0.43851
-0.375745
0.366841
0.106493
0.497888
-0.359997
0.0232422
-0.0549339
-0.714363
0.527932
-0.0108231
0.0108473
0.173047
-0.127709
8.69784
-0.640994
0.395082
-0.335519
0.380857
0.0291675
-0.411695
0.31274
-0.00922698
-0.022392
-0.195221
0.144805
-0.0108231
0.0108473
0.173047
-0.127709
9.05865
-0.623371
-0.0387868
-0.00568348
0.329934
0.0169255
-0.282996
0.219223
-0.0416962
0.0101499
0.323921
-0.238321
0.00749277
-0.00831112
-0.0168596
0.0130988
9.35438
-0.604607
-0.0147213
-0.0116829
0.269019
0.012292
0.314267
-0.218123
-0.0192179
-0.0147834
0.273342
-0.199025
0.00761527
0.0160572
-0.289828
0.205753
9.6118
-0.591041
0.28306
-0.223078
0.253429
0.0308966
-0.00853178
0.00108668
0.00362791
0.033388
-0.596141
0.418235
-0.00613282
-0.0150139
0.26169
-0.183479
9.86272
-0.541771
-0.059922
0.0127645
0.242287
0.0526309
-0.415742
0.287119
-0.0147705
-0.0116538
0.188931
-0.132203
-0.00613282
-0.0150139
0.26169
-0.183479
7.67794
-0.953616
-2.10132
1.59766
0.611226
0.0222775
-1.78964
1.38102
-0.218123
0.100136
2.73176
-2.12372
0.0453626
-0.0261849
-0.662389
0.515041
8.11641
-0.857387
-1.82159
1.37
0.311068
0.143995
1.68672
-1.3213
-0.0820347
0.0215816
0.744593
-0.578598
0.0453626
-0.0261849
-0.662389
0.515041
8.39081
-0.717995
-0.0526703
-0.0148622
0.283087
0.108604
1.18873
-0.933375
0.054053
-0.056973
-1.24257
0.966524
-0.00457913
-0.00273386
0.0340398
-0.016953
8.72337
-0.669098
-0.0724697
0.00133379
0.377455
-0.0135436
-1.19429
0.948814
0.0403156
-0.0651746
-1.14045
0.915665
-0.0604019
0.0536619
1.15253
-0.916601
9.08074
-0.694154
-1.25469
0.949213
0.276881
0.0170931
-0.0176144
0.0303427
-0.14089
0.0958112
2.31713
-1.83414
0.0570644
-0.0420711
-1.01319
0.800006
9.27379
-0.623321
0.0316418
-0.0545758
0.166294
0.0825024
1.57709
-1.23791
0.0303031
-0.0304019
-0.722434
0.56588
0.0570644
-0.0420711
-1.01319
0.800006
6.22067
-0.363283
6.03366
-3.42866
0.224882
0.586052
5.38183
-3.23414
0.490053
-0.807505
-8.21413
4.81751
-0.12817
0.19416
1.99098
-1.16571
6.80743
-0.390576
5.19235
-3.011
0.820477
-0.446479
-5.07348
2.90376
0.105542
-0.225026
-2.24119
1.32039
-0.12817
0.19416
1.99098
-1.16571
7.60528
-0.867922
-0.131348
0.0474389
0.64705
-0.314053
-3.58293
2.0474
-0.278969
0.357452
3.73174
-2.17674
0.00977379
0.0144866
-0.0700332
0.0695538
7.98313
-0.810036
-0.0525671
-0.0123453
0.118432
0.444312
3.67046
-2.09742
-0.249648
0.400912
3.52165
-1.96808
0.229189
-0.391081
-3.53773
2.00987
8.08111
-0.355893
3.60181
-2.06798
0.306702
0.0728924
0.100553
-0.00397996
0.437918
-0.772332
-7.09155
4.06152
-0.19819
0.331568
3.11217
-1.81356
8.62754
-0.723765
-0.277021
0.176005
0.587968
-0.477068
-4.74603
2.67839
-0.156652
0.222371
2.24497
-1.37915
-0.19819
0.331568
3.11217
-1.81356
8.46239
1.41807
-9.02209
4.46929
2.95862
1.64729
-9.06399
4.88339
-3.71406
-2.78322
13.1525
-6.86958
0.891259
0.678989
-3.18031
1.66395
8.59821
0.961132
-8.11389
4.14704
-1.79573
-1.88217
7.70007
-3.86393
-1.04029
-0.746249
3.61157
-1.87774
0.891259
0.678989
-3.18031
1.66395
6.65345
-0.988302
0.0174471
0.0693149
-1.20253
-1.3377
5.3823
-2.62758
1.63349
1.29072
-5.92935
3.11409
0.023781
0.0830815
0.376582
-0.431851
7.10818
-0.952206
-0.153015
0.123981
2.13579
1.49298
-5.34664
2.30506
1.70483
1.53996
-4.7996
1.81854
-1.68976
-1.43695
5.04681
-2.07242
9.25904
0.643786
-5.25245
2.17516
0.476168
0.262058
0.19459
-0.27513
-3.36445
-2.77088
10.3408
-4.39873
1.43199
1.11525
-4.75081
2.16338
7.80276
-0.749792
0.53217
-0.335326
-1.95674
-1.93397
6.62384
-2.58246
0.931536
0.574855
-3.91159
2.0914
1.43199
1.11525
-4.75081
2.16338
5.32765
-3.21826
8.25653
-2.90793
0.425317
-1.83052
10.3706
-5.07845
-0.214369
2.91303
-13.933
6.25664
0.0538873
-0.689787
3.3747
-1.49977
5.59249
-2.82553
8.06886
-3.22951
0.158241
1.92618
-7.37123
2.93551
-0.0527071
0.843672
-3.80886
1.75732
0.0538873
-0.689787
3.3747
-1.49977
5.75191
-0.745463
0.263472
-0.036462
0.214489
1.54417
-4.86485
1.95082
0.108955
-1.22569
6.31524
-2.74201
0.0515929
-0.459309
-1.41887
0.791501
6.12694
-0.886295
0.294994
-0.0361517
0.587177
-2.28514
3.50903
-1.15869
0.263734
-2.60362
2.05864
-0.367503
-0.152319
2.43941
-2.84484
0.769274
6.82553
-3.33564
3.01783
-0.793075
0.657687
-0.174151
-0.908199
0.414121
-0.193224
4.7146
-6.47587
1.94032
-0.0401907
-1.89624
3.5788
-1.22814
7.24981
-0.691431
-0.787439
0.333226
0.150666
3.56633
-3.12353
0.61034
-0.313796
-0.974118
4.26054
-1.7441
-0.0401907
-1.89624
3.5788
-1.22814
7.45799
4.57102
-0.981286
-3.4522
3.88695
3.67533
-5.53758
-5.79086
-4.97766
-6.18298
5.73182
7.20414
1.23903
1.56029
-1.34041
-1.72825
7.6063
3.62366
-2.12746
-3.76717
-2.3513
-4.00975
1.90483
3.43266
-1.26058
-1.5021
1.71059
2.01938
1.23903
1.56029
-1.34041
-1.72825
5.23345
-0.327905
0.147554
-0.0433782
-1.15538
-2.33309
1.30479
2.28667
2.4565
3.17877
-2.31063
-3.16537
-1.03508
-0.922537
1.03405
0.874521
5.49949
-0.404762
0.175764
-0.0475606
0.652375
1.25684
-0.214327
-1.42051
-0.648743
0.411159
0.791509
-0.54181
0.211523
-0.942447
-0.330185
0.988271
5.71465
0.320789
0.422762
-1.02161
-0.010542
-0.748185
0.378137
0.460679
-0.0141735
-2.41618
-0.199046
2.423
0.414232
1.57695
-0.344818
-1.48141
6.10416
-1.26663
0.257034
0.380656
1.20381
-0.84971
-1.05441
0.862447
1.22852
2.31466
-1.2335
-2.02124
0.414232
1.57695
-0.344818
-1.48141
7.59553
-7.74815
23.1556
-15.8236
-3.76617
-24.7724
72.7618
-49.286
1.77532
26.8931
-79.2259
53.7468
-0.269342
-6.30528
18.5859
-12.6125
5.33534
-11.9328
35.2774
-23.9753
-1.02356
10.0979
-29.9322
20.3701
0.96729
7.97723
-23.4681
15.9094
-0.269342
-6.30528
18.5859
-12.6125
5.00972
-0.162932
0.463055
-0.308231
0.102994
7.13651
-21.1106
14.3516
0.159264
-10.9386
32.2897
-21.9279
-0.0490497
3.76912
-11.0865
7.51514
5.22293
-0.195916
0.555639
-0.369442
0.274374
-3.43336
10.2092
-6.95888
0.0121151
0.368748
-0.969933
0.61747
-0.0728381
1.362
-4.13243
2.84525
5.43658
-1.89853
5.66248
-3.86561
0.0800895
1.39013
-4.12796
2.8118
-0.206399
4.45473
-13.3672
9.15321
0.164948
-3.55693
10.5908
-7.22387
5.47522
0.389405
-1.24192
0.875534
0.162134
-0.371191
0.909955
-0.553383
0.288444
-6.21605
18.4051
-12.5184
0.164948
-3.55693
10.5908
-7.22387
