1.310887517535687330e+00
1.297390806324930423e+00
1.280644947382955090e+00
1.258490748359438083e+00
1.215587069034215206e+00
1.155985464732542489e+00
1.087010260477478285e+00
1.015985781292076284e+00
9.435824235033704044e-01
8.621036568604805161e-01
7.738295405905932789e-01
6.812926608431038034e-01
5.834343285685082980e-01
4.777023555008359512e-01
3.729127720605113772e-01
2.684462201216943344e-01
1.643609646902992327e-01
6.171155180483964969e-02
-3.974079435934054633e-02
-1.404696459206044579e-01
-2.408786168044988185e-01
-3.435417646445010909e-01
-4.442981666002708274e-01
-5.338587539302723783e-01
-6.142226153250495146e-01
-6.900960584322500813e-01
-7.655018310639586376e-01
-8.416564856692557717e-01
-9.169298224517496987e-01
-9.904955298633714156e-01
-1.061534694143198676e+00
-1.129909231636391453e+00
-1.196282157949752900e+00
-1.261289040393221317e+00
-1.325506903376664880e+00
-1.387814327811709658e+00
-1.448823323255296724e+00
-1.510255986182778232e+00
-1.573834031740293682e+00
-1.639963129317039803e+00
-1.707781949968504298e+00
-1.777000379306648004e+00
-1.847328302943435974e+00
-1.917123340056859471e+00
-1.986272279825256781e+00
-2.058943825912587844e+00
-2.139370191147961897e+00
-2.234614710411436889e+00
-2.343104425660006207e+00
-2.451738869011791611e+00
-2.551477009549982355e+00
-2.653381885074731272e+00
-2.772515314693155819e+00
-2.908457317014569554e+00
-3.055907813721956412e+00
-3.217375463308561390e+00
-3.390725876386531112e+00
-3.572903470994656772e+00
-3.779940073933716338e+00
-4.003877930485001180e+00
-4.225090684852367495e+00
-4.456344333646574007e+00
-4.726409393542490456e+00
-4.926761517587423533e+00
