-5.665098772350665168e-01
-7.531616912131045005e-01
-8.863478570269107681e-01
-1.580575261911524310e+00
-2.582673317960388015e+00
-3.224277251780717890e+00
-3.505387063372485290e+00
-3.426002752735704426e+00
-3.801503496964408146e+00
-4.198287473688405491e+00
-4.470420725871888656e+00
-4.617903253514855422e+00
-5.082398320671925873e+00
-5.240485973253814933e+00
-5.131469057432068936e+00
-5.142143391773283945e+00
-5.093935182482727697e+00
-5.017784203728063552e+00
-4.972242017291578442e+00
-4.946565203753267248e+00
-4.940753763113130859e+00
-5.090798660930476949e+00
-4.742567562446293294e+00
-4.132009945384839789e+00
-3.811855038070905533e+00
-3.689984395201704181e+00
-3.756368913314501068e+00
-3.733326562476682486e+00
-3.669614190132325593e+00
-3.565231796281430388e+00
-3.424994943550311977e+00
-3.310837229025106687e+00
-3.227961343035802511e+00
-3.176367285582395006e+00
-3.126900217672753168e+00
-3.020613447801336449e+00
-2.999086113826146427e+00
-3.062318215747182215e+00
-3.208448803384968961e+00
-3.298754394736731044e+00
-3.374780918552350073e+00
-3.436528374831823829e+00
-3.483996763575152755e+00
-3.386169981073450241e+00
-3.455396148241979049e+00
-3.732926540593385134e+00
-4.218761158127655619e+00
-5.119651320120928162e+00
-5.451547432607899424e+00
-5.133897992781214725e+00
-4.821919683754066988e+00
-5.349754387458055760e+00
-6.324511941099922652e+00
-7.015695596600565409e+00
-7.457379357218943738e+00
-8.362048243726134089e+00
-8.634468220899291779e+00
-9.466832889183914190e+00
-1.079244486009924842e+01
-1.106179291600671455e+01
-1.088264055493528559e+01
-1.237111675345869166e+01
-1.213269889704210591e+01
-8.207915655991536497e+00
