           0            1     0.147689            1    0.0124051      298.058 -2.18228e-14 -2.30209e-14 -2.74864e-14            0
   0.0124051     0.940223     0.187237     0.975639    0.0248101      287.238 -2.17405e-14 -2.30934e-14 -2.50811e-14            0
   0.0248101     0.893943     0.215513     0.956134    0.0372152      278.671 -2.28074e-14 -2.27822e-14 -2.36637e-14            0
   0.0372152     0.854392     0.238404      0.93898    0.0496203      271.207 -2.22654e-14 -2.43769e-14 -2.14643e-14            0
   0.0496203     0.819176     0.258037     0.923302    0.0620253      264.445 -2.46616e-14 -2.11413e-14 -2.42968e-14            0
   0.0620253     0.787101     0.275453     0.908665    0.0744304      258.183 -2.36439e-14 -2.42558e-14 -2.06709e-14  -1.3984e-16
   0.0744304      0.75746     0.291249     0.894818    0.0868354      252.305 -2.48286e-14  -1.9715e-14 -2.71593e-14            0
   0.0868354     0.729792     0.305801     0.881597    0.0992405      246.735 -2.00027e-14 -2.31803e-14 -2.03361e-14  -1.3984e-16
   0.0992405     0.703775     0.319367     0.868887     0.111646      241.419 -2.41127e-14 -2.52979e-14 -2.38702e-14  -1.3984e-16
    0.111646     0.679171     0.332129     0.856605     0.124051      236.319 -2.00397e-14 -2.32691e-14 -2.43106e-14            0
    0.124051     0.655798     0.344222     0.844688     0.136456      231.406 -2.52235e-14 -2.44577e-14 -2.58698e-14  -1.3984e-16
    0.136456     0.633515     0.355749     0.833088     0.148861      226.656 -2.44238e-14 -2.25224e-14 -3.12499e-14  -1.3984e-16
    0.148861     0.612208     0.366791     0.821763     0.161266      222.051 -2.66663e-14 -2.06607e-14 -1.58126e-14  -1.3984e-16
    0.161266     0.591781     0.377415     0.810683     0.173671      217.576 -1.85638e-14 -1.98512e-14 -2.61894e-14            0
    0.173671     0.572157     0.387671      0.79982     0.186076      213.218 -2.24106e-14 -2.44615e-14 -1.34962e-14  -1.3984e-16
    0.186076      0.55327     0.397606     0.789152     0.198481      208.967 -1.94366e-14 -1.90657e-14 -2.56247e-14   2.0976e-15
    0.198481     0.535063     0.407254     0.778659     0.210886      204.814 -3.27682e-14 -2.33122e-14 -3.40749e-14  -1.3984e-16
    0.210886     0.517487     0.416648     0.768324     0.223291       200.75 -1.73603e-14 -2.72021e-14 -2.07679e-14  -1.3984e-16
    0.223291       0.5005     0.425815     0.758133     0.235696       196.77 -2.25863e-14 -1.75974e-14 -3.00059e-14            0
    0.235696     0.484064     0.434777     0.748074     0.248101      192.867 -2.78983e-14 -2.57855e-14 -2.04194e-14  -1.3984e-16
    0.248101     0.468146     0.443555     0.738134     0.260506      189.037 -2.13612e-14 -2.16873e-14 -3.01763e-14 -2.23744e-15
    0.260506     0.452716     0.452168     0.728304     0.272911      185.274 -2.07457e-14 -2.20924e-14 -1.21237e-14            0
    0.272911     0.437748     0.460629     0.718574     0.285316      181.574  -2.7341e-14 -2.09951e-14 -2.32189e-14            0
    0.285316     0.423219     0.468955     0.708937     0.297722      177.934 -2.04044e-14 -1.86454e-14 -2.57846e-14            0
    0.297722     0.409106     0.477158     0.699383     0.310127       174.35 -2.42835e-14 -2.53572e-14 -2.39815e-14            0
    0.310127      0.39539      0.48525     0.689907     0.322532      170.819 -2.39335e-14 -2.05231e-14 -1.95513e-14            0
    0.322532     0.382054      0.49324     0.680502     0.334937      167.338 -2.40681e-14 -1.70816e-14  -2.6745e-14            0
    0.334937      0.36908     0.501139     0.671162     0.347342      163.906 -2.01973e-14 -2.48747e-14 -2.41124e-14            0
    0.347342     0.356454     0.508956     0.661881     0.359747      160.518  -2.4698e-14 -2.79857e-14 -2.14336e-14            0
    0.359747     0.344163     0.516699     0.652655     0.372152      157.174 -2.47813e-14            0 -1.77681e-14            0
    0.372152     0.332193     0.524375     0.643477     0.384557      153.871 -2.05298e-14 -3.91978e-14 -2.54523e-14            0
    0.384557     0.320532     0.531992     0.634345     0.396962      150.608  -2.0306e-14 -1.04759e-14 -2.91892e-14            0
    0.396962      0.30917     0.539557     0.625252     0.409367      147.381 -2.31845e-14 -3.23522e-14 -2.20262e-14            0
    0.409367     0.298096     0.547076     0.616195     0.421772      144.191  -2.7801e-14   -6.643e-15  -2.3641e-14            0
    0.421772     0.287301     0.554556     0.607169     0.434177      141.036 -1.99434e-14 -3.60553e-14 -1.60019e-14            0
    0.434177     0.276776     0.562002     0.598171     0.446582      137.913 -2.24802e-14 -8.59623e-15 -2.62894e-14            0
    0.446582     0.266513      0.56942     0.589197     0.458987      134.821 -2.30505e-14 -2.27748e-14 -2.30546e-14            0
    0.458987     0.256504     0.576815     0.580243     0.471392       131.76  -2.3455e-14 -1.34499e-14 -2.75607e-14            0
    0.471392     0.246741     0.584193     0.571305     0.483797      128.728 -2.31347e-14 -2.17456e-14 -1.30224e-14            0
    0.483797     0.237218     0.591559      0.56238     0.496203      125.724 -2.46493e-14 -3.41854e-14 -2.04288e-14            0
    0.496203     0.227929     0.598918     0.553464     0.508608      122.747 -2.08647e-14 -1.10883e-15 -2.55028e-14            0
    0.508608     0.218866     0.606275     0.544554     0.521013      119.795 -2.49192e-14 -1.88297e-14 -1.49932e-14            0
    0.521013     0.210025     0.613636     0.535645     0.533418      116.868 -1.81016e-14 -4.18067e-14 -1.96623e-14            0
    0.533418       0.2014     0.621005     0.526734     0.545823      113.965 -2.65962e-14  -2.0384e-14 -3.11288e-14            0
    0.545823     0.192986     0.628388     0.517817     0.558228      111.084 -2.47278e-14 -5.01736e-15 -2.62377e-14            0
    0.558228     0.184779      0.63579     0.508892     0.570633      108.225 -1.99336e-14 -1.44692e-14 -1.47492e-14            0
    0.570633     0.176772     0.643216     0.499953     0.583038      105.387 -2.24363e-14 -3.44627e-14 -2.01448e-14            0
    0.583038     0.168963     0.650671     0.490997     0.595443      102.568 -2.06136e-14 -8.33894e-15 -2.08705e-14            0
    0.595443     0.161347     0.658162      0.48202     0.607848      99.7692 -2.28908e-14 -1.15362e-14 -2.50514e-14            0
    0.607848      0.15392     0.665693     0.473018     0.620253      96.9883 -2.40765e-14 -1.82237e-14 -1.86309e-14            0
    0.620253     0.146679     0.673272     0.463987     0.632658      94.2246  -2.1503e-14 -2.11092e-14 -1.93261e-14            0
    0.632658      0.13962     0.680903     0.454921     0.645063      91.4775 -2.26925e-14 -1.99979e-14  -2.3435e-14            0
    0.645063      0.13274     0.688595     0.445816     0.657468      88.7459 -2.04412e-14 -2.42108e-14 -1.95299e-14            0
    0.657468     0.126036     0.696353     0.436667     0.669873      86.0291 -2.20446e-14  -9.3257e-15 -2.11223e-14            0
    0.669873     0.119505     0.704186     0.427469     0.682278      83.3262  -2.4134e-14 -1.30974e-14 -1.27477e-14            0
    0.682278     0.113144     0.712101     0.418215     0.694684      80.6363 -1.86252e-14 -1.31117e-14 -2.30927e-14            0
    0.694684      0.10695     0.720106     0.408901     0.707089      77.9584 -2.47463e-14 -2.23947e-14 -1.94125e-14            0
    0.707089     0.100921     0.728212     0.399518     0.719494      75.2917 -1.93707e-14 -1.63235e-14 -1.35723e-14            0
    0.719494    0.0950554     0.736429     0.390059     0.731899      72.6352 -2.12848e-14 -7.74254e-15 -2.36354e-14            0
    0.731899    0.0893504     0.744766     0.380518     0.744304      69.9877 -2.15813e-14 -2.09901e-14 -1.65672e-14            0
    0.744304    0.0838041     0.753237     0.370885     0.756709      67.3484 -1.93129e-14 -3.52866e-15  -1.6573e-14            0
    0.756709    0.0784148     0.761855      0.36115     0.769114      64.7159 -2.23718e-14 -2.65412e-14 -1.86751e-14            0
    0.769114    0.0731808     0.770634     0.351304     0.781519       62.089 -2.13419e-14  -1.4022e-14 -1.63554e-14            0
    0.781519    0.0681007     0.779592     0.341334     0.793924      59.4665 -1.95382e-14 -1.05289e-14 -2.00814e-14            0
    0.793924     0.063173     0.788748     0.331227     0.806329      56.8469 -2.12469e-14 -1.66382e-14 -1.21747e-14            0
    0.806329    0.0583967     0.798123     0.320968     0.818734      54.2285 -1.96877e-14 -6.66225e-15 -1.73003e-14            0
    0.818734    0.0537708     0.807742      0.31054     0.831139      51.6096 -2.13147e-14 -8.39184e-15 -2.09136e-14            0
    0.831139    0.0492946     0.817634     0.299923     0.843544      48.9881 -1.82406e-14 -2.49588e-14 -1.21742e-14            0
    0.843544    0.0449674     0.827832     0.289093     0.855949      46.3619 -2.09659e-14 -6.86846e-15 -1.28514e-14            0
    0.855949     0.040789     0.838378     0.278025     0.868354      43.7281 -1.82958e-14 -5.84625e-15 -1.04019e-14            0
    0.868354    0.0367594     0.849318     0.266684     0.880759      41.0839 -1.86629e-14 -8.01641e-15 -1.51867e-14            0
    0.880759    0.0328787     0.860711     0.255033     0.893165      38.4254 -1.87139e-14 -2.63807e-15 -1.08331e-14            0
    0.893165    0.0291476      0.87263     0.243023      0.90557      35.7484 -1.76845e-14 -8.13788e-15 -1.27011e-14            0
     0.90557    0.0255672     0.885168     0.230595     0.917975      33.0473 -1.74578e-14 -8.12006e-15 -1.16768e-14            0
    0.917975    0.0221391     0.898442      0.21767      0.93038      30.3154 -1.64271e-14 -3.28624e-15 -6.15779e-15            0
     0.93038    0.0188655     0.912613     0.204148     0.942785      27.5438 -1.50313e-14 -1.99053e-16 -7.66519e-15            0
    0.942785    0.0157495       0.9279      0.18989      0.95519      24.7209 -1.67363e-14 -4.82362e-15 -9.25047e-15            0
     0.95519    0.0127954     0.944625       0.1747     0.967595      21.8304 -1.43209e-14  2.20869e-15 -6.55051e-15            0
    0.967595    0.0100094     0.963283     0.158281         0.98      18.8486 -1.28812e-14  2.58808e-15  -3.4425e-15            0
        0.98   0.00849434     0.966527     0.148203        0.982      17.0834 -1.35243e-14  2.87157e-14 -8.73306e-15            0
       0.982   0.00810152     0.969475     0.145422     0.983778       16.605 -1.06673e-14  5.65207e-15  -2.9302e-15 -1.21973e-16
    0.983778   0.00773563     0.972487     0.142758     0.985556      16.1509 -1.10805e-14  5.90474e-15 -8.15704e-15 -1.21973e-16
    0.985556   0.00737359     0.975568     0.140046     0.987333      15.6931   -1.105e-14   2.0971e-14  -6.4376e-15 -1.21973e-16
    0.987333   0.00701546     0.978722     0.137284     0.989111      15.2313 -1.28571e-14  -4.2244e-14 -1.21662e-14 -1.21973e-16
    0.989111   0.00666128     0.981954     0.134468     0.990889      14.7652 -9.75331e-15  4.82109e-14 -1.32792e-14            0
    0.990889   0.00631112     0.985271     0.131594     0.992667      14.2945 -1.03379e-14 -2.01834e-14  -3.2494e-15 -1.21973e-16
    0.992667   0.00596503     0.988678     0.128658     0.994444       13.819 -8.24354e-15  1.28918e-14  -1.7472e-14 -1.21973e-16
    0.994444   0.00562308     0.992184     0.125655     0.996222      13.3382 -1.31613e-14 -2.35413e-14 -2.69276e-14 -1.21973e-16
    0.996222   0.00528532     0.995796     0.122579        0.998      12.8516 -8.32908e-15  5.99468e-15 -4.56259e-14 -1.21973e-16
       0.998   0.00509983      0.99621     0.120839       0.9982      12.5791  4.16046e-15   1.0396e-14 -7.90675e-14            0
      0.9982   0.00506237     0.996625     0.120483       0.9984      12.5236 -2.69921e-14 -7.56082e-14 -9.11363e-14            0
      0.9984   0.00502496     0.997041     0.120126       0.9986       12.468  9.07108e-16 -7.96387e-14 -1.43262e-13            0
      0.9986   0.00498761     0.997459     0.119768       0.9988      12.4123  1.27183e-15  2.10204e-13 -2.70715e-13 -1.35525e-16
      0.9988   0.00495032     0.997879     0.119409        0.999      12.3565 -2.36547e-14 -4.32712e-15 -3.67737e-13            0
       0.999   0.00491308       0.9983     0.119049       0.9992      12.3006   3.6446e-16 -1.87982e-13 -7.62042e-13            0
      0.9992   0.00487589     0.998722     0.118688       0.9994      12.2447 -1.47827e-14  1.15432e-13 -1.95684e-12            0
      0.9994   0.00483876     0.999147     0.118326       0.9996      12.1887 -4.75218e-15  1.19514e-15 -7.94378e-12 -1.35525e-16
      0.9996   0.00480169     0.999573     0.117962       0.9998      12.1325 -3.05696e-14   1.3171e-13 -1.82065e-10            0
      0.9998   0.00476467            1     0.117598            1      12.0763           -0 -1.50045e-13 -7.48118e-08            0
           1   0.00474617            1     0.117415            1      12.0482   1.8275e-16            0            0            0