           0            1    0.0853361            1   0.00245614      307.811 -1.28102e-13 -2.29249e-13 -2.15408e-13            0
  0.00245614      0.97985     0.107736      0.99189   0.00491228      304.075 -1.35164e-13 -2.30085e-13 -1.93097e-13            0
  0.00491228     0.963987     0.123546     0.985436   0.00736842      301.111 -1.31116e-13 -2.30233e-13 -1.96168e-13            0
  0.00736842     0.950227       0.1362     0.979785   0.00982456      298.525 -1.29463e-13  -2.2927e-13 -2.20747e-13            0
  0.00982456     0.937806     0.146936     0.974642    0.0122807      296.178 -1.44837e-13 -2.29818e-13 -1.89159e-13            0
   0.0122807     0.926344     0.156364     0.969859    0.0147368      294.001 -1.33273e-13 -2.29628e-13 -2.11286e-13            0
   0.0147368     0.915618      0.16483     0.965352     0.017193      291.953 -1.40543e-13 -2.28195e-13 -2.06729e-13            0
    0.017193     0.905485     0.172554     0.961064    0.0196491       290.01 -1.39424e-13 -2.33251e-13 -1.96409e-13            0
   0.0196491     0.895842     0.179687     0.956957    0.0221053      288.153 -1.31251e-13 -2.28981e-13 -2.09483e-13            0
   0.0221053     0.886617     0.186334     0.953003    0.0245614      286.369 -1.40905e-13 -2.28212e-13 -2.22021e-13            0
   0.0245614     0.877753     0.192574      0.94918    0.0270175      284.648 -1.40047e-13 -2.32326e-13 -1.74042e-13            0
   0.0270175     0.869206     0.198468     0.945472    0.0294737      282.982 -1.34753e-13  -2.2824e-13 -2.20552e-13            0
   0.0294737     0.860941     0.204062     0.941866    0.0319298      281.364 -1.43563e-13 -2.29008e-13 -2.36357e-13            0
   0.0319298      0.85293     0.209394      0.93835     0.034386       279.79  -1.3654e-13  -2.3074e-13 -1.74793e-13            0
    0.034386     0.845148     0.214495     0.934916    0.0368421      278.256 -1.56467e-13 -2.28213e-13 -2.07694e-13            0
   0.0368421     0.837576      0.21939     0.931557    0.0392982      276.758 -1.33159e-13 -2.25729e-13 -2.13284e-13            0
   0.0392982     0.830196     0.224101     0.928265    0.0417544      275.292 -1.52337e-13 -2.24378e-13 -2.18198e-13            0
   0.0417544     0.822993     0.228644     0.925035    0.0442105      273.856 -1.25214e-13 -2.33452e-13 -2.13671e-13            0
   0.0442105     0.815955     0.233036     0.921862    0.0466667      272.449 -1.56351e-13 -2.23914e-13 -2.23851e-13            0
   0.0466667     0.809071     0.237289     0.918743    0.0491228      271.067 -1.38448e-13 -2.33687e-13 -1.60495e-13            0
   0.0491228      0.80233     0.241416     0.915674    0.0515789       269.71 -1.46914e-13 -2.28542e-13 -2.04549e-13            0
   0.0515789     0.795723     0.245425      0.91265    0.0540351      268.375 -1.37339e-13 -2.30149e-13 -2.18583e-13            0
   0.0540351     0.789244     0.249327      0.90967    0.0564912      267.062  -1.6447e-13 -2.23422e-13 -2.41824e-13            0
   0.0564912     0.782884     0.253128     0.906731    0.0589474      265.768 -1.20381e-13 -2.23997e-13 -1.97482e-13            0
   0.0589474     0.776637     0.256836      0.90383    0.0614035      264.494 -1.46222e-13 -2.28619e-13 -2.10877e-13            0
   0.0614035     0.770497     0.260456     0.900965    0.0638596      263.237 -1.50994e-13 -2.39171e-13 -2.21704e-13            0
   0.0638596      0.76446     0.263995     0.898135    0.0663158      261.998 -1.35507e-13 -2.18295e-13 -2.24279e-13            0
   0.0663158      0.75852     0.267458     0.895337    0.0687719      260.775 -1.62284e-13 -2.30873e-13  -1.8525e-13            0
   0.0687719     0.752673     0.270849     0.892569    0.0712281      259.567 -1.53489e-13 -2.28038e-13 -2.08623e-13            0
   0.0712281     0.746915     0.274172     0.889832    0.0736842      258.373 -1.37749e-13 -2.13664e-13 -1.70608e-13            0
   0.0736842     0.741241     0.277431     0.887122    0.0761404      257.194 -1.51392e-13 -2.38345e-13 -2.37127e-13            0
   0.0761404      0.73565      0.28063     0.884439    0.0785965      256.028 -1.44103e-13 -2.27397e-13 -2.11992e-13            0
   0.0785965     0.730136     0.283771     0.881782    0.0810526      254.875 -1.60135e-13 -2.08748e-13 -2.09845e-13            0
   0.0810526     0.724698     0.286858     0.879149    0.0835088      253.734 -1.39506e-13 -2.51678e-13 -2.45138e-13            0
   0.0835088     0.719333     0.289893     0.876539    0.0859649      252.606 -1.47572e-13 -2.00017e-13 -1.89603e-13            0
   0.0859649     0.714037      0.29288     0.873952    0.0884211      251.488 -1.60923e-13 -2.46884e-13 -1.80383e-13            0
   0.0884211     0.708809     0.295819     0.871387    0.0908772      250.382 -1.31875e-13 -2.23233e-13 -2.37932e-13            0
   0.0908772     0.703646     0.298713     0.868842    0.0933333      249.286 -1.42518e-13 -2.19713e-13 -1.81583e-13            0
   0.0933333     0.698546     0.301565     0.866318    0.0957895        248.2 -1.55259e-13 -2.24946e-13 -2.56556e-13            0
   0.0957895     0.693506     0.304376     0.863813    0.0982456      247.124 -1.49438e-13 -2.09544e-13  -1.8348e-13            0
   0.0982456     0.688527     0.307148     0.861326     0.100702      246.058 -1.49767e-13 -2.41553e-13 -1.87803e-13            0
    0.100702     0.683604     0.309882     0.858858     0.103158      245.001 -1.73575e-13  -2.2163e-13 -2.49287e-13            0
    0.103158     0.678737      0.31258     0.856406     0.105614      243.953 -1.37137e-13 -2.28287e-13 -2.20721e-13            0
    0.105614     0.673924     0.315244     0.853972      0.10807      242.913 -1.51583e-13 -2.02669e-13 -1.96557e-13            0
     0.10807     0.669163     0.317874     0.851554     0.110526      241.882 -1.55618e-13  -2.4472e-13 -2.13006e-13            0
    0.110526     0.664453     0.320473     0.849151     0.112982      240.859 -1.58949e-13 -2.10375e-13 -2.08007e-13            0
    0.112982     0.659793     0.323041     0.846764     0.115439      239.844 -1.35788e-13 -2.18325e-13 -1.98698e-13            0
    0.115439     0.655181     0.325579     0.844392     0.117895      238.837 -1.65119e-13 -2.28508e-13 -2.58386e-13            0
    0.117895     0.650616     0.328089     0.842033     0.120351      237.837 -1.74664e-13 -2.20137e-13 -1.70565e-13            0
    0.120351     0.646097     0.330571     0.839689     0.122807      236.845 -1.46362e-13 -2.46202e-13 -2.14347e-13            0
    0.122807     0.641623     0.333027     0.837358     0.125263      235.859 -1.66206e-13 -2.16168e-13 -2.12939e-13            0
    0.125263     0.637192     0.335457     0.835041     0.127719      234.881 -1.25519e-13  -1.9863e-13 -1.82506e-13            0
    0.127719     0.632804     0.337862     0.832736     0.130175      233.909 -1.42485e-13   -2.344e-13 -2.12813e-13            0
    0.130175     0.628458     0.340243     0.830443     0.132632      232.944 -1.69011e-13 -2.19041e-13 -2.29911e-13            0
    0.132632     0.624152     0.342601     0.828163     0.135088      231.985 -1.52897e-13 -2.40624e-13 -2.45245e-13            0
    0.135088     0.619886     0.344936     0.825894     0.137544      231.032 -1.52457e-13  -2.0441e-13 -1.85776e-13            0
    0.137544     0.615659      0.34725     0.823636         0.14      230.086 -1.59225e-13  -2.3748e-13 -1.89978e-13            0
        0.14      0.61147     0.349542      0.82139     0.142456      229.145 -1.57937e-13 -2.22093e-13 -2.33774e-13            0
    0.142456     0.607318     0.351814     0.819155     0.144912       228.21 -1.78516e-13  -2.0256e-13 -1.88102e-13            0
    0.144912     0.603203     0.354066      0.81693     0.147368      227.281 -1.49038e-13 -2.19642e-13 -2.31277e-13            0
    0.147368     0.599123     0.356299     0.814715     0.149825      226.358 -1.48183e-13 -2.21059e-13 -1.85511e-13            0
    0.149825     0.595079     0.358513     0.812511     0.152281      225.439 -1.46639e-13  -2.3869e-13 -2.46807e-13            0
    0.152281     0.591068     0.360709     0.810316     0.154737      224.527 -1.76235e-13 -2.03872e-13 -1.74851e-13            0
    0.154737     0.587092     0.362887     0.808131     0.157193      223.619 -1.29324e-13 -2.40945e-13 -2.10285e-13            0
    0.157193     0.583148     0.365049     0.805955     0.159649      222.717 -1.48357e-13 -2.12075e-13 -2.66216e-13            0
    0.159649     0.579237     0.367193     0.803788     0.162105      221.819 -1.68129e-13 -2.02294e-13 -2.27922e-13            0
    0.162105     0.575357     0.369321     0.801631     0.164561      220.926 -1.81664e-13 -2.25397e-13 -2.02007e-13            0
    0.164561     0.571509     0.371434     0.799482     0.167018      220.039 -1.43363e-13 -2.06532e-13 -1.91465e-13            0
    0.167018     0.567691     0.373531     0.797341     0.169474      219.156 -1.62824e-13 -2.32285e-13 -1.93841e-13            0
    0.169474     0.563904     0.375613     0.795209      0.17193      218.277 -1.36409e-13 -1.98198e-13 -2.48897e-13            0
     0.17193     0.560146      0.37768     0.793085     0.174386      217.403 -1.85042e-13 -2.32769e-13 -1.57607e-13            0
    0.174386     0.556417     0.379733     0.790969     0.176842      216.534 -1.56468e-13 -2.03487e-13 -2.20932e-13            0
    0.176842     0.552717     0.381773     0.788861     0.179298      215.669 -1.59556e-13 -2.33601e-13 -2.12651e-13            0
    0.179298     0.549045     0.383798      0.78676     0.181754      214.808  -1.5101e-13 -2.10997e-13  -2.1279e-13            0
    0.181754     0.545401     0.385811     0.784667     0.184211      213.951 -1.66653e-13 -2.12823e-13 -2.32042e-13            0
    0.184211     0.541783     0.387811     0.782581     0.186667      213.099 -1.53523e-13 -2.23208e-13 -1.75257e-13            0
    0.186667     0.538193     0.389798     0.780503     0.189123       212.25 -1.56484e-13 -2.23523e-13 -2.70895e-13            0
    0.189123     0.534629     0.391773     0.778431     0.191579      211.406 -1.58246e-13  -1.9112e-13 -2.20337e-13            0
    0.191579     0.531091     0.393736     0.776366     0.194035      210.565 -1.69275e-13 -2.12916e-13 -1.90713e-13            0
    0.194035     0.527578     0.395687     0.774309     0.196491      209.729 -1.69876e-13 -2.35132e-13 -2.03378e-13            0
    0.196491     0.524091     0.397627     0.772257     0.198947      208.896 -1.52681e-13 -2.18569e-13 -2.27564e-13            0
    0.198947     0.520629     0.399556     0.770212     0.201404      208.066 -1.65372e-13 -1.93997e-13  -1.8466e-13            0
    0.201404     0.517191     0.401474     0.768174      0.20386      207.241 -1.43801e-13 -2.55601e-13 -1.78184e-13            0
     0.20386     0.513777     0.403382     0.766141     0.206316      206.419 -1.71161e-13 -2.06969e-13 -2.45929e-13            0
    0.206316     0.510386     0.405279     0.764115     0.208772      205.601 -1.24175e-13 -1.96476e-13 -1.91273e-13            0
    0.208772      0.50702     0.407165     0.762095     0.211228      204.786 -1.91051e-13 -2.05332e-13 -2.24125e-13            0
    0.211228     0.503676     0.409042     0.760081     0.213684      203.975 -1.58408e-13  -2.3319e-13 -2.24985e-13            0
    0.213684     0.500355      0.41091     0.758072      0.21614      203.167  -1.4818e-13 -2.00829e-13 -1.78201e-13            0
     0.21614     0.497057     0.412767     0.756069     0.218596      202.362 -1.76186e-13 -1.98657e-13 -2.82049e-13            0
    0.218596     0.493781     0.414616     0.754072     0.221053      201.561 -1.51784e-13 -2.10437e-13 -1.90724e-13            0
    0.221053     0.490526     0.416455      0.75208     0.223509      200.762 -1.58298e-13 -2.13359e-13 -1.94949e-13            0
    0.223509     0.487293     0.418285     0.750093     0.225965      199.968 -1.67316e-13 -2.39036e-13 -1.92839e-13            0
    0.225965     0.484082     0.420107     0.748112     0.228421      199.176 -1.75759e-13 -2.05238e-13 -2.09582e-13            0
    0.228421     0.480891      0.42192     0.746136     0.230877      198.387 -1.41064e-13 -2.06449e-13   -2.143e-13            0
    0.230877     0.477722     0.423725     0.744165     0.233333      197.602 -1.70627e-13 -2.25792e-13   -2.294e-13            0
    0.233333     0.474573     0.425522     0.742199     0.235789      196.819 -1.54406e-13 -2.11065e-13 -1.69382e-13            0
    0.235789     0.471444     0.427311     0.740238     0.238246      196.039 -1.68792e-13 -2.32896e-13 -2.15239e-13            0
    0.238246     0.468335     0.429092     0.738281     0.240702      195.263 -1.78436e-13 -1.55829e-13 -2.65643e-13            0
    0.240702     0.465246     0.430865     0.736329     0.243158      194.489 -1.47218e-13 -2.32156e-13 -1.60477e-13            0
    0.243158     0.462176     0.432631     0.734382     0.245614      193.718 -1.61514e-13 -2.16743e-13  -2.1633e-13            0
    0.245614     0.459126     0.434389      0.73244      0.24807       192.95  -1.4851e-13  -2.1982e-13 -2.25891e-13            0
     0.24807     0.456095      0.43614     0.730502     0.250526      192.185 -1.73914e-13 -1.78862e-13 -1.69887e-13            0
    0.250526     0.453082     0.437885     0.728568     0.252982      191.422 -1.83544e-13 -2.10051e-13 -2.24549e-13            0
    0.252982     0.450089     0.439622     0.726638     0.255439      190.662  -1.3964e-13 -1.98843e-13 -2.29098e-13            0
    0.255439     0.447113     0.441352     0.724713     0.257895      189.905  -1.7438e-13 -2.28837e-13 -1.81508e-13            0
    0.257895     0.444156     0.443076     0.722792     0.260351       189.15 -1.48446e-13 -1.85044e-13 -2.58364e-13            0
    0.260351     0.441217     0.444793     0.720875     0.262807      188.398 -1.74441e-13 -2.46243e-13 -2.22066e-13            0
    0.262807     0.438296     0.446504     0.718962     0.265263      187.649 -1.62506e-13 -1.65069e-13 -1.75953e-13            0
    0.265263     0.435393     0.448209     0.717053     0.267719      186.902 -1.55374e-13 -2.33694e-13 -2.14215e-13            0
    0.267719     0.432507     0.449907     0.715148     0.270175      186.158 -1.62204e-13 -1.85915e-13 -1.67428e-13            0
    0.270175     0.429638       0.4516     0.713247     0.272632      185.416 -1.76406e-13 -2.33937e-13 -2.49352e-13            0
    0.272632     0.426786     0.453287      0.71135     0.275088      184.676 -1.55581e-13 -2.04533e-13 -2.30831e-13            0
    0.275088     0.423951     0.454967     0.709456     0.277544      183.939 -1.71739e-13 -1.96627e-13 -1.92499e-13            0
    0.277544     0.421133     0.456643     0.707566         0.28      183.205 -1.65324e-13 -2.17856e-13 -1.77116e-13            0
        0.28     0.418331     0.458312     0.705679     0.282456      182.473 -1.70656e-13 -1.59895e-13 -1.79979e-13            0
    0.282456     0.415546     0.459977     0.703796     0.284912      181.743 -1.64294e-13 -2.55056e-13 -2.77788e-13            0
    0.284912     0.412777     0.461635     0.701916     0.287368      181.015 -1.40835e-13 -2.16073e-13 -1.57867e-13            0
    0.287368     0.410024     0.463289      0.70004     0.289825       180.29 -1.76829e-13 -2.06215e-13  -1.9369e-13            0
    0.289825     0.407287     0.464937     0.698167     0.292281      179.567 -1.68927e-13 -1.92767e-13 -2.87158e-13            0
    0.292281     0.404566     0.466581     0.696297     0.294737      178.846 -1.66214e-13 -1.79829e-13 -2.04471e-13            0
    0.294737      0.40186     0.468219     0.694431     0.297193      178.127 -1.63461e-13 -2.09597e-13 -1.80496e-13            0
    0.297193      0.39917     0.469853     0.692568     0.299649      177.411 -1.52722e-13 -1.96285e-13 -1.70073e-13            0
    0.299649     0.396495     0.471482     0.690707     0.302105      176.696 -1.63538e-13  -2.0571e-13 -2.21727e-13            0
    0.302105     0.393835     0.473106      0.68885     0.304561      175.984  -1.6873e-13 -1.96901e-13 -2.38225e-13            0
    0.304561      0.39119     0.474726     0.686996     0.307018      175.274 -1.62758e-13 -2.22533e-13 -1.93157e-13            0
    0.307018      0.38856     0.476341     0.685145     0.309474      174.566  -1.7064e-13 -2.00262e-13 -2.63969e-13            0
    0.309474     0.385945     0.477952     0.683297      0.31193       173.86 -1.72098e-13 -1.86247e-13 -1.72374e-13            0
     0.31193     0.383344     0.479559     0.681451     0.314386      173.157 -1.65012e-13 -1.84316e-13  -1.9676e-13            0
    0.314386     0.380758     0.481161     0.679608     0.316842      172.455 -1.69642e-13 -2.08787e-13 -2.31823e-13            0
    0.316842     0.378187     0.482759     0.677769     0.319298      171.755  -1.6431e-13 -1.84187e-13 -2.04427e-13            0
    0.319298     0.375629     0.484353     0.675931     0.321754      171.057 -1.64368e-13 -2.22608e-13 -1.99169e-13            0
    0.321754     0.373085     0.485944     0.674097     0.324211      170.361 -1.37673e-13 -2.06639e-13 -2.23364e-13            0
    0.324211     0.370556      0.48753     0.672265     0.326667      169.667 -1.79459e-13 -1.83102e-13   -1.733e-13            0
    0.326667      0.36804     0.489112     0.670436     0.329123      168.975 -1.65364e-13  -1.9902e-13 -2.31584e-13            0
    0.329123     0.365538     0.490691     0.668609     0.331579      168.285 -1.82477e-13  -2.1633e-13 -2.23341e-13            0
    0.331579      0.36305     0.492266     0.666785     0.334035      167.597 -1.44219e-13 -1.84857e-13 -1.80554e-13            0
    0.334035     0.360575     0.493837     0.664963     0.336491       166.91 -1.68789e-13 -2.16644e-13 -2.08798e-13            0
    0.336491     0.358114     0.495405     0.663143     0.338947      166.226 -1.68287e-13 -1.84852e-13 -1.60859e-13            0
    0.338947     0.355665      0.49697     0.661326     0.341404      165.543 -1.83088e-13 -1.99856e-13 -2.40281e-13            0
    0.341404      0.35323     0.498531     0.659511      0.34386      164.862 -1.64737e-13 -1.96605e-13 -2.31849e-13            0
     0.34386     0.350809     0.500089     0.657699     0.346316      164.183 -1.41499e-13 -2.01006e-13 -1.33435e-13            0
    0.346316     0.348399     0.501643     0.655888     0.348772      163.505 -1.75379e-13 -1.34749e-13 -2.27018e-13            0
    0.348772     0.346003     0.503194      0.65408     0.351228       162.83 -1.55028e-13 -2.57124e-13  -1.7638e-13            0
    0.351228      0.34362     0.504743     0.652274     0.353684      162.156 -1.78172e-13 -2.14884e-13  -2.4835e-13            0
    0.353684     0.341249     0.506288      0.65047      0.35614      161.484 -1.61833e-13 -1.74087e-13 -1.86657e-13            0
     0.35614     0.338891      0.50783     0.648669     0.358596      160.813 -1.61582e-13 -1.92688e-13 -2.23856e-13            0
    0.358596     0.336545     0.509369     0.646869     0.361053      160.144 -1.75262e-13 -1.64837e-13 -2.19883e-13            0
    0.361053     0.334212     0.510905     0.645071     0.363509      159.477 -1.78616e-13 -1.88375e-13 -1.58903e-13            0
    0.363509     0.331891     0.512439     0.643275     0.365965      158.812  -1.4049e-13 -2.12073e-13 -1.86996e-13            0
    0.365965     0.329581      0.51397     0.641481     0.368421      158.148 -1.69927e-13 -1.99175e-13  -2.5326e-13            0
    0.368421     0.327285     0.515498     0.639689     0.370877      157.486 -1.73096e-13 -1.83166e-13 -1.24399e-13            0
    0.370877        0.325     0.517023     0.637899     0.373333      156.825 -1.49199e-13 -1.82754e-13 -2.26254e-13            0
    0.373333     0.322727     0.518546     0.636111     0.375789      156.166 -1.58608e-13 -2.18454e-13 -2.37159e-13            0
    0.375789     0.320465     0.520067     0.634324     0.378246      155.509 -1.80834e-13 -2.25643e-13 -1.69113e-13            0
    0.378246     0.318216     0.521585     0.632539     0.380702      154.853 -1.83712e-13 -1.35517e-13 -1.95542e-13            0
    0.380702     0.315978       0.5231     0.630756     0.383158      154.198 -1.40447e-13 -1.84237e-13  -2.3078e-13            0
    0.383158     0.313751     0.524613     0.628975     0.385614      153.545 -1.62908e-13 -1.98078e-13 -1.65812e-13            0
    0.385614     0.311537     0.526124     0.627195      0.38807      152.894 -1.71229e-13 -2.17863e-13 -2.30834e-13            0
     0.38807     0.309333     0.527633     0.625417     0.390526      152.244 -1.76465e-13 -1.10626e-13 -2.13585e-13            0
    0.390526     0.307141     0.529139      0.62364     0.392982      151.596 -1.80753e-13  -3.0211e-13 -2.19144e-13            0
    0.392982      0.30496     0.530644     0.621865     0.395439      150.949 -1.61296e-13 -1.93531e-13 -1.98912e-13            0
    0.395439      0.30279     0.532146     0.620091     0.397895      150.304 -1.42234e-13 -1.70213e-13 -1.57475e-13            0
    0.397895     0.300631     0.533646     0.618319     0.400351       149.66 -1.71636e-13 -1.69484e-13 -2.21158e-13            0
    0.400351     0.298484     0.535145     0.616548     0.402807      149.018 -1.67033e-13 -1.69263e-13 -2.21211e-13            0
    0.402807     0.296347     0.536641     0.614779     0.405263      148.377 -1.68906e-13 -1.35568e-13 -1.83239e-13            0
    0.405263     0.294221     0.538136     0.613011     0.407719      147.737 -1.76122e-13 -1.90083e-13 -1.58706e-13            0
    0.407719     0.292106     0.539628     0.611244     0.410175      147.099  -1.5909e-13 -2.06771e-13 -2.27242e-13            0
    0.410175     0.290001     0.541119     0.609479     0.412632      146.462  -1.5969e-13 -2.58341e-13 -1.59922e-13            0
    0.412632     0.287907     0.542608     0.607715     0.415088      145.827 -1.86105e-13 -1.24643e-13 -2.45895e-13            0
    0.415088     0.285824     0.544096     0.605952     0.417544      145.193 -1.47922e-13 -2.05079e-13 -1.49066e-13            0
    0.417544     0.283751     0.545582     0.604191         0.42       144.56 -1.62549e-13 -1.23724e-13 -2.16914e-13            0
        0.42     0.281689     0.547066      0.60243     0.422456      143.929 -1.73514e-13 -2.12267e-13 -2.05839e-13            0
    0.422456     0.279637     0.548549     0.600671     0.424912      143.299 -1.66318e-13 -2.03378e-13 -1.80563e-13            0
    0.424912     0.277595      0.55003     0.598913     0.427368       142.67 -1.57976e-13 -1.98928e-13 -2.19551e-13            0
    0.427368     0.275564      0.55151     0.597156     0.429825      142.043 -1.54693e-13 -2.00146e-13 -1.95603e-13            0
    0.429825     0.273542     0.552988       0.5954     0.432281      141.417  -1.7229e-13 -1.03239e-13 -2.37852e-13            0
    0.432281     0.271531     0.554465     0.593645     0.434737      140.792 -1.73804e-13  -1.8801e-13  -1.8903e-13            0
    0.434737      0.26953     0.555941     0.591891     0.437193      140.168 -1.55291e-13 -1.78279e-13  -1.6823e-13            0
    0.437193     0.267539     0.557415     0.590138     0.439649      139.546 -1.51471e-13 -2.63859e-13 -2.17208e-13            0
    0.439649     0.265558     0.558889     0.588386     0.442105      138.925 -1.82367e-13 -2.23471e-13 -1.66056e-13            0
    0.442105     0.263586     0.560361     0.586635     0.444561      138.305 -1.56747e-13 -1.11786e-13 -1.79272e-13            0
    0.444561     0.261625     0.561832     0.584885     0.447018      137.687  -1.8197e-13 -1.02857e-13 -1.83698e-13            0
    0.447018     0.259673     0.563301     0.583135     0.449474       137.07 -1.44805e-13 -1.83816e-13 -2.27809e-13            0
    0.449474      0.25773      0.56477     0.581387      0.45193      136.454 -1.70435e-13 -2.34035e-13  -2.0769e-13            0
     0.45193     0.255798     0.566238     0.579639     0.454386      135.839  -1.6136e-13 -2.08189e-13 -1.60118e-13            0
    0.454386     0.253875     0.567705     0.577892     0.456842      135.225 -1.75421e-13 -7.71051e-14 -1.97191e-13            0
    0.456842     0.251961     0.569171     0.576146     0.459298      134.613 -1.69914e-13 -2.55599e-13 -1.74414e-13            0
    0.459298     0.250057     0.570636       0.5744     0.461754      134.001 -1.55307e-13   -1.636e-13 -2.24316e-13            0
    0.461754     0.248163       0.5721     0.572655     0.464211      133.391 -1.59642e-13  -1.7843e-13 -1.88472e-13            0
    0.464211     0.246277     0.573563     0.570911     0.466667      132.782 -1.78696e-13 -2.05612e-13 -1.73615e-13            0
    0.466667     0.244401     0.575026     0.569168     0.469123      132.175  -1.4996e-13  -1.4279e-13 -2.29037e-13            0
    0.469123     0.242535     0.576488     0.567425     0.471579      131.568 -1.74282e-13 -1.99406e-13 -2.04347e-13            0
    0.471579     0.240677     0.577949     0.565682     0.474035      130.962 -1.60128e-13 -1.88987e-13 -1.93456e-13            0
    0.474035     0.238829      0.57941      0.56394     0.476491      130.358 -1.58561e-13 -1.42305e-13 -1.20914e-13            0
    0.476491     0.236989      0.58087     0.562199     0.478947      129.755 -1.82564e-13 -1.94305e-13 -2.16237e-13            0
    0.478947     0.235159      0.58233     0.560458     0.481404      129.152  -1.6275e-13 -1.30595e-13 -1.91874e-13            0
    0.481404     0.233337     0.583789     0.558718      0.48386      128.551 -1.57092e-13 -1.90317e-13 -1.93791e-13            0
     0.48386     0.231525     0.585247     0.556978     0.486316      127.951 -1.69408e-13 -1.75794e-13 -1.27271e-13            0
    0.486316     0.229722     0.586705     0.555238     0.488772      127.352 -1.49703e-13 -1.48986e-13 -2.80531e-13            0
    0.488772     0.227927     0.588163     0.553499     0.491228      126.754 -1.69868e-13 -1.55758e-13 -1.89927e-13            0
    0.491228     0.226141      0.58962      0.55176     0.493684      126.158  -1.5899e-13 -2.46838e-13 -1.35705e-13            0
    0.493684     0.224364     0.591077     0.550022      0.49614      125.562 -1.65904e-13 -1.24402e-13 -1.92738e-13            0
     0.49614     0.222596     0.592534     0.548284     0.498596      124.967 -1.58464e-13 -1.82461e-13  -2.0225e-13            0
    0.498596     0.220836     0.593991     0.546546     0.501053      124.373 -1.80418e-13 -1.08984e-13 -2.00282e-13            0
    0.501053     0.219085     0.595447     0.544808     0.503509      123.781 -1.57662e-13 -2.61411e-13 -1.45893e-13            0
    0.503509     0.217342     0.596904      0.54307     0.505965      123.189 -1.75194e-13  -1.7791e-13 -2.06693e-13            0
    0.505965     0.215608      0.59836     0.541333     0.508421      122.598 -1.38105e-13  -8.4081e-14 -2.03591e-13            0
    0.508421     0.213883     0.599816     0.539596     0.510877      122.009 -1.70607e-13 -1.70258e-13 -1.59664e-13            0
    0.510877     0.212165     0.601272     0.537859     0.513333       121.42 -1.64085e-13  -1.8788e-13 -2.06738e-13            0
    0.513333     0.210457     0.602728     0.536122     0.515789      120.832 -1.74073e-13 -1.68068e-13 -2.21229e-13            0
    0.515789     0.208756     0.604184     0.534385     0.518246      120.246 -1.59037e-13 -2.22049e-13 -1.76913e-13            0
    0.518246     0.207064      0.60564     0.532648     0.520702       119.66 -1.61106e-13 -1.40665e-13 -1.11118e-13            0
    0.520702     0.205381     0.607097     0.530912     0.523158      119.075 -1.61121e-13 -1.11091e-13 -2.48329e-13            0
    0.523158     0.203705     0.608553     0.529175     0.525614      118.491 -1.57361e-13 -1.97452e-13 -1.66548e-13            0
    0.525614     0.202038      0.61001     0.527438      0.52807      117.909 -1.64408e-13  -1.0332e-13  -1.9126e-13            0
     0.52807     0.200378     0.611467     0.525701     0.530526      117.327  -1.5484e-13  -2.0123e-13 -1.61913e-13            0
    0.530526     0.198727     0.612924     0.523964     0.532982      116.746 -1.75794e-13 -1.97057e-13 -1.98976e-13            0
    0.532982     0.197084     0.614382     0.522227     0.535439      116.166 -1.61406e-13 -2.11222e-13 -1.60515e-13            0
    0.535439     0.195449      0.61584      0.52049     0.537895      115.586 -1.62999e-13 -1.20284e-13 -1.82589e-13            0
    0.537895     0.193822     0.617298     0.518752     0.540351      115.008 -1.65006e-13 -1.23202e-13 -1.96294e-13            0
    0.540351     0.192203     0.618757     0.517015     0.542807      114.431  -1.5007e-13 -2.00025e-13 -1.34505e-13            0
    0.542807     0.190592     0.620216     0.515277     0.545263      113.854 -1.54731e-13 -1.44552e-13 -2.58241e-13            0
    0.545263     0.188989     0.621676     0.513539     0.547719      113.279 -1.66095e-13 -1.63083e-13 -1.46686e-13            0
    0.547719     0.187394     0.623136       0.5118     0.550175      112.704 -1.62132e-13 -1.45902e-13 -1.63246e-13            0
    0.550175     0.185806     0.624597     0.510061     0.552632       112.13 -1.63342e-13 -1.08298e-13 -1.70819e-13            0
    0.552632     0.184226     0.626059     0.508322     0.555088      111.557 -1.62629e-13 -2.18903e-13  -2.2613e-13            0
    0.555088     0.182654     0.627522     0.506583     0.557544      110.985 -1.49985e-13  -1.0543e-13 -1.84949e-13            0
    0.557544      0.18109     0.628985     0.504843         0.56      110.414 -1.59501e-13 -2.02641e-13 -1.10269e-13            0
        0.56     0.179533     0.630448     0.503103     0.562456      109.843 -1.64348e-13  -1.7806e-13 -1.99303e-13            0
    0.562456     0.177985     0.631913     0.501362     0.564912      109.274 -1.69801e-13 -6.13166e-14  -1.9825e-13            0
    0.564912     0.176443     0.633379     0.499621     0.567368      108.705 -1.50423e-13 -2.27108e-13 -1.61341e-13            0
    0.567368     0.174909     0.634845     0.497879     0.569825      108.137 -1.65374e-13 -1.42319e-13  -1.7249e-13            0
    0.569825     0.173383     0.636312     0.496136     0.572281       107.57 -1.73759e-13 -1.70717e-13 -1.95324e-13            0
    0.572281     0.171864     0.637781     0.494393     0.574737      107.003 -1.57975e-13 -1.47256e-13  -1.8742e-13            0
    0.574737     0.170353      0.63925      0.49265     0.577193      106.438 -1.45636e-13 -9.88184e-14  -1.2892e-13            0
    0.577193     0.168849      0.64072     0.490906     0.579649      105.873 -1.45344e-13 -2.59117e-13 -1.89018e-13            0
    0.579649     0.167353     0.642192     0.489161     0.582105      105.309 -1.78685e-13  -1.2272e-13 -1.94408e-13            0
    0.582105     0.165864     0.643665     0.487415     0.584561      104.746 -1.55278e-13 -1.84402e-13 -1.56206e-13            0
    0.584561     0.164382     0.645138     0.485669     0.587018      104.184 -1.53696e-13 -1.01449e-13  -1.6979e-13            0
    0.587018     0.162908     0.646613     0.483922     0.589474      103.622 -1.54165e-13 -1.03487e-13 -1.74302e-13            0
    0.589474     0.161441      0.64809     0.482174      0.59193      103.061 -1.75877e-13 -1.94404e-13 -1.64424e-13            0
     0.59193     0.159981     0.649567     0.480425     0.594386      102.501 -1.60331e-13 -1.84749e-13 -1.72771e-13            0
    0.594386     0.158529     0.651047     0.478676     0.596842      101.941 -1.48228e-13 -9.10615e-14 -1.86185e-13            0
    0.596842     0.157083     0.652527     0.476925     0.599298      101.383 -1.52738e-13 -1.98938e-13 -1.77544e-13            0
    0.599298     0.155645     0.654009     0.475174     0.601754      100.825 -1.60623e-13  -1.3121e-13 -1.42675e-13            0
    0.601754     0.154214     0.655492     0.473421     0.604211      100.268 -1.47263e-13 -1.15936e-13 -1.93177e-13            0
    0.604211      0.15279     0.656977     0.471668     0.606667      99.7111 -1.70193e-13 -1.07832e-13 -1.63153e-13            0
    0.606667     0.151373     0.658464     0.469914     0.609123      99.1553  -1.5428e-13  -1.3713e-13 -1.61449e-13            0
    0.609123     0.149964     0.659952     0.468158     0.611579      98.6002 -1.59537e-13 -2.42435e-13 -1.83569e-13            0
    0.611579     0.148561     0.661441     0.466402     0.614035      98.0459 -1.42005e-13 -1.25482e-13  -1.5557e-13            0
    0.614035     0.147165     0.662933     0.464644     0.616491      97.4922 -1.65205e-13 -1.45882e-13 -1.70509e-13            0
    0.616491     0.145777     0.664426     0.462885     0.618947      96.9391 -1.48146e-13 -1.10109e-13  -1.7064e-13            0
    0.618947     0.144395     0.665921     0.461125     0.621404      96.3868 -1.55518e-13 -1.26964e-13 -1.67566e-13            0
    0.621404      0.14302     0.667418     0.459364      0.62386      95.8351  -1.5234e-13 -2.05761e-13 -1.61541e-13            0
     0.62386     0.141652     0.668917     0.457602     0.626316      95.2841 -1.62511e-13 -6.07036e-14 -1.66709e-13            0
    0.626316     0.140291     0.670418     0.455838     0.628772      94.7338 -1.51484e-13 -1.94375e-13 -1.72479e-13            0
    0.628772     0.138937     0.671921     0.454073     0.631228      94.1841 -1.68346e-13 -1.29401e-13 -1.44726e-13            0
    0.631228      0.13759     0.673426     0.452306     0.633684       93.635 -1.61275e-13 -9.12839e-14 -1.74907e-13            0
    0.633684     0.136249     0.674933     0.450538      0.63614      93.0866 -1.23888e-13 -1.92473e-13 -1.59078e-13            0
     0.63614     0.134916     0.676442     0.448769     0.638596      92.5388  -1.7436e-13 -1.33644e-13 -1.70333e-13            0
    0.638596     0.133589     0.677954     0.446998     0.641053      91.9916 -1.57511e-13 -1.48705e-13 -1.58075e-13            0
    0.641053     0.132268     0.679467     0.445226     0.643509       91.445 -1.41312e-13 -1.48443e-13 -1.39966e-13            0
    0.643509     0.130955     0.680983     0.443452     0.645965      90.8991 -1.52987e-13 -7.19238e-14 -1.89671e-13            0
    0.645965     0.129648     0.682502     0.441677     0.648421      90.3537 -1.57607e-13 -1.60806e-13 -1.63018e-13            0
    0.648421     0.128348     0.684022       0.4399     0.650877       89.809 -1.47017e-13 -1.55154e-13 -1.40678e-13            0
    0.650877     0.127054     0.685546     0.438121     0.653333      89.2648  -1.5148e-13 -1.10297e-13 -1.54427e-13            0
    0.653333     0.125768     0.687071      0.43634     0.655789      88.7212 -1.58527e-13  -1.2974e-13 -1.60845e-13            0
    0.655789     0.124487       0.6886     0.434558     0.658246      88.1782 -1.58324e-13 -1.24148e-13 -1.85844e-13            0
    0.658246     0.123213     0.690131     0.432774     0.660702      87.6358  -1.4032e-13 -1.37491e-13 -1.36599e-13            0
    0.660702     0.121946     0.691665     0.430988     0.663158      87.0939   -1.567e-13 -1.40195e-13 -1.33666e-13            0
    0.663158     0.120686     0.693201     0.429201     0.665614      86.5526 -1.55439e-13 -1.72291e-13 -1.83563e-13            0
    0.665614     0.119432      0.69474     0.427411      0.66807      86.0118 -1.51033e-13  -7.7222e-14 -1.41122e-13            0
     0.66807     0.118184     0.696282     0.425619     0.670526      85.4716 -1.47803e-13 -1.76727e-13 -1.36733e-13            0
    0.670526     0.116943     0.697828     0.423826     0.672982      84.9319 -1.50331e-13 -1.25354e-13 -1.62178e-13            0
    0.672982     0.115708     0.699376      0.42203     0.675439      84.3927 -1.53236e-13 -1.38335e-13 -1.76101e-13            0
    0.675439      0.11448     0.700927     0.420232     0.677895       83.854 -1.48006e-13 -8.00375e-14 -1.32521e-13            0
    0.677895     0.113258     0.702481     0.418432     0.680351      83.3159 -1.57347e-13 -1.18058e-13  -1.5029e-13            0
    0.680351     0.112042     0.704039      0.41663     0.682807      82.7782 -1.42933e-13 -1.44134e-13 -1.52147e-13            0
    0.682807     0.110833     0.705599     0.414826     0.685263      82.2411  -1.4549e-13 -7.25314e-14 -1.68279e-13            0
    0.685263     0.109631     0.707163     0.413019     0.687719      81.7044 -1.56772e-13  -1.9728e-13 -1.64826e-13            0
    0.687719     0.108434     0.708731      0.41121     0.690175      81.1683 -1.42299e-13 -1.04894e-13 -1.28096e-13            0
    0.690175     0.107244     0.710301     0.409399     0.692632      80.6326 -1.51298e-13 -1.33268e-13  -1.8041e-13            0
    0.692632      0.10606     0.711876     0.407585     0.695088      80.0973 -1.44371e-13 -1.65252e-13 -1.15214e-13            0
    0.695088     0.104883     0.713454     0.405769     0.697544      79.5626 -1.49585e-13 -7.21533e-15 -1.60957e-13            0
    0.697544     0.103711     0.715035     0.403951          0.7      79.0283 -1.38847e-13 -1.72363e-13 -1.45013e-13            0
         0.7     0.102546      0.71662     0.402129     0.702456      78.4944 -1.54188e-13 -1.42903e-13 -1.61924e-13            0
    0.702456     0.101387      0.71821     0.400305     0.704912       77.961 -1.45235e-13 -2.54523e-14 -1.24292e-13            0
    0.704912     0.100235     0.719802     0.398479     0.707368       77.428 -1.44317e-13 -2.07317e-13 -1.59903e-13            0
    0.707368    0.0990884     0.721399     0.396649     0.709825      76.8954 -1.48141e-13 -4.93372e-14 -1.24982e-13            0
    0.709825    0.0979482        0.723     0.394817     0.712281      76.3633 -1.40532e-13 -1.59972e-13 -1.46768e-13            0
    0.712281    0.0968141     0.724605     0.392982     0.714737      75.8316 -1.55907e-13  -1.5542e-13 -1.43468e-13            0
    0.714737    0.0956861     0.726214     0.391144     0.717193      75.3002 -1.35883e-13 -1.75841e-14 -1.53249e-13            0
    0.717193    0.0945643     0.727828     0.389304     0.719649      74.7693 -1.49648e-13 -1.43919e-13 -1.29831e-13            0
    0.719649    0.0934485     0.729446      0.38746     0.722105      74.2387 -1.35227e-13 -1.22027e-13 -1.41589e-13            0
    0.722105    0.0923389     0.731068     0.385613     0.724561      73.7085  -1.5228e-13 -7.57013e-14 -1.50608e-13            0
    0.724561    0.0912353     0.732694     0.383763     0.727018      73.1787 -1.44822e-13 -1.21944e-13 -1.22033e-13            0
    0.727018    0.0901378     0.734326     0.381909     0.729474      72.6493 -1.42446e-13  -1.6471e-13 -1.44944e-13            0
    0.729474    0.0890463     0.735962     0.380053      0.73193      72.1202 -1.28254e-13 -7.93024e-14 -1.31509e-13            0
     0.73193    0.0879609     0.737602     0.378193     0.734386      71.5914 -1.51468e-13 -1.13942e-13 -1.45351e-13            0
    0.734386    0.0868815     0.739248     0.376329     0.736842       71.063 -1.26862e-13 -8.02344e-14 -1.43338e-13            0
    0.736842    0.0858081     0.740898     0.374463     0.739298      70.5349 -1.54591e-13 -1.19297e-13 -1.36459e-13            0
    0.739298    0.0847406     0.742554     0.372592     0.741754      70.0071 -1.33398e-13 -1.05548e-13 -1.16641e-13            0
    0.741754    0.0836792     0.744214     0.370718     0.744211      69.4797 -1.32713e-13 -1.38621e-13  -1.4667e-13            0
    0.744211    0.0826237      0.74588     0.368841     0.746667      68.9525 -1.50406e-13 -5.17447e-14  -1.4292e-13            0
    0.746667    0.0815741     0.747551      0.36696     0.749123      68.4256 -1.39418e-13 -1.11851e-13 -1.03407e-13            0
    0.749123    0.0805305     0.749228     0.365074     0.751579       67.899 -1.37706e-13 -1.79802e-13 -1.37171e-13            0
    0.751579    0.0794928      0.75091     0.363185     0.754035      67.3727  -1.4564e-13 -3.69647e-14 -1.35508e-13            0
    0.754035     0.078461     0.752598     0.361292     0.756491      66.8467 -1.35274e-13 -9.62368e-14 -1.35104e-13            0
    0.756491    0.0774351     0.754292     0.359395     0.758947      66.3209  -1.2096e-13 -1.44949e-13 -1.35723e-13            0
    0.758947    0.0764151     0.755991     0.357494     0.761404      65.7953  -1.4069e-13 -6.38449e-14 -1.38495e-13            0
    0.761404    0.0754009     0.757697     0.355588      0.76386        65.27 -1.39787e-13 -1.09061e-13 -1.18427e-13            0
     0.76386    0.0743926     0.759408     0.353679     0.766316      64.7449 -1.37358e-13 -8.35229e-14 -1.09659e-13            0
    0.766316    0.0733902     0.761126     0.351765     0.768772        64.22 -1.35333e-13 -9.88616e-14 -1.24887e-13            0
    0.768772    0.0723936      0.76285     0.349846     0.771228      63.6953  -1.3197e-13 -6.38289e-14 -1.29213e-13            0
    0.771228    0.0714028      0.76458     0.347923     0.773684      63.1708 -1.41115e-13 -1.18873e-13 -1.44424e-13            0
    0.773684    0.0704178     0.766318     0.345995      0.77614      62.6465 -1.22463e-13 -1.55382e-13  -8.7855e-14            0
     0.77614    0.0694386     0.768061     0.344062     0.778596      62.1224 -1.46583e-13 -3.09855e-15 -1.25801e-13            0
    0.778596    0.0684652     0.769812     0.342125     0.781053      61.5985 -1.31547e-13 -1.34488e-13  -1.4926e-13            0
    0.781053    0.0674976      0.77157     0.340183     0.783509      61.0746 -1.25573e-13 -8.72347e-14  -8.4291e-14            0
    0.783509    0.0665358     0.773335     0.338235     0.785965       60.551 -1.34268e-13 -6.08152e-14 -1.49702e-13            0
    0.785965    0.0655798     0.775107     0.336283     0.788421      60.0274 -1.41356e-13 -1.71478e-13 -9.32577e-14            0
    0.788421    0.0646294     0.776886     0.334325     0.790877       59.504 -1.27983e-13 -1.00775e-13 -1.21721e-13            0
    0.790877    0.0636849     0.778673     0.332362     0.793333      58.9807  -1.1814e-13 -5.24184e-14 -1.30636e-13            0
    0.793333     0.062746     0.780468     0.330393     0.795789      58.4574 -1.31762e-13  -1.0722e-13 -9.66561e-14            0
    0.795789    0.0618129     0.782271     0.328419     0.798246      57.9343   -1.369e-13   -6.042e-14 -1.42157e-13            0
    0.798246    0.0608855     0.784081     0.326439     0.800702      57.4112 -1.20809e-13 -2.43403e-14 -8.86698e-14            0
    0.800702    0.0599639       0.7859     0.324453     0.803158      56.8882 -1.35173e-13 -1.08727e-13 -1.25858e-13            0
    0.803158    0.0590479     0.787728     0.322462     0.805614      56.3652 -1.21369e-13 -9.06034e-14 -1.04418e-13            0
    0.805614    0.0581376     0.789563     0.320464      0.80807      55.8422 -1.28844e-13 -8.17867e-14 -1.07558e-13            0
     0.80807     0.057233     0.791408      0.31846     0.810526      55.3192 -1.33517e-13 -1.09491e-13 -1.12181e-13            0
    0.810526    0.0563341     0.793261      0.31645     0.812982      54.7963 -1.20286e-13 -4.38544e-14 -1.20852e-13            0
    0.812982    0.0554408     0.795124     0.314433     0.815439      54.2733 -1.27894e-13 -3.23616e-14 -8.29486e-14            0
    0.815439    0.0545532     0.796996      0.31241     0.817895      53.7503 -1.15807e-13 -1.34779e-13  -1.1963e-13            0
    0.817895    0.0536713     0.798877     0.310379     0.820351      53.2272 -1.29051e-13 -3.31859e-14  -1.1965e-13            0
    0.820351    0.0527951     0.800769     0.308342     0.822807      52.7041 -1.24533e-13 -6.51221e-14 -9.31405e-14            0
    0.822807    0.0519245      0.80267     0.306298     0.825263      52.1809 -1.25597e-13  -8.4824e-14 -1.17972e-13            0
    0.825263    0.0510595     0.804581     0.304247     0.827719      51.6576 -1.13552e-13 -8.90094e-14 -8.46858e-14            0
    0.827719    0.0502002     0.806503     0.302188     0.830175      51.1342 -1.28653e-13 -4.75317e-14 -1.28034e-13            0
    0.830175    0.0493465     0.808435     0.300122     0.832632      50.6107 -1.18256e-13 -1.08318e-13 -8.13441e-14            0
    0.832632    0.0484984     0.810378     0.298048     0.835088       50.087 -1.13126e-13 -7.51746e-14  -8.8535e-14            0
    0.835088     0.047656     0.812332     0.295966     0.837544      49.5632 -1.19976e-13 -1.60688e-14 -1.04794e-13            0
    0.837544    0.0468192     0.814298     0.293877         0.84      49.0392 -1.14656e-13 -1.01953e-13 -7.99907e-14            0
        0.84     0.045988     0.816275     0.291778     0.842456       48.515 -1.17407e-13 -4.11372e-14 -1.18989e-13            0
    0.842456    0.0451624     0.818264     0.289672     0.844912      47.9905 -1.22706e-13  -1.7191e-14 -7.03218e-14            0
    0.844912    0.0443424     0.820266     0.287556     0.847368      47.4658 -1.18493e-13  -8.7813e-14 -1.04123e-13            0
    0.847368    0.0435281      0.82228     0.285432     0.849825      46.9409 -1.10467e-13 -4.64008e-14 -9.96132e-14            0
    0.849825    0.0427194     0.824306     0.283299     0.852281      46.4156 -1.12183e-13 -8.79748e-14 -7.30693e-14            0
    0.852281    0.0419162     0.826346     0.281156     0.854737      45.8901 -1.13652e-13 -3.84954e-14 -1.20704e-13            0
    0.854737    0.0411187     0.828399     0.279004     0.857193      45.3642 -1.09939e-13 -1.89243e-14 -7.14125e-14            0
    0.857193    0.0403268     0.830466     0.276842     0.859649       44.838 -1.19272e-13 -1.31136e-13 -6.88859e-14            0
    0.859649    0.0395405     0.832548      0.27467     0.862105      44.3114 -1.09852e-13 -4.42034e-14  -9.2408e-14            0
    0.862105    0.0387598     0.834643     0.272488     0.864561      43.7844 -1.03933e-13 -2.38242e-14 -8.70184e-14            0
    0.864561    0.0379847     0.836754     0.270295     0.867018      43.2569  -1.1554e-13 -6.10005e-14 -7.51759e-14            0
    0.867018    0.0372153      0.83888     0.268091     0.869474       42.729 -1.13124e-13 -1.87937e-14 -9.84905e-14            0
    0.869474    0.0364514     0.841021     0.265876      0.87193      42.2006 -1.01522e-13 -3.75053e-14 -8.72705e-14            0
     0.87193    0.0356932     0.843179      0.26365     0.874386      41.6717 -1.08618e-13 -9.54225e-14 -7.84799e-14            0
    0.874386    0.0349406     0.845353     0.261412     0.876842      41.1423 -1.03049e-13  -7.8353e-15 -6.55308e-14            0
    0.876842    0.0341935     0.847545     0.259162     0.879298      40.6123 -1.09973e-13 -6.04016e-14 -8.37643e-14            0
    0.879298    0.0334522     0.849754       0.2569     0.881754      40.0816  -1.0492e-13 -2.79888e-14 -6.67117e-14            0
    0.881754    0.0327164      0.85198     0.254624     0.884211      39.5504 -9.72657e-14 -5.52356e-14 -7.75099e-14            0
    0.884211    0.0319863     0.854226     0.252336     0.886667      39.0184 -1.06403e-13  -7.9439e-14 -7.57359e-14            0
    0.886667    0.0312618      0.85649     0.250034     0.889123      38.4858 -9.47203e-14  1.69274e-14 -6.12358e-14            0
    0.889123     0.030543     0.858774     0.247718     0.891579      37.9523 -1.00184e-13 -5.38642e-14 -7.35147e-14            0
    0.891579    0.0298298     0.861079     0.245388     0.894035      37.4181 -9.51621e-14 -1.08587e-14 -6.69484e-14            0
    0.894035    0.0291223     0.863404     0.243043     0.896491      36.8831 -9.90202e-14  -3.5957e-14   -6.082e-14            0
    0.896491    0.0284204     0.865751     0.240683     0.898947      36.3472 -9.78031e-14 -7.59782e-14   -5.914e-14            0
    0.898947    0.0277243      0.86812     0.238307     0.901404      35.8103 -9.64103e-14  3.57231e-15  -7.6143e-14            0
    0.901404    0.0270338     0.870512     0.235915      0.90386      35.2725  -9.2621e-14 -3.99847e-14 -5.31095e-14            0
     0.90386     0.026349     0.872928     0.233506     0.906316      34.7337 -8.98871e-14 -3.43341e-14 -5.02282e-14            0
    0.906316    0.0256699     0.875368     0.231079     0.908772      34.1938 -9.58033e-14 -3.20949e-14  -7.3105e-14            0
    0.908772    0.0249966     0.877834     0.228635     0.911228      33.6528 -8.98054e-14 -1.51069e-14 -4.77246e-14            0
    0.911228    0.0243289     0.880326     0.226173     0.913684      33.1106 -9.18958e-14 -4.20381e-15 -5.22491e-14            0
    0.913684    0.0236671     0.882845     0.223691      0.91614      32.5672 -8.60932e-14 -5.16852e-14 -6.34497e-14            0
     0.91614    0.0230109     0.885392     0.221189     0.918596      32.0225 -9.25266e-14  1.13258e-14 -5.05522e-14            0
    0.918596    0.0223606     0.887969     0.218667     0.921053      31.4764 -8.36023e-14  -1.7698e-14 -4.46721e-14            0
    0.921053    0.0217161     0.890576     0.216124     0.923509      30.9288  -8.0629e-14 -9.39628e-15 -4.80052e-14            0
    0.923509    0.0210773     0.893214     0.213558     0.925965      30.3798  -8.6169e-14 -1.58416e-14 -5.46149e-14            0
    0.925965    0.0204445     0.895885     0.210969     0.928421      29.8292 -8.02303e-14 -1.69071e-14 -4.78071e-14            0
    0.928421    0.0198174     0.898591     0.208357     0.930877      29.2769 -8.43059e-14  4.68616e-14 -4.78492e-14            0
    0.930877    0.0191963     0.901331     0.205719     0.933333      28.7228 -7.04883e-14 -2.94342e-14 -2.52387e-14            0
    0.933333     0.018581     0.904109     0.203056     0.935789      28.1669 -8.38074e-14 -1.96688e-14 -4.57792e-14            0
    0.935789    0.0179717     0.906926     0.200365     0.938246       27.609 -7.20561e-14 -3.25493e-15 -4.59424e-14            0
    0.938246    0.0173683     0.909783     0.197647     0.940702      27.0491 -7.74966e-14 -2.20771e-14 -4.30826e-14            0
    0.940702    0.0167709     0.912682     0.194899     0.943158       26.487 -6.71012e-14  4.27564e-14 -3.66744e-14            0
    0.943158    0.0161796     0.915625      0.19212     0.945614      25.9227 -7.50184e-14  1.73964e-14 -3.39393e-14            0
    0.945614    0.0155942     0.918615     0.189309      0.94807      25.3559 -6.83191e-14  3.90908e-15 -2.27128e-14            0
     0.94807     0.015015     0.921653     0.186464     0.950526      24.7865 -6.86703e-14 -8.87893e-15 -3.94453e-14            0
    0.950526    0.0144419     0.924743     0.183583     0.952982      24.2145 -6.21496e-14  2.89866e-14 -3.01712e-14            0
    0.952982    0.0138749     0.927886     0.180665     0.955439      23.6396 -6.70906e-14 -3.85887e-15 -3.54892e-14            0
    0.955439    0.0133141     0.931087     0.177708     0.957895      23.0617 -6.39361e-14  1.27576e-14 -2.55977e-14            0
    0.957895    0.0127596     0.934347     0.174709     0.960351      22.4806 -5.79463e-14  1.63097e-15 -3.77719e-14            0
    0.960351    0.0122114     0.937671     0.171666     0.962807       21.896 -6.12265e-14  3.29626e-14 -1.74087e-14            0
    0.962807    0.0116696     0.941062     0.168577     0.965263      21.3078 -5.28473e-14   2.7053e-15 -3.10927e-14            0
    0.965263    0.0111341     0.944525     0.165439     0.967719      20.7158 -5.39033e-14  6.21837e-14 -2.90872e-14            0
    0.967719    0.0106051     0.948064     0.162248     0.970175      20.1196 -5.39547e-14 -2.73689e-14 -3.52665e-14            0
    0.970175    0.0100826     0.951684     0.159002     0.972632      19.5189 -4.81298e-14   7.1159e-14   -2.007e-14            0
    0.972632   0.00956678     0.955392     0.155696     0.975088      18.9136 -4.70577e-14 -2.40131e-15 -3.01134e-14            0
    0.975088   0.00905759     0.959194     0.152326     0.977544      18.3031  -4.6612e-14  3.81768e-15 -3.73317e-14            0
    0.977544   0.00855518     0.963096     0.148887         0.98      17.6871 -4.23315e-14  4.66763e-14 -2.91028e-14            0
        0.98   0.00826704     0.963742     0.146861       0.9804      17.3272 -3.90179e-14  2.64134e-14   3.9823e-16            0
      0.9804   0.00819062     0.964324     0.146316     0.980759       17.231   -3.869e-14  1.26356e-13 -4.00558e-14            0
    0.980759   0.00811847     0.964909     0.145799     0.981118      17.1397 -4.61096e-14  -2.3915e-14 -2.67561e-14            0
    0.981118   0.00804645     0.965496      0.14528     0.981478      17.0483  -3.6964e-14 -9.97753e-14 -8.43792e-14            0
    0.981478   0.00797459     0.966085      0.14476     0.981837      16.9568 -4.00646e-14 -1.90593e-14 -1.16285e-14            0
    0.981837   0.00790288     0.966677     0.144238     0.982196      16.8652  -2.8028e-14  1.38969e-13 -7.92644e-14            0
    0.982196   0.00783132     0.967272     0.143714     0.982555      16.7734  -4.5546e-14  5.34387e-14 -4.68204e-14            0
    0.982555    0.0077599     0.967869     0.143188     0.982914      16.6814 -4.84945e-14  2.45686e-15  -1.8911e-14            0
    0.982914   0.00768864     0.968468     0.142661     0.983273      16.5893 -4.15457e-14  2.16039e-14 -3.25708e-14            0
    0.983273   0.00761753     0.969071     0.142132     0.983633      16.4971 -3.70504e-14 -3.78524e-14 -3.53158e-14            0
    0.983633   0.00754656     0.969676     0.141601     0.983992      16.4047 -3.54069e-14 -1.05673e-13 -4.86182e-14            0
    0.983992   0.00747575     0.970283     0.141068     0.984351      16.3122 -3.77844e-14  2.22166e-13 -2.83787e-14            0
    0.984351   0.00740509     0.970893     0.140533      0.98471      16.2195 -4.38243e-14  9.49246e-14 -2.62578e-14            0
     0.98471   0.00733458     0.971506     0.139996     0.985069      16.1267 -3.35172e-14 -6.36292e-14  -7.2855e-14            0
    0.985069   0.00726423     0.972122     0.139457     0.985429      16.0337 -3.93813e-14  6.78609e-14 -2.88758e-14            0
    0.985429   0.00719402     0.972741     0.138917     0.985788      15.9405 -3.34698e-14 -4.74491e-14 -7.61208e-14            0
    0.985788   0.00712397     0.973362     0.138374     0.986147      15.8472 -2.77265e-14  -1.1756e-13  -1.8512e-14            0
    0.986147   0.00705408     0.973987     0.137829     0.986506      15.7537  -3.4783e-14  1.13691e-13 -8.68602e-14            0
    0.986506   0.00698433     0.974614     0.137282     0.986865      15.6601 -3.99235e-14  4.27298e-14 -1.00758e-14            0
    0.986865   0.00691474     0.975244     0.136734     0.987224      15.5663 -3.92315e-14  4.50078e-14 -2.40111e-14            0
    0.987224   0.00684531     0.975877     0.136183     0.987584      15.4723 -3.24726e-14  9.04317e-14 -1.05283e-13            0
    0.987584   0.00677603     0.976514      0.13563     0.987943      15.3782 -2.45072e-14 -7.08085e-14 -2.28497e-14            0
    0.987943    0.0067069     0.977153     0.135075     0.988302      15.2838 -2.80995e-14  4.44281e-14 -1.88696e-14            0
    0.988302   0.00663793     0.977795     0.134517     0.988661      15.1893 -4.17525e-14 -1.30223e-13 -5.90978e-14            0
    0.988661   0.00656912     0.978441     0.133958      0.98902      15.0947  -2.2503e-14  1.11743e-13 -6.60024e-14            0
     0.98902   0.00650046      0.97909     0.133396      0.98938      14.9998  -4.3922e-14 -3.19752e-14 -7.59234e-14            0
     0.98938   0.00643196     0.979742     0.132832     0.989739      14.9048   -3.272e-14 -8.49194e-14 -6.01084e-14            0
    0.989739   0.00636362     0.980398     0.132265     0.990098      14.8096 -3.06093e-14  5.22333e-14 -5.94798e-14            0
    0.990098   0.00629543     0.981056     0.131697     0.990457      14.7141 -2.03209e-14  9.13612e-14 -8.14446e-14            0
    0.990457   0.00622741     0.981719     0.131126     0.990816      14.6185 -3.67431e-14 -2.57231e-14 -4.78297e-14            0
    0.990816   0.00615954     0.982385     0.130552     0.991176      14.5227  -3.6229e-14  1.51414e-13 -6.68279e-14            0
    0.991176   0.00609183     0.983054     0.129976     0.991535      14.4267 -2.38754e-14 -4.69691e-14 -3.43015e-14            0
    0.991535   0.00602428     0.983727     0.129398     0.991894      14.3306 -3.01666e-14 -2.78824e-14 -1.37731e-13            0
    0.991894   0.00595689     0.984403     0.128817     0.992253      14.2342 -2.98355e-14 -1.23358e-13 -7.35805e-14            0
    0.992253   0.00588967     0.985083     0.128233     0.992612      14.1375 -2.32387e-14  -4.1644e-14 -9.06432e-15            0
    0.992612    0.0058226     0.985767     0.127647     0.992971      14.0407 -2.55231e-14  1.26253e-13 -6.96116e-14            0
    0.992971   0.00575569     0.986455     0.127059     0.993331      13.9437 -3.39105e-14 -1.83748e-14 -1.04861e-13            0
    0.993331   0.00568895     0.987146     0.126467      0.99369      13.8465 -2.13731e-14  6.56878e-14 -5.56577e-14            0
     0.99369   0.00562237     0.987842     0.125873     0.994049       13.749 -2.85675e-14 -1.19367e-14 -1.17339e-13            0
    0.994049   0.00555596     0.988541     0.125276     0.994408      13.6513 -2.18877e-14 -8.80426e-14 -9.05752e-14            0
    0.994408    0.0054897     0.989245     0.124676     0.994767      13.5534 -3.13753e-14  4.43359e-14 -8.67275e-14            0
    0.994767   0.00542361     0.989952     0.124074     0.995127      13.4553 -1.82966e-14  5.27762e-14 -1.02786e-13            0
    0.995127   0.00535769     0.990664     0.123468     0.995486      13.3569 -2.14342e-14 -6.48149e-14 -7.62706e-14            0
    0.995486   0.00529193      0.99138      0.12286     0.995845      13.2583   -2.934e-14 -7.87248e-14 -1.28563e-13            0
    0.995845   0.00522634     0.992101     0.122249     0.996204      13.1595 -2.77576e-14  1.05272e-13 -1.00928e-13            0
    0.996204   0.00516092     0.992826     0.121634     0.996563      13.0604 -2.61674e-14 -1.45785e-14 -1.37992e-13            0
    0.996563   0.00509566     0.993555     0.121017     0.996922      12.9611 -1.35339e-14 -1.80845e-15 -1.21744e-13            0
    0.996922   0.00503057     0.994289     0.120396     0.997282      12.8615 -1.71178e-14 -1.00894e-13 -1.57609e-13            0
    0.997282   0.00496565     0.995027     0.119772     0.997641      12.7616 -2.76275e-14 -1.55706e-13 -1.81508e-13            0
    0.997641    0.0049009     0.995771     0.119145        0.998      12.6615  3.58762e-15  7.26292e-14 -1.90492e-13            0
       0.998   0.00486501     0.995854     0.118795      0.99804      12.6058 -1.54799e-13  4.04065e-13 -2.96097e-13            0
     0.99804   0.00485782     0.995937     0.118725      0.99808      12.5946  3.52348e-14 -5.01674e-13 -2.93608e-13            0
     0.99808   0.00485063      0.99602     0.118654      0.99812      12.5834  2.07463e-14 -2.69993e-13 -1.41033e-13            0
     0.99812   0.00484345     0.996103     0.118584      0.99816      12.5722  3.90287e-14  2.24466e-13 -2.43965e-13            0
     0.99816   0.00483626     0.996187     0.118514       0.9982      12.5611 -1.20895e-13  1.12133e-12 -3.30609e-13            0
      0.9982   0.00482908      0.99627     0.118443      0.99824      12.5499  9.43848e-14 -1.37956e-12 -2.78484e-13            0
     0.99824    0.0048219     0.996353     0.118373      0.99828      12.5387 -1.50116e-13 -4.55806e-13 -3.04843e-13            0
     0.99828   0.00481472     0.996437     0.118302      0.99832      12.5275  4.58036e-14  1.72437e-13 -4.22221e-13            0
     0.99832   0.00480755      0.99652     0.118232      0.99836      12.5163  5.86885e-14 -1.11951e-13 -1.35921e-13            0
     0.99836   0.00480038     0.996604     0.118161       0.9984       12.505 -6.00052e-14  6.44121e-13 -2.55561e-13            0
      0.9984   0.00479321     0.996688      0.11809      0.99844      12.4938  3.50921e-14 -4.14173e-13 -3.59526e-13            0
     0.99844   0.00478604     0.996771      0.11802      0.99848      12.4826 -5.69677e-14 -9.99204e-15 -4.53018e-13            0
     0.99848   0.00477887     0.996855     0.117949      0.99852      12.4714 -1.15033e-13 -3.25535e-15 -4.20761e-13            0
     0.99852   0.00477171     0.996939     0.117878      0.99856      12.4602 -1.88034e-14  4.32355e-13 -3.87778e-13            0
     0.99856   0.00476454     0.997023     0.117807       0.9986       12.449   1.1593e-14  1.01471e-12 -4.38807e-13            0
      0.9986   0.00475738     0.997107     0.117737      0.99864      12.4377 -1.86962e-14 -1.77955e-12 -4.83657e-13            0
     0.99864   0.00475022     0.997191     0.117666      0.99868      12.4265  2.85261e-14  1.14132e-12 -4.52986e-13            0
     0.99868   0.00474307     0.997275     0.117595      0.99872      12.4153 -6.55941e-14 -1.11588e-12 -7.23841e-13            0
     0.99872   0.00473591     0.997359     0.117524      0.99876       12.404 -7.95891e-14  4.65374e-13 -5.08919e-13            0
     0.99876   0.00472876     0.997444     0.117453       0.9988      12.3928 -2.04956e-14 -8.45152e-13 -6.63079e-13            0
      0.9988   0.00472161     0.997528     0.117382      0.99884      12.3815  2.06202e-14  4.09157e-13 -4.44261e-13            0
     0.99884   0.00471447     0.997612     0.117311      0.99888      12.3703  3.28362e-14  2.51643e-13 -8.99216e-13            0
     0.99888   0.00470732     0.997697     0.117239      0.99892       12.359 -5.22927e-14  9.50599e-13 -7.81407e-13            0
     0.99892   0.00470018     0.997781     0.117168      0.99896      12.3478  6.10856e-14 -1.22069e-12 -7.57148e-13            0
     0.99896   0.00469304     0.997866     0.117097        0.999      12.3365  -1.5887e-13  1.17406e-12 -1.26526e-12            0
       0.999    0.0046859      0.99795     0.117026      0.99904      12.3252  9.64899e-14 -1.23154e-12 -1.05624e-12            0
     0.99904   0.00467876     0.998035     0.116954      0.99908       12.314 -2.37439e-16  1.35492e-12 -1.14028e-12            0
     0.99908   0.00467162      0.99812     0.116883      0.99912      12.3027 -1.02961e-13  -1.3115e-12 -1.50071e-12            0
     0.99912   0.00466449     0.998204     0.116812      0.99916      12.2914  1.31857e-14 -7.13756e-13 -1.41045e-12            0
     0.99916   0.00465736     0.998289      0.11674       0.9992      12.2802 -8.32971e-14 -1.23302e-13 -1.91128e-12            0
      0.9992   0.00465023     0.998374     0.116669      0.99924      12.2689  3.05475e-14  9.46014e-13  -2.1679e-12            0
     0.99924   0.00464311     0.998459     0.116597      0.99928      12.2576  4.66078e-14 -8.32733e-13 -2.40962e-12            0
     0.99928   0.00463598     0.998544     0.116526      0.99932      12.2463  1.68885e-14  2.81726e-13 -2.89186e-12            0
     0.99932   0.00462886     0.998629     0.116454      0.99936       12.235 -1.02194e-13 -7.79037e-13 -3.37634e-12            0
     0.99936   0.00462174     0.998715     0.116382       0.9994      12.2237  3.09413e-15  5.40291e-13 -4.32125e-12            0
      0.9994   0.00461462       0.9988      0.11631      0.99944      12.2124 -6.46392e-14 -5.93771e-13 -5.01836e-12            0
     0.99944   0.00460751     0.998885     0.116239      0.99948      12.2011  2.60778e-14  9.73911e-13  -6.4351e-12            0
     0.99948   0.00460039      0.99897     0.116167      0.99952      12.1898  1.42935e-14 -7.39885e-13 -7.93945e-12            0
     0.99952   0.00459328     0.999056     0.116095      0.99956      12.1785 -7.32764e-14 -2.60034e-13 -1.03004e-11            0
     0.99956   0.00458617     0.999141     0.116023       0.9996      12.1672  1.83544e-14  8.69785e-13 -1.37876e-11            0
      0.9996   0.00457907     0.999227     0.115951      0.99964      12.1559 -1.08252e-13   6.5702e-13 -1.90177e-11            0
     0.99964   0.00457196     0.999313     0.115879      0.99968      12.1446 -6.20135e-15 -7.26149e-13 -2.71474e-11            0
     0.99968   0.00456486     0.999398     0.115807      0.99972      12.1332  8.58909e-15 -7.73823e-13 -4.04119e-11            0
     0.99972   0.00455776     0.999484     0.115735      0.99976      12.1219  1.26489e-14  2.20223e-13 -6.51283e-11            0
     0.99976   0.00455066      0.99957     0.115663       0.9998      12.1106 -8.09297e-14  1.45034e-12 -1.13805e-10            0
      0.9998   0.00454357     0.999656     0.115591      0.99984      12.0992  3.57011e-14 -1.28202e-12 -2.30282e-10            0
     0.99984   0.00453647     0.999742     0.115519      0.99988      12.0879 -3.61897e-14 -3.22676e-13 -5.84805e-10            0
     0.99988   0.00452938     0.999828     0.115446      0.99992      12.0766 -2.53285e-14  5.44294e-13 -2.41116e-09            0
     0.99992   0.00452229     0.999914     0.115374      0.99996      12.0652 -1.99583e-14  5.01792e-14 -5.54836e-08            0
     0.99996    0.0045152            1     0.115302            1      12.0539  6.45456e-15 -1.60464e-13 -2.39769e-07            0
           1   0.00451166            1     0.115265            1      12.0482  1.92249e-16            0            0            0