           0            1    0.0914717            1   0.00245614      2239.84          0.5 -2.07823e-11 -1.87168e-11 -2.07847e-11            0
  0.00245614     0.981845     0.115424     0.990881   0.00491228      2219.41          0.5 -2.07921e-11 -1.87159e-11 -2.07969e-11            0
  0.00491228     0.967523     0.132303     0.983627   0.00736842      2203.16          0.5 -2.07796e-11 -1.87143e-11 -2.07941e-11            0
  0.00736842     0.955078     0.145794     0.977281   0.00982456      2188.95          0.5  -2.0791e-11 -1.87172e-11 -2.07776e-11            0
  0.00982456     0.943826     0.157228     0.971507    0.0122807      2176.02          0.5 -2.07832e-11 -1.87149e-11 -2.08055e-11            0
   0.0122807     0.933427     0.167256      0.96614    0.0147368         2164          0.5 -2.07793e-11 -1.87166e-11 -2.07909e-11            0
   0.0147368     0.923682     0.176253     0.961083     0.017193      2152.67          0.5 -2.07874e-11 -1.87168e-11 -2.08081e-11            0
    0.017193     0.914463     0.184453     0.956275    0.0196491       2141.9          0.5 -2.07809e-11 -1.87163e-11 -2.07887e-11            0
   0.0196491     0.905679     0.192018     0.951671    0.0221053      2131.59          0.5 -2.07963e-11 -1.87172e-11 -2.07948e-11            0
   0.0221053     0.897264     0.199061      0.94724    0.0245614      2121.66          0.5 -2.07758e-11 -1.87178e-11 -2.08116e-11            0
   0.0245614     0.889169     0.205667     0.942957    0.0270175      2112.07          0.5 -2.07988e-11 -1.87118e-11 -2.07793e-11            0
   0.0270175     0.881355       0.2119     0.938805    0.0294737      2102.77          0.5 -2.07738e-11 -1.87199e-11 -2.07741e-11            0
   0.0294737      0.87379     0.217812     0.934767    0.0319298      2093.73          0.5 -2.07867e-11 -1.87106e-11 -2.08277e-11            0
   0.0319298     0.866449     0.223442     0.930832     0.034386      2084.91          0.5 -2.07891e-11 -1.87152e-11 -2.07668e-11            0
    0.034386     0.859311     0.228824     0.926989    0.0368421      2076.31          0.5 -2.07882e-11 -1.87191e-11 -2.07825e-11            0
   0.0368421     0.852357     0.233984     0.923231    0.0392982      2067.89          0.5 -2.07887e-11 -1.87095e-11  -2.0807e-11            0
   0.0392982     0.845572     0.238946     0.919549    0.0417544      2059.64          0.5 -2.07684e-11 -1.87155e-11 -2.07996e-11            0
   0.0417544     0.838944     0.243728     0.915938    0.0442105      2051.55          0.5 -2.07799e-11 -1.87147e-11 -2.07781e-11            0
   0.0442105     0.832461     0.248347     0.912392    0.0466667      2043.61          0.5 -2.07955e-11 -1.87141e-11 -2.08088e-11            0
   0.0466667     0.826112     0.252817     0.908906    0.0491228       2035.8          0.5 -2.07839e-11 -1.87188e-11  -2.0787e-11            0
   0.0491228      0.81989      0.25715     0.905477    0.0515789      2028.12          0.5 -2.07798e-11 -1.87068e-11  -2.0786e-11            0
   0.0515789     0.813786     0.261357       0.9021    0.0540351      2020.56          0.5 -2.07931e-11 -1.87128e-11 -2.07797e-11            0
   0.0540351     0.807793     0.265449     0.898772    0.0564912      2013.11          0.5   -2.079e-11 -1.87243e-11  -2.0823e-11            0
   0.0564912     0.801905     0.269432     0.895491    0.0589474      2005.76          0.5  -2.0781e-11 -1.87189e-11 -2.08019e-11            0
   0.0589474     0.796117     0.273314     0.892253    0.0614035       1998.5          0.5 -2.07749e-11 -1.87085e-11 -2.07716e-11            0
   0.0614035     0.790423     0.277103     0.889056    0.0638596      1991.34          0.5 -2.07862e-11 -1.87163e-11 -2.08005e-11            0
   0.0638596     0.784818     0.280803     0.885899    0.0663158      1984.27          0.5 -2.07802e-11 -1.87166e-11 -2.08038e-11            0
   0.0663158     0.779298     0.284422     0.882778    0.0687719      1977.28          0.5 -2.07999e-11 -1.87013e-11 -2.08131e-11            0
   0.0687719      0.77386     0.287962     0.879692    0.0712281      1970.37          0.5 -2.07868e-11 -1.87305e-11 -2.07623e-11            0
   0.0712281       0.7685      0.29143      0.87664    0.0736842      1963.53          0.5 -2.07839e-11 -1.87146e-11 -2.07967e-11            0
   0.0736842     0.763214     0.294828      0.87362    0.0761404      1956.77          0.5  -2.0764e-11 -1.86958e-11 -2.07905e-11            0
   0.0761404     0.757999     0.298162     0.870631    0.0785965      1950.07          0.5 -2.07849e-11 -1.87192e-11 -2.07833e-11            0
   0.0785965     0.752853     0.301433      0.86767    0.0810526      1943.44          0.5  -2.0788e-11 -1.87242e-11 -2.07669e-11            0
   0.0810526     0.747772     0.304645     0.864737    0.0835088      1936.87          0.5 -2.07762e-11 -1.87095e-11 -2.08379e-11            0
   0.0835088     0.742755     0.307802     0.861832    0.0859649      1930.36          0.5 -2.07893e-11 -1.87123e-11 -2.07717e-11            0
   0.0859649     0.737799     0.310906     0.858952    0.0884211      1923.91          0.5 -2.07854e-11 -1.87141e-11 -2.08176e-11            0
   0.0884211     0.732902     0.313959     0.856096    0.0908772      1917.52          0.5 -2.07784e-11  -1.8724e-11 -2.07794e-11            0
   0.0908772     0.728062     0.316963     0.853265    0.0933333      1911.18          0.5 -2.07912e-11 -1.87135e-11 -2.07781e-11            0
   0.0933333     0.723277     0.319921     0.850456    0.0957895      1904.89          0.5 -2.07811e-11 -1.87055e-11 -2.07849e-11            0
   0.0957895     0.718545     0.322835      0.84767    0.0982456      1898.64          0.5 -2.07945e-11 -1.87169e-11 -2.08086e-11            0
   0.0982456     0.713865     0.325707     0.844904     0.100702      1892.45          0.5 -2.07924e-11 -1.87275e-11 -2.08118e-11            0
    0.100702     0.709234     0.328537      0.84216     0.103158       1886.3          0.5 -2.07595e-11 -1.86957e-11 -2.07824e-11            0
    0.103158     0.704652     0.331329     0.839435     0.105614       1880.2          0.5 -2.07833e-11 -1.87257e-11 -2.07663e-11            0
    0.105614     0.700117     0.334084     0.836729      0.10807      1874.14          0.5 -2.07814e-11 -1.86844e-11 -2.08282e-11            0
     0.10807     0.695628     0.336802     0.834042     0.110526      1868.12          0.5 -2.07865e-11 -1.87162e-11 -2.07383e-11            0
    0.110526     0.691183     0.339486     0.831373     0.112982      1862.14          0.5 -2.07897e-11 -1.87176e-11 -2.08345e-11            0
    0.112982     0.686781     0.342136     0.828722     0.115439       1856.2          0.5 -2.07762e-11 -1.87198e-11 -2.07914e-11            0
    0.115439     0.682422     0.344754     0.826087     0.117895       1850.3          0.5 -2.07778e-11 -1.87284e-11 -2.07727e-11            0
    0.117895     0.678103     0.347341     0.823469     0.120351      1844.44          0.5 -2.07847e-11  -1.8708e-11 -2.08058e-11            0
    0.120351     0.673824     0.349899     0.820867     0.122807      1838.61          0.5 -2.07965e-11 -1.87163e-11 -2.07951e-11            0
    0.122807     0.669585     0.352427     0.818281     0.125263      1832.82          0.5 -2.07691e-11 -1.87014e-11 -2.07654e-11            0
    0.125263     0.665383     0.354927     0.815709     0.127719      1827.06          0.5 -2.07749e-11 -1.87201e-11 -2.08386e-11            0
    0.127719     0.661218       0.3574     0.813152     0.130175      1821.33          0.5 -2.07893e-11 -1.87069e-11 -2.07448e-11            0
    0.130175     0.657089     0.359847      0.81061     0.132632      1815.64          0.5 -2.07941e-11 -1.87043e-11 -2.08319e-11            0
    0.132632     0.652996     0.362269     0.808081     0.135088      1809.97          0.5 -2.07808e-11 -1.87208e-11 -2.07499e-11            0
    0.135088     0.648938     0.364666     0.805566     0.137544      1804.34          0.5 -2.07538e-11 -1.87194e-11 -2.07952e-11            0
    0.137544     0.644913      0.36704     0.803064         0.14      1798.73          0.5 -2.08219e-11 -1.87177e-11 -2.07717e-11            0
        0.14     0.640921      0.36939     0.800574     0.142456      1793.16          0.5 -2.07807e-11  -1.8711e-11  -2.0804e-11            0
    0.142456     0.636961     0.371718     0.798098     0.144912      1787.61          0.5 -2.07639e-11 -1.87084e-11 -2.08135e-11            0
    0.144912     0.633034     0.374024     0.795633     0.147368      1782.09          0.5 -2.07844e-11 -1.87257e-11 -2.07632e-11            0
    0.147368     0.629137     0.376309     0.793181     0.149825       1776.6          0.5   -2.079e-11 -1.86999e-11 -2.08038e-11            0
    0.149825     0.625271     0.378574      0.79074     0.152281      1771.13          0.5 -2.07754e-11 -1.87117e-11 -2.07889e-11            0
    0.152281     0.621434     0.380819      0.78831     0.154737      1765.69          0.5 -2.07744e-11 -1.87133e-11 -2.08051e-11            0
    0.154737     0.617627     0.383044     0.785892     0.157193      1760.27          0.5 -2.08048e-11 -1.87093e-11 -2.07746e-11            0
    0.157193     0.613848     0.385251     0.783484     0.159649      1754.88          0.5  -2.0778e-11 -1.86966e-11 -2.08042e-11            0
    0.159649     0.610098     0.387439     0.781087     0.162105      1749.51          0.5 -2.07676e-11 -1.87306e-11  -2.0797e-11            0
    0.162105     0.606375     0.389609       0.7787     0.164561      1744.16          0.5 -2.07725e-11 -1.87051e-11 -2.07662e-11            0
    0.164561     0.602679     0.391762     0.776323     0.167018      1738.84          0.5 -2.08018e-11 -1.87213e-11 -2.08085e-11            0
    0.167018      0.59901     0.393898     0.773957     0.169474      1733.54          0.5 -2.07768e-11 -1.86912e-11 -2.07547e-11            0
    0.169474     0.595367     0.396018     0.771599      0.17193      1728.26          0.5 -2.07918e-11 -1.87436e-11 -2.08419e-11            0
     0.17193      0.59175     0.398121     0.769252     0.174386         1723          0.5 -2.07728e-11 -1.86769e-11 -2.07346e-11            0
    0.174386     0.588158     0.400209     0.766914     0.176842      1717.76          0.5 -2.07768e-11 -1.87223e-11 -2.08004e-11            0
    0.176842     0.584591     0.402282     0.764584     0.179298      1712.55          0.5 -2.07603e-11 -1.87003e-11 -2.07966e-11            0
    0.179298     0.581048     0.404339     0.762264     0.181754      1707.35          0.5 -2.08049e-11  -1.8752e-11  -2.0802e-11            0
    0.181754     0.577529     0.406382     0.759952     0.184211      1702.17          0.5 -2.07839e-11 -1.86755e-11 -2.07882e-11            0
    0.184211     0.574034     0.408411     0.757649     0.186667      1697.01          0.5 -2.07689e-11 -1.87241e-11 -2.07712e-11            0
    0.186667     0.570562     0.410426     0.755355     0.189123      1691.87          0.5 -2.08187e-11 -1.87153e-11  -2.0823e-11            0
    0.189123     0.567113     0.412427     0.753068     0.191579      1686.75          0.5 -2.07584e-11 -1.87199e-11 -2.07701e-11            0
    0.191579     0.563686     0.414415      0.75079     0.194035      1681.65          0.5 -2.07825e-11 -1.87139e-11 -2.07742e-11            0
    0.194035     0.560282      0.41639     0.748519     0.196491      1676.56          0.5 -2.07696e-11 -1.87006e-11 -2.08199e-11            0
    0.196491       0.5569     0.418353     0.746256     0.198947       1671.5          0.5 -2.07901e-11 -1.87081e-11 -2.07667e-11            0
    0.198947     0.553539     0.420303     0.744001     0.201404      1666.44          0.5 -2.07786e-11 -1.86992e-11 -2.07776e-11            0
    0.201404     0.550199     0.422241     0.741753      0.20386      1661.41          0.5 -2.07808e-11 -1.87438e-11 -2.07868e-11            0
     0.20386      0.54688     0.424167     0.739512     0.206316      1656.39          0.5 -2.07753e-11 -1.87205e-11 -2.08339e-11            0
    0.206316     0.543582     0.426082     0.737279     0.208772      1651.39          0.5 -2.07886e-11  -1.8685e-11 -2.07703e-11            0
    0.208772     0.540304     0.427985     0.735053     0.211228       1646.4          0.5 -2.07672e-11 -1.86823e-11 -2.07647e-11            0
    0.211228     0.537046     0.429877     0.732833     0.213684      1641.43          0.5  -2.0793e-11 -1.87283e-11 -2.07982e-11            0
    0.213684     0.533808     0.431758     0.730621      0.21614      1636.47          0.5 -2.07528e-11 -1.87024e-11 -2.07643e-11            0
     0.21614     0.530589     0.433629     0.728415     0.218596      1631.53          0.5 -2.08076e-11 -1.87163e-11 -2.08207e-11            0
    0.218596      0.52739     0.435489     0.726215     0.221053      1626.61          0.5 -2.07793e-11 -1.87104e-11 -2.08182e-11            0
    0.221053      0.52421     0.437339     0.724022     0.223509       1621.7          0.5 -2.07899e-11 -1.87232e-11 -2.07744e-11            0
    0.223509     0.521048     0.439179     0.721836     0.225965       1616.8          0.5 -2.07711e-11 -1.87135e-11 -2.07742e-11            0
    0.225965     0.517905      0.44101     0.719655     0.228421      1611.91          0.5 -2.08105e-11 -1.87076e-11 -2.08037e-11            0
    0.228421      0.51478      0.44283     0.717481     0.230877      1607.04          0.5 -2.07606e-11  -1.8696e-11 -2.07954e-11            0
    0.230877     0.511673     0.444642     0.715312     0.233333      1602.19          0.5 -2.07953e-11 -1.87284e-11 -2.07491e-11            0
    0.233333     0.508584     0.446444      0.71315     0.235789      1597.34          0.5 -2.07605e-11 -1.87197e-11 -2.08171e-11            0
    0.235789     0.505513     0.448237     0.710993     0.238246      1592.51          0.5 -2.07959e-11 -1.87038e-11 -2.07959e-11            0
    0.238246     0.502458     0.450021     0.708842     0.240702      1587.69          0.5 -2.07466e-11 -1.86934e-11  -2.0744e-11            0
    0.240702     0.499422     0.451796     0.706697     0.243158      1582.89          0.5 -2.07824e-11 -1.87173e-11 -2.08086e-11            0
    0.243158     0.496401     0.453564     0.704557     0.245614       1578.1          0.5 -2.07807e-11 -1.87259e-11 -2.07661e-11            0
    0.245614     0.493398     0.455322     0.702422      0.24807      1573.31          0.5 -2.07973e-11 -1.87243e-11 -2.08073e-11            0
     0.24807     0.490412     0.457073     0.700293     0.250526      1568.55          0.5 -2.07717e-11 -1.87149e-11 -2.07597e-11            0
    0.250526     0.487441     0.458815     0.698169     0.252982      1563.79          0.5 -2.07923e-11 -1.86797e-11  -2.0812e-11            0
    0.252982     0.484487      0.46055      0.69605     0.255439      1559.04          0.5 -2.07563e-11 -1.87061e-11 -2.07775e-11            0
    0.255439     0.481549     0.462276     0.693936     0.257895      1554.31          0.5 -2.07832e-11 -1.87086e-11 -2.07986e-11            0
    0.257895     0.478627     0.463996     0.691827     0.260351      1549.58          0.5  -2.0774e-11 -1.87041e-11  -2.0767e-11            0
    0.260351      0.47572     0.465707     0.689724     0.262807      1544.87          0.5 -2.07962e-11 -1.87117e-11 -2.07845e-11            0
    0.262807     0.472829     0.467412     0.687624     0.265263      1540.17          0.5 -2.07792e-11 -1.87165e-11 -2.08063e-11            0
    0.265263     0.469953     0.469109      0.68553     0.267719      1535.48          0.5 -2.07765e-11 -1.87238e-11 -2.08166e-11            0
    0.267719     0.467092     0.470799      0.68344     0.270175       1530.8          0.5 -2.07797e-11 -1.86989e-11  -2.0769e-11            0
    0.270175     0.464246     0.472482     0.681355     0.272632      1526.13          0.5 -2.07804e-11 -1.87264e-11 -2.07695e-11            0
    0.272632     0.461415     0.474159     0.679275     0.275088      1521.47          0.5 -2.07795e-11 -1.87154e-11 -2.07643e-11            0
    0.275088     0.458599     0.475828     0.677199     0.277544      1516.82          0.5 -2.07698e-11 -1.86814e-11  -2.0845e-11            0
    0.277544     0.455798     0.477492     0.675127         0.28      1512.18          0.5 -2.07901e-11 -1.87337e-11  -2.0747e-11            0
        0.28      0.45301     0.479148     0.673059     0.282456      1507.55          0.5 -2.07683e-11  -1.8704e-11 -2.08455e-11            0
    0.282456     0.450237     0.480799     0.670996     0.284912      1502.93          0.5  -2.0776e-11 -1.86915e-11 -2.07464e-11            0
    0.284912     0.447478     0.482443     0.668937     0.287368      1498.31          0.5 -2.08033e-11 -1.87243e-11 -2.08221e-11            0
    0.287368     0.444733     0.484081     0.666882     0.289825      1493.71          0.5 -2.07661e-11 -1.87129e-11 -2.07441e-11            0
    0.289825     0.442002     0.485713     0.664831     0.292281      1489.12          0.5 -2.07767e-11 -1.86989e-11 -2.08043e-11            0
    0.292281     0.439284     0.487339     0.662784     0.294737      1484.53          0.5 -2.07688e-11 -1.87288e-11 -2.07922e-11            0
    0.294737      0.43658     0.488959     0.660741     0.297193      1479.96          0.5 -2.07723e-11 -1.86878e-11 -2.07841e-11            0
    0.297193      0.43389     0.490574     0.658702     0.299649      1475.39          0.5 -2.07981e-11 -1.87131e-11 -2.07813e-11            0
    0.299649     0.431213     0.492183     0.656667     0.302105      1470.83          0.5 -2.07766e-11 -1.86977e-11 -2.07901e-11            0
    0.302105     0.428549     0.493786     0.654635     0.304561      1466.28          0.5 -2.07797e-11 -1.87363e-11 -2.07752e-11            0
    0.304561     0.425898     0.495384     0.652607     0.307018      1461.74          0.5 -2.07841e-11 -1.86757e-11 -2.07852e-11            0
    0.307018     0.423259     0.496977     0.650583     0.309474       1457.2          0.5 -2.07817e-11 -1.87156e-11 -2.07892e-11            0
    0.309474     0.420634     0.498565     0.648562      0.31193      1452.68          0.5 -2.07774e-11 -1.87069e-11 -2.07715e-11            0
     0.31193     0.418022     0.500147     0.646545     0.314386      1448.16          0.5 -2.07549e-11 -1.87246e-11 -2.07727e-11            0
    0.314386     0.415422     0.501725     0.644531     0.316842      1443.65          0.5 -2.07786e-11 -1.86818e-11 -2.07891e-11            0
    0.316842     0.412834     0.503297     0.642521     0.319298      1439.15          0.5 -2.07798e-11 -1.86967e-11 -2.08287e-11            0
    0.319298     0.410259     0.504864     0.640514     0.321754      1434.65          0.5 -2.07946e-11 -1.87552e-11 -2.07862e-11            0
    0.321754     0.407696     0.506427      0.63851     0.324211      1430.16          0.5 -2.07772e-11 -1.86867e-11  -2.0756e-11            0
    0.324211     0.405146     0.507985      0.63651     0.326667      1425.68          0.5 -2.07708e-11 -1.86684e-11 -2.07842e-11            0
    0.326667     0.402607     0.509538     0.634512     0.329123      1421.21          0.5 -2.07823e-11  -1.8743e-11 -2.07846e-11            0
    0.329123      0.40008     0.511087     0.632518     0.331579      1416.74          0.5 -2.07735e-11 -1.86886e-11 -2.07557e-11            0
    0.331579     0.397566     0.512632     0.630527     0.334035      1412.28          0.5 -2.07769e-11 -1.87009e-11 -2.08558e-11            0
    0.334035     0.395063     0.514171     0.628539     0.336491      1407.83          0.5 -2.07713e-11  -1.8778e-11 -2.07192e-11            0
    0.336491     0.392571     0.515707     0.626554     0.338947      1403.38          0.5 -2.07909e-11 -1.86248e-11 -2.08303e-11            0
    0.338947     0.390092     0.517238     0.624572     0.341404      1398.94          0.5 -2.07676e-11  -1.8749e-11 -2.07847e-11            0
    0.341404     0.387623     0.518765     0.622593      0.34386      1394.51          0.5 -2.07805e-11 -1.86933e-11  -2.0738e-11            0
     0.34386     0.385166     0.520288     0.620617     0.346316      1390.08          0.5 -2.07958e-11 -1.87229e-11 -2.07977e-11            0
    0.346316     0.382721     0.521807     0.618643     0.348772      1385.66          0.5 -2.07676e-11 -1.87554e-11 -2.07691e-11            0
    0.348772     0.380286     0.523322     0.616673     0.351228      1381.25          0.5 -2.07801e-11 -1.86396e-11 -2.08195e-11            0
    0.351228     0.377863     0.524833     0.614705     0.353684      1376.84          0.5 -2.07773e-11 -1.87172e-11 -2.08005e-11            0
    0.353684     0.375451     0.526341     0.612739      0.35614      1372.44          0.5 -2.07776e-11 -1.87528e-11 -2.07851e-11            0
     0.35614      0.37305     0.527844     0.610777     0.358596      1368.04          0.5 -2.07846e-11 -1.86869e-11 -2.07616e-11            0
    0.358596     0.370659     0.529344     0.608817     0.361053      1363.65          0.5 -2.07677e-11 -1.87168e-11 -2.07949e-11            0
    0.361053     0.368279      0.53084     0.606859     0.363509      1359.27          0.5 -2.07901e-11 -1.86772e-11 -2.08119e-11            0
    0.363509      0.36591     0.532332     0.604904     0.365965      1354.89          0.5 -2.07647e-11 -1.86799e-11 -2.07406e-11            0
    0.365965     0.363552     0.533821     0.602952     0.368421      1350.52          0.5 -2.07785e-11 -1.86697e-11  -2.0801e-11            0
    0.368421     0.361204     0.535307     0.601002     0.370877      1346.15          0.5 -2.07574e-11 -1.88014e-11 -2.07441e-11            0
    0.370877     0.358867     0.536789     0.599054     0.373333      1341.79          0.5 -2.07813e-11 -1.86502e-11 -2.08026e-11            0
    0.373333      0.35654     0.538267     0.597109     0.375789      1337.43          0.5 -2.07796e-11 -1.87075e-11 -2.07959e-11            0
    0.375789     0.354224     0.539743     0.595166     0.378246      1333.08          0.5 -2.07856e-11 -1.87699e-11 -2.08011e-11            0
    0.378246     0.351917     0.541215     0.593225     0.380702      1328.73          0.5 -2.07777e-11 -1.86519e-11  -2.0771e-11            0
    0.380702     0.349621     0.542684     0.591287     0.383158      1324.39          0.5 -2.07724e-11 -1.86913e-11 -2.07837e-11            0
    0.383158     0.347335      0.54415      0.58935     0.385614      1320.05          0.5 -2.07643e-11 -1.86957e-11 -2.08255e-11            0
    0.385614     0.345059     0.545613     0.587416      0.38807      1315.72          0.5 -2.07726e-11 -1.87414e-11 -2.07123e-11            0
     0.38807     0.342793     0.547072     0.585484     0.390526      1311.39          0.5 -2.08074e-11 -1.86781e-11 -2.07736e-11            0
    0.390526     0.340537     0.548529     0.583554     0.392982      1307.07          0.5 -2.07362e-11 -1.87562e-11 -2.08195e-11            0
    0.392982     0.338291     0.549983     0.581627     0.395439      1302.75          0.5  -2.0794e-11 -1.86797e-11 -2.07437e-11            0
    0.395439     0.336054     0.551434     0.579701     0.397895      1298.44          0.5 -2.07862e-11 -1.86867e-11 -2.08099e-11            0
    0.397895     0.333827     0.552882     0.577777     0.400351      1294.13          0.5   -2.077e-11 -1.87061e-11 -2.07887e-11            0
    0.400351      0.33161     0.554328     0.575855     0.402807      1289.83          0.5 -2.07888e-11 -1.87796e-11 -2.07439e-11            0
    0.402807     0.329403     0.555771     0.573935     0.405263      1285.52          0.5 -2.07584e-11 -1.85851e-11 -2.07895e-11            0
    0.405263     0.327205     0.557211     0.572017     0.407719      1281.23          0.5 -2.07656e-11 -1.87847e-11 -2.08491e-11            0
    0.407719     0.325016     0.558649     0.570101     0.410175      1276.94          0.5 -2.07934e-11  -1.8678e-11  -2.0759e-11            0
    0.410175     0.322837     0.560084     0.568186     0.412632      1272.65          0.5 -2.07709e-11 -1.87561e-11 -2.07731e-11            0
    0.412632     0.320667     0.561516     0.566273     0.415088      1268.36          0.5 -2.08002e-11 -1.86253e-11 -2.07872e-11            0
    0.415088     0.318506     0.562946     0.564362     0.417544      1264.08          0.5 -2.07607e-11 -1.87129e-11 -2.07594e-11            0
    0.417544     0.316355     0.564374     0.562453         0.42      1259.81          0.5 -2.07734e-11 -1.87087e-11  -2.0798e-11            0
        0.42     0.314212     0.565799     0.560545     0.422456      1255.53          0.5 -2.07599e-11 -1.87039e-11  -2.0778e-11            0
    0.422456     0.312079     0.567222     0.558639     0.424912      1251.27          0.5  -2.0799e-11 -1.87382e-11 -2.08289e-11            0
    0.424912     0.309955     0.568643     0.556735     0.427368         1247          0.5 -2.07564e-11 -1.87371e-11 -2.07457e-11            0
    0.427368      0.30784     0.570061     0.554832     0.429825      1242.74          0.5 -2.07765e-11 -1.86931e-11 -2.07922e-11            0
    0.429825     0.305734     0.571477     0.552931     0.432281      1238.48          0.5 -2.07652e-11 -1.86802e-11 -2.07294e-11            0
    0.432281     0.303636     0.572891     0.551031     0.434737      1234.22          0.5 -2.08047e-11 -1.87299e-11 -2.08356e-11            0
    0.434737     0.301548     0.574303     0.549133     0.437193      1229.97          0.5 -2.07599e-11  -1.8703e-11 -2.07479e-11            0
    0.437193     0.299468     0.575713     0.547236     0.439649      1225.72          0.5 -2.07739e-11 -1.86426e-11 -2.08068e-11            0
    0.439649     0.297397     0.577121      0.54534     0.442105      1221.48          0.5 -2.07949e-11  -1.8703e-11 -2.07295e-11            0
    0.442105     0.295335     0.578527     0.543446     0.444561      1217.24          0.5 -2.07448e-11 -1.87172e-11 -2.08161e-11            0
    0.444561     0.293281     0.579932     0.541553     0.447018         1213          0.5   -2.079e-11 -1.87462e-11 -2.07801e-11            0
    0.447018     0.291236     0.581334     0.539662     0.449474      1208.76          0.5 -2.07698e-11 -1.87324e-11 -2.07592e-11            0
    0.449474       0.2892     0.582734     0.537772      0.45193      1204.53          0.5  -2.0791e-11  -1.8666e-11  -2.0822e-11            0
     0.45193     0.287172     0.584133     0.535883     0.454386      1200.29          0.5 -2.07593e-11 -1.86863e-11 -2.07487e-11            0
    0.454386     0.285152     0.585529     0.533995     0.456842      1196.07          0.5 -2.07752e-11 -1.87056e-11 -2.07809e-11            0
    0.456842     0.283141     0.586925     0.532109     0.459298      1191.84          0.5 -2.07658e-11 -1.87553e-11 -2.07786e-11            0
    0.459298     0.281138     0.588318     0.530223     0.461754      1187.62          0.5 -2.08122e-11 -1.86333e-11  -2.0806e-11            0
    0.461754     0.279143      0.58971     0.528339     0.464211       1183.4          0.5 -2.07293e-11 -1.87464e-11 -2.07474e-11            0
    0.464211     0.277157       0.5911     0.526456     0.466667      1179.18          0.5  -2.0807e-11 -1.86782e-11 -2.07797e-11            0
    0.466667     0.275179     0.592489     0.524574     0.469123      1174.96          0.5 -2.07435e-11 -1.86716e-11  -2.0767e-11            0
    0.469123     0.273209     0.593876     0.522693     0.471579      1170.75          0.5 -2.07794e-11  -1.8782e-11 -2.08654e-11            0
    0.471579     0.271247     0.595261     0.520813     0.474035      1166.54          0.5 -2.08039e-11 -1.86455e-11 -2.07107e-11            0
    0.474035     0.269293     0.596646     0.518934     0.476491      1162.33          0.5 -2.07511e-11 -1.86626e-11 -2.07875e-11            0
    0.476491     0.267348     0.598028     0.517055     0.478947      1158.12          0.5  -2.0792e-11 -1.87584e-11 -2.08217e-11            0
    0.478947      0.26541      0.59941     0.515178     0.481404      1153.92          0.5  -2.0757e-11 -1.86481e-11 -2.07641e-11            0
    0.481404      0.26348      0.60079     0.513302      0.48386      1149.72          0.5 -2.07646e-11 -1.88045e-11  -2.0774e-11            0
     0.48386     0.261558     0.602169     0.511426     0.486316      1145.52          0.5 -2.07984e-11 -1.86608e-11    -2.08e-11            0
    0.486316     0.259644     0.603546     0.509552     0.488772      1141.32          0.5 -2.07798e-11 -1.87469e-11 -2.07689e-11            0
    0.488772     0.257738     0.604923     0.507678     0.491228      1137.12          0.5 -2.07641e-11 -1.86831e-11 -2.07787e-11            0
    0.491228      0.25584     0.606298     0.505805     0.493684      1132.92          0.5 -2.07824e-11 -1.86903e-11 -2.07859e-11            0
    0.493684     0.253949     0.607672     0.503933      0.49614      1128.73          0.5  -2.0777e-11 -1.87008e-11 -2.07788e-11            0
     0.49614     0.252066     0.609045     0.502061     0.498596      1124.54          0.5 -2.07397e-11 -1.86911e-11 -2.07376e-11            0
    0.498596     0.250191     0.610417      0.50019     0.501053      1120.35          0.5 -2.07851e-11 -1.87399e-11 -2.07839e-11            0
    0.501053     0.248324     0.611788      0.49832     0.503509      1116.16          0.5 -2.07754e-11 -1.86049e-11 -2.07963e-11            0
    0.503509     0.246464     0.613158      0.49645     0.505965      1111.97          0.5 -2.07819e-11 -1.87622e-11 -2.07589e-11            0
    0.505965     0.244611     0.614527     0.494581     0.508421      1107.78          0.5 -2.07619e-11 -1.86668e-11 -2.07824e-11            0
    0.508421     0.242766     0.615895     0.492712     0.510877       1103.6          0.5 -2.07682e-11 -1.87328e-11 -2.08026e-11            0
    0.510877     0.240929     0.617262     0.490844     0.513333      1099.42          0.5  -2.0779e-11 -1.86794e-11 -2.07574e-11            0
    0.513333     0.239099     0.618628     0.488977     0.515789      1095.23          0.5 -2.07774e-11 -1.87159e-11 -2.07938e-11            0
    0.515789     0.237277     0.619994      0.48711     0.518246      1091.05          0.5  -2.0761e-11 -1.87639e-11 -2.07609e-11            0
    0.518246     0.235462     0.621358     0.485243     0.520702      1086.87          0.5 -2.07776e-11 -1.86508e-11 -2.07798e-11            0
    0.520702     0.233654     0.622722     0.483377     0.523158      1082.69          0.5 -2.07734e-11 -1.86271e-11 -2.07888e-11            0
    0.523158     0.231854     0.624086     0.481511     0.525614      1078.51          0.5 -2.07698e-11 -1.87813e-11 -2.07904e-11            0
    0.525614     0.230061     0.625448     0.479645      0.52807      1074.33          0.5 -2.07743e-11 -1.86798e-11 -2.07781e-11            0
     0.52807     0.228275      0.62681      0.47778     0.530526      1070.15          0.5 -2.07714e-11 -1.87141e-11 -2.07907e-11            0
    0.530526     0.226497     0.628172     0.475915     0.532982      1065.98          0.5 -2.07871e-11 -1.86597e-11 -2.07402e-11            0
    0.532982     0.224725     0.629533     0.474051     0.535439       1061.8          0.5 -2.07632e-11 -1.87623e-11  -2.0799e-11            0
    0.535439     0.222961     0.630893     0.472187     0.537895      1057.63          0.5 -2.07594e-11 -1.86827e-11  -2.0762e-11            0
    0.537895     0.221204     0.632253     0.470322     0.540351      1053.45          0.5 -2.07855e-11 -1.86479e-11 -2.08122e-11            0
    0.540351     0.219454     0.633612     0.468458     0.542807      1049.28          0.5 -2.07599e-11 -1.87542e-11 -2.07649e-11            0
    0.542807     0.217712     0.634971     0.466595     0.545263       1045.1          0.5 -2.07846e-11 -1.86645e-11 -2.07683e-11            0
    0.545263     0.215976      0.63633     0.464731     0.547719      1040.93          0.5 -2.07789e-11 -1.87155e-11 -2.07692e-11            0
    0.547719     0.214247     0.637688     0.462867     0.550175      1036.75          0.5 -2.07693e-11 -1.86859e-11 -2.07691e-11            0
    0.550175     0.212525     0.639046     0.461004     0.552632      1032.58          0.5 -2.07691e-11 -1.87363e-11 -2.08033e-11            0
    0.552632     0.210811     0.640404      0.45914     0.555088       1028.4          0.5 -2.07683e-11 -1.86425e-11 -2.07695e-11            0
    0.555088     0.209103     0.641761     0.457277     0.557544      1024.23          0.5 -2.07634e-11 -1.87134e-11 -2.07668e-11            0
    0.557544     0.207402     0.643118     0.455413         0.56      1020.06          0.5 -2.07802e-11 -1.87251e-11 -2.07545e-11            0
        0.56     0.205708     0.644476     0.453549     0.562456      1015.88          0.5 -2.07765e-11  -1.8662e-11  -2.0794e-11            0
    0.562456     0.204021     0.645833     0.451685     0.564912      1011.71          0.5 -2.07737e-11 -1.87473e-11 -2.07692e-11            0
    0.564912     0.202341     0.647189     0.449822     0.567368      1007.53          0.5 -2.07626e-11 -1.86127e-11 -2.07802e-11            0
    0.567368     0.200667     0.648546     0.447957     0.569825      1003.36          0.5 -2.07674e-11 -1.87522e-11 -2.07541e-11            0
    0.569825        0.199     0.649903     0.446093     0.572281      999.181          0.5 -2.07718e-11 -1.87117e-11 -2.07983e-11            0
    0.572281      0.19734      0.65126     0.444229     0.574737      995.005          0.5 -2.07775e-11 -1.86048e-11 -2.07979e-11            0
    0.574737     0.195687     0.652617     0.442364     0.577193      990.828          0.5 -2.07581e-11 -1.87641e-11 -2.07411e-11            0
    0.577193      0.19404     0.653974     0.440499     0.579649      986.651          0.5 -2.07746e-11 -1.87036e-11 -2.07816e-11            0
    0.579649     0.192401     0.655331     0.438634     0.582105      982.473          0.5 -2.07655e-11 -1.86884e-11 -2.07761e-11            0
    0.582105     0.190767     0.656688     0.436768     0.584561      978.294          0.5 -2.07928e-11 -1.87447e-11 -2.07609e-11            0
    0.584561     0.189141     0.658046     0.434902     0.587018      974.114          0.5 -2.07584e-11 -1.86564e-11 -2.07887e-11            0
    0.587018     0.187521     0.659403     0.433035     0.589474      969.934          0.5 -2.07668e-11 -1.87126e-11 -2.07481e-11            0
    0.589474     0.185907     0.660761     0.431168      0.59193      965.752          0.5 -2.07748e-11 -1.86651e-11 -2.07915e-11            0
     0.59193       0.1843      0.66212     0.429301     0.594386      961.569          0.5 -2.07671e-11 -1.87057e-11  -2.0781e-11            0
    0.594386       0.1827     0.663478     0.427433     0.596842      957.385          0.5 -2.07818e-11 -1.86951e-11 -2.07615e-11            0
    0.596842     0.181106     0.664837     0.425564     0.599298        953.2          0.5 -2.07552e-11 -1.87091e-11 -2.07732e-11            0
    0.599298     0.179519     0.666197     0.423695     0.601754      949.014          0.5  -2.0767e-11 -1.86721e-11 -2.07923e-11            0
    0.601754     0.177938     0.667557     0.421826     0.604211      944.826          0.5 -2.07737e-11 -1.87338e-11 -2.07562e-11            0
    0.604211     0.176363     0.668917     0.419955     0.606667      940.636          0.5 -2.07726e-11 -1.87226e-11 -2.07597e-11            0
    0.606667     0.174795     0.670278     0.418084     0.609123      936.446          0.5 -2.07699e-11 -1.86925e-11 -2.07756e-11            0
    0.609123     0.173234     0.671639     0.416212     0.611579      932.253          0.5  -2.0781e-11 -1.86048e-11 -2.07894e-11            0
    0.611579     0.171679     0.673002      0.41434     0.614035      928.059          0.5 -2.07567e-11 -1.87507e-11 -2.07722e-11            0
    0.614035      0.17013     0.674364     0.412466     0.616491      923.863          0.5 -2.07658e-11 -1.86868e-11 -2.07582e-11            0
    0.616491     0.168587     0.675728     0.410592     0.618947      919.665          0.5 -2.07737e-11 -1.86622e-11 -2.07795e-11            0
    0.618947     0.167051     0.677092     0.408717     0.621404      915.465          0.5  -2.0754e-11 -1.88066e-11 -2.07559e-11            0
    0.621404     0.165521     0.678457     0.406841      0.62386      911.264          0.5 -2.07918e-11 -1.86512e-11 -2.08078e-11            0
     0.62386     0.163997     0.679823     0.404964     0.626316       907.06          0.5 -2.07671e-11 -1.87346e-11 -2.07441e-11            0
    0.626316      0.16248      0.68119     0.403087     0.628772      902.854          0.5 -2.07624e-11 -1.85342e-11  -2.0775e-11            0
    0.628772     0.160969     0.682557     0.401208     0.631228      898.645          0.5 -2.07814e-11 -1.87753e-11 -2.07813e-11            0
    0.631228     0.159464     0.683926     0.399328     0.633684      894.435          0.5 -2.07645e-11 -1.87218e-11 -2.07673e-11            0
    0.633684     0.157965     0.685295     0.397447      0.63614      890.221          0.5 -2.07658e-11 -1.86751e-11  -2.0777e-11            0
     0.63614     0.156472     0.686666     0.395565     0.638596      886.006          0.5 -2.07738e-11 -1.86511e-11 -2.07784e-11            0
    0.638596     0.154986     0.688038     0.393681     0.641053      881.787          0.5 -2.07634e-11 -1.87446e-11 -2.07645e-11            0
    0.641053     0.153506      0.68941     0.391797     0.643509      877.566          0.5 -2.07712e-11 -1.86121e-11 -2.07707e-11            0
    0.643509     0.152032     0.690784     0.389911     0.645965      873.343          0.5 -2.07597e-11 -1.86893e-11 -2.07577e-11            0
    0.645965     0.150564     0.692159     0.388024     0.648421      869.116          0.5 -2.07697e-11 -1.87939e-11 -2.07759e-11            0
    0.648421     0.149102     0.693536     0.386136     0.650877      864.886          0.5 -2.07631e-11 -1.87007e-11 -2.07892e-11            0
    0.650877     0.147646     0.694913     0.384246     0.653333      860.653          0.5 -2.07647e-11  -1.8615e-11 -2.07489e-11            0
    0.653333     0.146196     0.696292     0.382355     0.655789      856.417          0.5 -2.07672e-11 -1.87654e-11 -2.07681e-11            0
    0.655789     0.144752     0.697672     0.380462     0.658246      852.178          0.5  -2.0771e-11 -1.86633e-11 -2.07895e-11            0
    0.658246     0.143315     0.699054     0.378568     0.660702      847.936          0.5 -2.07638e-11 -1.86838e-11 -2.07569e-11            0
    0.660702     0.141883     0.700437     0.376672     0.663158       843.69          0.5 -2.07696e-11 -1.86613e-11   -2.075e-11            0
    0.663158     0.140457     0.701822     0.374775     0.665614       839.44          0.5 -2.07759e-11 -1.86689e-11 -2.07708e-11            0
    0.665614     0.139037     0.703208     0.372876      0.66807      835.187          0.5  -2.0758e-11 -1.87386e-11 -2.08051e-11            0
     0.66807     0.137624     0.704596     0.370975     0.670526       830.93          0.5 -2.07596e-11 -1.86835e-11 -2.07424e-11            0
    0.670526     0.136216     0.705986     0.369073     0.672982      826.669          0.5 -2.07747e-11 -1.87002e-11 -2.07464e-11            0
    0.672982     0.134814     0.707377     0.367169     0.675439      822.404          0.5 -2.07727e-11 -1.86855e-11 -2.07995e-11            0
    0.675439     0.133418      0.70877     0.365263     0.677895      818.135          0.5 -2.07634e-11 -1.86748e-11 -2.07666e-11            0
    0.677895     0.132028     0.710165     0.363355     0.680351      813.862          0.5 -2.07606e-11 -1.87008e-11 -2.07582e-11            0
    0.680351     0.130644     0.711562     0.361445     0.682807      809.585          0.5 -2.07894e-11 -1.86779e-11 -2.07679e-11            0
    0.682807     0.129266     0.712961     0.359534     0.685263      805.303          0.5 -2.07552e-11 -1.86551e-11 -2.07829e-11            0
    0.685263     0.127893     0.714361      0.35762     0.687719      801.016          0.5 -2.07588e-11 -1.87179e-11 -2.07467e-11            0
    0.687719     0.126527     0.715764     0.355704     0.690175      796.725          0.5 -2.07829e-11 -1.87539e-11 -2.07505e-11            0
    0.690175     0.125166     0.717169     0.353786     0.692632       792.43          0.5 -2.07506e-11 -1.86027e-11  -2.0787e-11            0
    0.692632     0.123811     0.718576     0.351866     0.695088      788.129          0.5 -2.07752e-11  -1.8723e-11  -2.0772e-11            0
    0.695088     0.122462     0.719985     0.349944     0.697544      783.823          0.5 -2.07599e-11 -1.87264e-11 -2.07444e-11            0
    0.697544     0.121118     0.721396     0.348019          0.7      779.513          0.5 -2.07668e-11 -1.86625e-11  -2.0779e-11            0
         0.7     0.119781      0.72281     0.346092     0.702456      775.197          0.5 -2.07592e-11  -1.8628e-11 -2.07853e-11            0
    0.702456     0.118449     0.724226     0.344163     0.704912      770.875          0.5 -2.07687e-11 -1.87788e-11 -2.07717e-11            0
    0.704912     0.117123     0.725644     0.342231     0.707368      766.549          0.5 -2.07756e-11 -1.86577e-11 -2.07514e-11            0
    0.707368     0.115803     0.727065     0.340297     0.709825      762.216          0.5 -2.07578e-11 -1.86734e-11 -2.07546e-11            0
    0.709825     0.114489     0.728489      0.33836     0.712281      757.878          0.5 -2.07556e-11 -1.87324e-11 -2.07619e-11            0
    0.712281      0.11318     0.729915     0.336421     0.714737      753.534          0.5 -2.07767e-11 -1.86191e-11  -2.0756e-11            0
    0.714737     0.111877     0.731344     0.334478     0.717193      749.184          0.5 -2.07628e-11 -1.87406e-11 -2.07585e-11            0
    0.717193      0.11058     0.732775     0.332534     0.719649      744.827          0.5 -2.07557e-11 -1.85792e-11 -2.07735e-11            0
    0.719649     0.109288      0.73421     0.330586     0.722105      740.465          0.5 -2.07742e-11 -1.87441e-11 -2.07617e-11            0
    0.722105     0.108002     0.735647     0.328635     0.724561      736.096          0.5 -2.07646e-11 -1.86726e-11 -2.07544e-11            0
    0.724561     0.106722     0.737087     0.326681     0.727018       731.72          0.5 -2.07557e-11   -1.872e-11 -2.07962e-11            0
    0.727018     0.105447      0.73853     0.324725     0.729474      727.337          0.5 -2.07719e-11 -1.86213e-11 -2.07368e-11            0
    0.729474     0.104178     0.739976     0.322765      0.73193      722.948          0.5 -2.07526e-11 -1.87191e-11 -2.07538e-11            0
     0.73193     0.102915     0.741426     0.320802     0.734386      718.551          0.5 -2.07802e-11 -1.87285e-11 -2.07706e-11            0
    0.734386     0.101657     0.742879     0.318836     0.736842      714.148          0.5  -2.0757e-11  -1.8656e-11 -2.07613e-11            0
    0.736842     0.100406     0.744335     0.316867     0.739298      709.736          0.5 -2.07594e-11 -1.86164e-11  -2.0758e-11            0
    0.739298    0.0991592     0.745794     0.314894     0.741754      705.318          0.5 -2.07714e-11 -1.87285e-11 -2.07646e-11            0
    0.741754    0.0979184     0.747257     0.312918     0.744211      700.891          0.5  -2.0757e-11  -1.8692e-11 -2.07716e-11            0
    0.744211    0.0966833     0.748723     0.310938     0.746667      696.457          0.5 -2.07658e-11 -1.87207e-11 -2.07383e-11            0
    0.746667    0.0954538     0.750194     0.308954     0.749123      692.014          0.5 -2.07547e-11 -1.86662e-11 -2.07941e-11            0
    0.749123    0.0942299     0.751667     0.306967     0.751579      687.563          0.5  -2.0768e-11 -1.86538e-11 -2.07222e-11            0
    0.751579    0.0930116     0.753145     0.304976     0.754035      683.104          0.5  -2.0766e-11 -1.87584e-11 -2.07763e-11            0
    0.754035    0.0917988     0.754627     0.302982     0.756491      678.636          0.5 -2.07579e-11 -1.85442e-11 -2.07495e-11            0
    0.756491    0.0905916     0.756112     0.300983     0.758947      674.159          0.5 -2.07639e-11 -1.86947e-11 -2.07741e-11            0
    0.758947      0.08939     0.757602      0.29898     0.761404      669.674          0.5 -2.07691e-11 -1.87321e-11 -2.07636e-11            0
    0.761404     0.088194     0.759095     0.296973      0.76386      665.178          0.5 -2.07554e-11 -1.87047e-11 -2.07469e-11            0
     0.76386    0.0870035     0.760593     0.294962     0.766316      660.674          0.5  -2.0761e-11 -1.86816e-11 -2.07426e-11            0
    0.766316    0.0858186     0.762096     0.292946     0.768772       656.16          0.5 -2.07626e-11 -1.87196e-11 -2.07594e-11            0
    0.768772    0.0846392     0.763603     0.290927     0.771228      651.635          0.5 -2.07589e-11 -1.86047e-11 -2.07463e-11            0
    0.771228    0.0834654     0.765114     0.288902     0.773684      647.101          0.5 -2.07684e-11 -1.87125e-11 -2.07499e-11            0
    0.773684    0.0822971      0.76663     0.286873      0.77614      642.556          0.5 -2.07657e-11 -1.86518e-11  -2.0764e-11            0
     0.77614    0.0811344     0.768151     0.284839     0.778596      638.001          0.5 -2.07603e-11 -1.86463e-11 -2.07706e-11            0
    0.778596    0.0799771     0.769677     0.282801     0.781053      633.435          0.5 -2.07562e-11 -1.86843e-11 -2.07494e-11            0
    0.781053    0.0788254     0.771208     0.280757     0.783509      628.857          0.5 -2.07651e-11 -1.87109e-11 -2.07734e-11            0
    0.783509    0.0776793     0.772744     0.278708     0.785965      624.269          0.5 -2.07527e-11 -1.87013e-11 -2.07207e-11            0
    0.785965    0.0765386     0.774285     0.276654     0.788421      619.668          0.5  -2.0771e-11 -1.86341e-11 -2.07689e-11            0
    0.788421    0.0754035     0.775831     0.274595     0.790877      615.056          0.5 -2.07617e-11 -1.86734e-11 -2.07377e-11            0
    0.790877    0.0742739     0.777383      0.27253     0.793333      610.432          0.5 -2.07457e-11 -1.86863e-11 -2.07626e-11            0
    0.793333    0.0731498     0.778941      0.27046     0.795789      605.795          0.5 -2.07601e-11 -1.86872e-11 -2.07756e-11            0
    0.795789    0.0720312     0.780505     0.268384     0.798246      601.145          0.5 -2.07556e-11  -1.8643e-11 -2.07451e-11            0
    0.798246    0.0709181     0.782074     0.266303     0.800702      596.483          0.5 -2.07668e-11  -1.8641e-11 -2.07509e-11            0
    0.800702    0.0698105      0.78365     0.264215     0.803158      591.806          0.5 -2.07536e-11 -1.86763e-11 -2.07342e-11            0
    0.803158    0.0687085     0.785231     0.262121     0.805614      587.117          0.5 -2.07641e-11 -1.86513e-11 -2.07549e-11            0
    0.805614    0.0676119     0.786819     0.260021      0.80807      582.413          0.5 -2.07553e-11 -1.86932e-11 -2.07674e-11            0
     0.80807    0.0665209     0.788414     0.257914     0.810526      577.695          0.5 -2.07601e-11 -1.86906e-11 -2.07496e-11            0
    0.810526    0.0654353     0.790015     0.255801     0.812982      572.962          0.5 -2.07661e-11 -1.86683e-11 -2.07427e-11            0
    0.812982    0.0643553     0.791623     0.253681     0.815439      568.214          0.5 -2.07465e-11 -1.86729e-11 -2.07314e-11            0
    0.815439    0.0632808     0.793238     0.251555     0.817895       563.45          0.5 -2.07634e-11 -1.86227e-11 -2.07533e-11            0
    0.817895    0.0622118      0.79486     0.249421     0.820351      558.671          0.5 -2.07573e-11 -1.87119e-11 -2.07417e-11            0
    0.820351    0.0611483      0.79649      0.24728     0.822807      553.875          0.5 -2.07607e-11 -1.86633e-11 -2.07491e-11            0
    0.822807    0.0600904     0.798127     0.245131     0.825263      549.063          0.5  -2.0755e-11 -1.86978e-11 -2.07508e-11            0
    0.825263    0.0590379     0.799772     0.242975     0.827719      544.234          0.5 -2.07527e-11 -1.86412e-11 -2.07366e-11            0
    0.827719     0.057991     0.801424     0.240811     0.830175      539.387          0.5 -2.07598e-11 -1.86231e-11 -2.07533e-11            0
    0.830175    0.0569496     0.803085     0.238639     0.832632      534.522          0.5 -2.07604e-11 -1.86936e-11  -2.0738e-11            0
    0.832632    0.0559138     0.804755     0.236459     0.835088      529.639          0.5 -2.07556e-11 -1.87212e-11 -2.07319e-11            0
    0.835088    0.0548835     0.806433      0.23427     0.837544      524.736          0.5 -2.07517e-11 -1.85946e-11 -2.07607e-11            0
    0.837544    0.0538587      0.80812     0.232072         0.84      519.814          0.5 -2.07606e-11 -1.86352e-11 -2.07413e-11            0
        0.84    0.0528395     0.809815     0.229866     0.842456      514.872          0.5 -2.07521e-11 -1.86943e-11 -2.07293e-11            0
    0.842456    0.0518258     0.811521      0.22765     0.844912       509.91          0.5 -2.07595e-11 -1.86968e-11 -2.07452e-11            0
    0.844912    0.0508177     0.813235     0.225425     0.847368      504.926          0.5 -2.07548e-11 -1.85984e-11 -2.07442e-11            0
    0.847368    0.0498152      0.81496     0.223191     0.849825      499.921          0.5 -2.07515e-11 -1.86682e-11 -2.07285e-11            0
    0.849825    0.0488182     0.816695     0.220946     0.852281      494.894          0.5 -2.07555e-11 -1.86333e-11 -2.07426e-11            0
    0.852281    0.0478268      0.81844     0.218691     0.854737      489.843          0.5 -2.07548e-11 -1.86701e-11 -2.07368e-11            0
    0.854737    0.0468411     0.820196     0.216425     0.857193      484.769          0.5 -2.07567e-11 -1.86805e-11 -2.07328e-11            0
    0.857193    0.0458609     0.821963     0.214149     0.859649       479.67          0.5 -2.07538e-11 -1.86693e-11 -2.07351e-11            0
    0.859649    0.0448863     0.823741     0.211861     0.862105      474.546          0.5 -2.07538e-11 -1.86454e-11 -2.07368e-11            0
    0.862105    0.0439174     0.825532     0.209562     0.864561      469.397          0.5   -2.075e-11 -1.86758e-11 -2.07402e-11            0
    0.864561    0.0429541     0.827334     0.207251     0.867018       464.22          0.5 -2.07505e-11 -1.86296e-11 -2.07292e-11            0
    0.867018    0.0419965     0.829149     0.204928     0.869474      459.017          0.5 -2.07518e-11 -1.86167e-11 -2.07255e-11            0
    0.869474    0.0410445     0.830976     0.202592      0.87193      453.785          0.5  -2.0752e-11 -1.86377e-11 -2.07308e-11            0
     0.87193    0.0400983     0.832817     0.200243     0.874386      448.523          0.5 -2.07532e-11 -1.87052e-11 -2.07328e-11            0
    0.874386    0.0391577     0.834672      0.19788     0.876842      443.232          0.5 -2.07544e-11  -1.8595e-11 -2.07255e-11            0
    0.876842    0.0382228     0.836541     0.195504     0.879298      437.909          0.5 -2.07498e-11 -1.86426e-11 -2.07219e-11            0
    0.879298    0.0372937     0.838424     0.193113     0.881754      432.554          0.5   -2.075e-11 -1.86615e-11 -2.07332e-11            0
    0.881754    0.0363703     0.840323     0.190707     0.884211      427.166          0.5   -2.075e-11 -1.86067e-11 -2.07199e-11            0
    0.884211    0.0354527     0.842237     0.188286     0.886667      421.743          0.5  -2.0747e-11  -1.8714e-11 -2.07205e-11            0
    0.886667    0.0345408     0.844168     0.185849     0.889123      416.284          0.5 -2.07507e-11  -1.8564e-11 -2.07126e-11            0
    0.889123    0.0336348     0.846115     0.183395     0.891579      410.788          0.5 -2.07539e-11 -1.86588e-11 -2.07204e-11            0
    0.891579    0.0327346      0.84808     0.180924     0.894035      405.254          0.5 -2.07454e-11 -1.86385e-11 -2.07274e-11            0
    0.894035    0.0318403     0.850063     0.178435     0.896491       399.68          0.5 -2.07458e-11 -1.86406e-11 -2.07117e-11            0
    0.896491    0.0309518     0.852065     0.175928     0.898947      394.065          0.5 -2.07507e-11 -1.86692e-11 -2.07221e-11            0
    0.898947    0.0300693     0.854087     0.173402     0.901404      388.406          0.5 -2.07467e-11 -1.86132e-11 -2.07058e-11            0
    0.901404    0.0291927     0.856129     0.170855      0.90386      382.703          0.5 -2.07476e-11 -1.85856e-11 -2.07064e-11            0
     0.90386    0.0283221     0.858192     0.168288     0.906316      376.954          0.5 -2.07469e-11 -1.86224e-11  -2.0712e-11            0
    0.906316    0.0274574     0.860277     0.165699     0.908772      371.155          0.5 -2.07446e-11 -1.86036e-11 -2.07111e-11            0
    0.908772    0.0265988     0.862386     0.163088     0.911228      365.307          0.5  -2.0747e-11 -1.86912e-11 -2.07152e-11            0
    0.911228    0.0257463     0.864518     0.160452     0.913684      359.405          0.5 -2.07442e-11 -1.86016e-11 -2.06931e-11            0
    0.913684    0.0248998     0.866676     0.157793      0.91614      353.448          0.5 -2.07423e-11  -1.8598e-11 -2.07069e-11            0
     0.91614    0.0240596      0.86886     0.155107     0.918596      347.434          0.5 -2.07457e-11 -1.86141e-11 -2.06955e-11            0
    0.918596    0.0232255     0.871072     0.152395     0.921053      341.359          0.5 -2.07454e-11 -1.85633e-11 -2.07003e-11            0
    0.921053    0.0223976     0.873313     0.149654     0.923509       335.22          0.5 -2.07403e-11 -1.86275e-11 -2.06835e-11            0
    0.923509     0.021576     0.875584     0.146883     0.925965      329.015          0.5 -2.07416e-11  -1.8587e-11 -2.06854e-11            0
    0.925965    0.0207607     0.877887     0.144081     0.928421       322.74          0.5 -2.07415e-11 -1.86179e-11 -2.06941e-11            0
    0.928421    0.0199519     0.880225     0.141246     0.930877       316.39          0.5 -2.07401e-11 -1.86365e-11 -2.06756e-11            0
    0.930877    0.0191494     0.882598     0.138376     0.933333      309.963          0.5 -2.07425e-11 -1.85289e-11 -2.06883e-11            0
    0.933333    0.0183535     0.885008      0.13547     0.935789      303.454          0.5 -2.07384e-11 -1.85932e-11 -2.06683e-11            0
    0.935789    0.0175641     0.887459     0.132524     0.938246      296.857          0.5 -2.07374e-11 -1.85973e-11 -2.06772e-11            0
    0.938246    0.0167814     0.889952     0.129537     0.940702      290.168          0.5 -2.07409e-11 -1.85579e-11 -2.06773e-11            0
    0.940702    0.0160054     0.892491     0.126506     0.943158      283.381          0.5  -2.0733e-11 -1.85555e-11 -2.06565e-11            0
    0.943158    0.0152361     0.895078     0.123428     0.945614      276.488          0.5 -2.07368e-11 -1.86049e-11 -2.06599e-11            0
    0.945614    0.0144738     0.897717       0.1203      0.94807      269.483          0.5 -2.07324e-11 -1.85292e-11 -2.06472e-11            0
     0.94807    0.0137184     0.900412     0.117118     0.950526      262.358          0.5 -2.07324e-11 -1.85376e-11 -2.06514e-11            0
    0.950526      0.01297     0.903166     0.113878     0.952982      255.103          0.5 -2.07353e-11 -1.85572e-11 -2.06374e-11            0
    0.952982    0.0122289     0.905985     0.110576     0.955439      247.709          0.5  -2.0731e-11  -1.8525e-11 -2.06297e-11            0
    0.955439     0.011495     0.908875     0.107206     0.957895      240.163          0.5 -2.07282e-11 -1.85537e-11 -2.06261e-11            0
    0.957895    0.0107686     0.911841     0.103763     0.960351      232.453          0.5 -2.07265e-11 -1.84876e-11 -2.06135e-11            0
    0.960351    0.0100497     0.914891     0.100238     0.962807      224.562          0.5 -2.07254e-11 -1.84766e-11 -2.06043e-11            0
    0.962807    0.0093386     0.918034    0.0966256     0.965263      216.474          0.5 -2.07251e-11 -1.84951e-11  -2.0593e-11            0
    0.965263   0.00863536     0.921279    0.0929148     0.967719      208.167          0.5 -2.07237e-11 -1.84723e-11 -2.05762e-11            0
    0.967719   0.00794022      0.92464    0.0890949     0.970175      199.616          0.5 -2.07199e-11 -1.84468e-11 -2.05622e-11            0
    0.970175   0.00725338      0.92813    0.0851524     0.972632      190.792          0.5   -2.072e-11 -1.84357e-11 -2.05459e-11            0
    0.972632   0.00657511     0.931767    0.0810709     0.975088      181.658          0.5 -2.07139e-11 -1.84032e-11 -2.05206e-11            0
    0.975088   0.00590568     0.935574    0.0768302     0.977544      172.169          0.5 -2.07127e-11 -1.83707e-11 -2.04969e-11            0
    0.977544   0.00524541      0.93958    0.0724043         0.98      162.268          0.5 -2.07081e-11 -1.83432e-11 -2.04707e-11            0
        0.98   0.00486708     0.940254    0.0697434       0.9804      156.308          0.5  -2.0711e-11  -1.8327e-11  -2.0454e-11            0
      0.9804   0.00476676     0.940865    0.0690208     0.980759      154.689          0.5 -2.07084e-11 -1.82407e-11 -2.04536e-11            0
    0.980759   0.00467205     0.941481    0.0683317     0.981118      153.144          0.5 -2.07066e-11 -1.82626e-11 -2.04449e-11            0
    0.981118   0.00457755     0.942102    0.0676371     0.981478      151.588          0.5 -2.07012e-11 -1.83129e-11 -2.04415e-11            0
    0.981478   0.00448326      0.94273    0.0669369     0.981837      150.019          0.5 -2.07131e-11 -1.84748e-11 -2.04369e-11            0
    0.981837   0.00438919     0.943363    0.0662309     0.982196      148.436          0.5 -2.07047e-11 -1.81753e-11 -2.04235e-11            0
    0.982196   0.00429534     0.944002    0.0655189     0.982555      146.841          0.5  -2.0696e-11  -1.8335e-11 -2.04076e-11            0
    0.982555   0.00420171     0.944647    0.0648009     0.982914      145.232          0.5 -2.07083e-11  -1.8329e-11  -2.0438e-11            0
    0.982914    0.0041083     0.945298    0.0640765     0.983273      143.608          0.5 -2.07043e-11 -1.81142e-11  -2.0381e-11            0
    0.983273   0.00401511     0.945957    0.0633456     0.983633       141.97          0.5 -2.07015e-11 -1.83425e-11 -2.04107e-11            0
    0.983633   0.00392215     0.946622     0.062608     0.983992      140.317          0.5  -2.0699e-11 -1.79838e-11 -2.03944e-11            0
    0.983992   0.00382942     0.947294    0.0618634     0.984351      138.649          0.5 -2.07008e-11 -1.82736e-11 -2.03806e-11            0
    0.984351   0.00373691     0.947973    0.0611116      0.98471      136.964          0.5 -2.07023e-11 -1.82145e-11 -2.03715e-11            0
     0.98471   0.00364464      0.94866    0.0603523     0.985069      135.262          0.5 -2.07004e-11  -1.8155e-11 -2.03644e-11            0
    0.985069    0.0035526     0.949355    0.0595854     0.985429      133.543          0.5  -2.0696e-11 -1.81655e-11 -2.03574e-11            0
    0.985429   0.00346079     0.950058    0.0588104     0.985788      131.807          0.5  -2.0698e-11 -1.81504e-11 -2.03371e-11            0
    0.985788   0.00336923     0.950769    0.0580271     0.986147      130.051          0.5 -2.06966e-11 -1.82787e-11 -2.03378e-11            0
    0.986147    0.0032779     0.951489    0.0572352     0.986506      128.277          0.5 -2.06903e-11  -1.8003e-11 -2.03186e-11            0
    0.986506   0.00318682     0.952219    0.0564344     0.986865      126.482          0.5 -2.06948e-11 -1.82918e-11 -2.03107e-11            0
    0.986865   0.00309598     0.952957    0.0556242     0.987224      124.667          0.5 -2.06915e-11 -1.80428e-11 -2.03048e-11            0
    0.987224   0.00300539     0.953706    0.0548044     0.987584      122.829          0.5 -2.06909e-11 -1.79877e-11 -2.02744e-11            0
    0.987584   0.00291505     0.954465    0.0539743     0.987943      120.969          0.5 -2.06913e-11 -1.80589e-11 -2.02759e-11            0
    0.987943   0.00282497     0.955234    0.0531338     0.988302      119.085          0.5 -2.06883e-11 -1.82192e-11 -2.02526e-11            0
    0.988302   0.00273514     0.956015    0.0522821     0.988661      117.177          0.5 -2.06875e-11 -1.80075e-11  -2.0251e-11            0
    0.988661   0.00264557     0.956808    0.0514189      0.98902      115.243          0.5 -2.06868e-11 -1.79757e-11 -2.02213e-11            0
     0.98902   0.00255627     0.957613    0.0505436      0.98938      113.281          0.5 -2.06873e-11 -1.80355e-11 -2.02012e-11            0
     0.98938   0.00246724     0.958431    0.0496555     0.989739      111.291          0.5 -2.06854e-11 -1.79163e-11  -2.0194e-11            0
    0.989739   0.00237847     0.959263     0.048754     0.990098      109.271          0.5 -2.06833e-11 -1.80875e-11 -2.01728e-11            0
    0.990098   0.00228999     0.960109    0.0478384     0.990457      107.219          0.5 -2.06749e-11 -1.77783e-11 -2.01382e-11            0
    0.990457   0.00220178     0.960971    0.0469079     0.990816      105.134          0.5  -2.0681e-11 -1.80395e-11 -2.01281e-11            0
    0.990816   0.00211385     0.961848    0.0459617     0.991176      103.014          0.5 -2.06812e-11 -1.78099e-11  -2.0094e-11            0
    0.991176   0.00202622     0.962743    0.0449988     0.991535      100.856          0.5 -2.06719e-11 -1.77528e-11 -2.00846e-11            0
    0.991535   0.00193888     0.963656    0.0440181     0.991894      98.6585          0.5 -2.06749e-11 -1.78072e-11  -2.0041e-11            0
    0.991894   0.00185183     0.964588    0.0430186     0.992253      96.4189          0.5 -2.06692e-11  -1.7725e-11 -2.00081e-11            0
    0.992253    0.0017651     0.965541    0.0419989     0.992612       94.134          0.5 -2.06684e-11 -1.78346e-11  -1.9978e-11            0
    0.992612   0.00167867     0.966517    0.0409576     0.992971      91.8008          0.5 -2.06684e-11 -1.75871e-11 -1.99394e-11            0
    0.992971   0.00159256     0.967516    0.0398931     0.993331      89.4157          0.5 -2.06599e-11  -1.7649e-11 -1.98983e-11            0
    0.993331   0.00150677     0.968542    0.0388035      0.99369      86.9746          0.5 -2.06621e-11 -1.74718e-11 -1.98549e-11            0
     0.99369   0.00142132     0.969595    0.0376869     0.994049      84.4728          0.5  -2.0656e-11 -1.75412e-11 -1.97944e-11            0
    0.994049    0.0013362     0.970679    0.0365408     0.994408      81.9051          0.5 -2.06547e-11 -1.74084e-11 -1.97405e-11            0
    0.994408   0.00125144     0.971797    0.0353625     0.994767      79.2653          0.5 -2.06509e-11  -1.7304e-11 -1.96782e-11            0
    0.994767   0.00116703     0.972951    0.0341487     0.995127      76.5463          0.5 -2.06468e-11  -1.7256e-11 -1.96002e-11            0
    0.995127     0.001083     0.974147    0.0328958     0.995486      73.7398          0.5 -2.06386e-11  -1.7167e-11 -1.95177e-11            0
    0.995486   0.00099934     0.975388    0.0315993     0.995845      70.8357          0.5 -2.06367e-11 -1.70591e-11 -1.94174e-11            0
    0.995845   0.00091608     0.976682    0.0302537     0.996204      67.8221          0.5   -2.063e-11 -1.68576e-11 -1.93024e-11            0
    0.996204   0.00083323     0.978034    0.0288524     0.996563      64.6842          0.5 -2.06231e-11 -1.66246e-11 -1.91593e-11            0
    0.996563  0.000750808     0.979455    0.0273873     0.996922      61.4039          0.5 -2.06156e-11 -1.65664e-11 -1.89932e-11            0
    0.996922  0.000668833     0.980955    0.0258478     0.997282      57.9577          0.5 -2.06069e-11 -1.62948e-11 -1.87825e-11            0
    0.997282   0.00058733     0.982552    0.0242201     0.997641      54.3154          0.5 -2.05946e-11 -1.59482e-11  -1.8515e-11            0
    0.997641  0.000506325     0.984265    0.0224856        0.998      50.4361          0.5 -2.05827e-11 -1.55632e-11 -1.82659e-11            0
       0.998  0.000461609     0.984464    0.0214692      0.99804      48.1586          0.5 -2.05769e-11 -1.45761e-11 -1.81422e-11            0
     0.99804  0.000452655     0.984666      0.02126      0.99808      47.6893          0.5 -2.05814e-11 -1.54639e-11  -1.8092e-11            0
     0.99808  0.000443707     0.984869    0.0210488      0.99812      47.2156          0.5 -2.05744e-11 -1.52612e-11 -1.80479e-11            0
     0.99812  0.000434766     0.985074    0.0208356      0.99816      46.7375          0.5 -2.05697e-11 -1.50865e-11 -1.79902e-11            0
     0.99816  0.000425833     0.985281    0.0206205       0.9982      46.2548          0.5 -2.05763e-11 -1.46544e-11 -1.79646e-11            0
      0.9982  0.000416906     0.985491    0.0204032      0.99824      45.7675          0.5 -2.05698e-11  -1.4775e-11  -1.7887e-11            0
     0.99824  0.000407987     0.985702    0.0201837      0.99828      45.2753          0.5 -2.05705e-11 -1.52761e-11 -1.78199e-11            0
     0.99828  0.000399075     0.985916    0.0199621      0.99832      44.7781          0.5 -2.05663e-11 -1.48305e-11 -1.77903e-11            0
     0.99832  0.000390171     0.986132    0.0197381      0.99836      44.2757          0.5  -2.0561e-11 -1.41646e-11 -1.77162e-11            0
     0.99836  0.000381274     0.986351    0.0195118       0.9984       43.768          0.5 -2.05603e-11 -1.48672e-11 -1.76447e-11            0
      0.9984  0.000372384     0.986572    0.0192829      0.99844      43.2548          0.5 -2.05581e-11 -1.48474e-11 -1.75974e-11            0
     0.99844  0.000363502     0.986796    0.0190516      0.99848      42.7358          0.5 -2.05597e-11 -1.45684e-11 -1.75128e-11            0
     0.99848  0.000354628     0.987022    0.0188176      0.99852       42.211          0.5 -2.05516e-11 -1.42201e-11 -1.74608e-11            0
     0.99852  0.000345762     0.987251    0.0185809      0.99856        41.68          0.5  -2.0552e-11 -1.41205e-11 -1.73634e-11            0
     0.99856  0.000336903     0.987483    0.0183413       0.9986      41.1426          0.5 -2.05503e-11 -1.41692e-11 -1.72991e-11            0
      0.9986  0.000328053     0.987718    0.0180987      0.99864      40.5986          0.5 -2.05452e-11 -1.38308e-11 -1.72197e-11            0
     0.99864   0.00031921     0.987956    0.0178531      0.99868      40.0478          0.5 -2.05414e-11 -1.39313e-11 -1.71228e-11            0
     0.99868  0.000310376     0.988198    0.0176043      0.99872      39.4897          0.5 -2.05375e-11 -1.38366e-11 -1.70435e-11            0
     0.99872   0.00030155     0.988442    0.0173522      0.99876      38.9242          0.5 -2.05368e-11 -1.31712e-11 -1.69324e-11            0
     0.99876  0.000292732     0.988691    0.0170966       0.9988      38.3509          0.5 -2.05355e-11 -1.39586e-11 -1.68519e-11            0
      0.9988  0.000283923     0.988943    0.0168374      0.99884      37.7695          0.5  -2.0526e-11 -1.34675e-11 -1.67409e-11            0
     0.99884  0.000275122     0.989199    0.0165744      0.99888      37.1796          0.5 -2.05248e-11 -1.33164e-11 -1.66175e-11            0
     0.99888   0.00026633     0.989459    0.0163074      0.99892      36.5807          0.5 -2.05201e-11 -1.29642e-11 -1.65136e-11            0
     0.99892  0.000257548     0.989723    0.0160362      0.99896      35.9726          0.5 -2.05229e-11 -1.26843e-11 -1.63747e-11            0
     0.99896  0.000248774     0.989991    0.0157607        0.999      35.3546          0.5 -2.05128e-11 -1.29482e-11 -1.62611e-11            0
       0.999  0.000240009     0.990265    0.0154805      0.99904      34.7262          0.5 -2.05099e-11 -1.26774e-11 -1.61195e-11            0
     0.99904  0.000231253     0.990543    0.0151955      0.99908       34.087          0.5 -2.05035e-11 -1.23443e-11 -1.59644e-11            0
     0.99908  0.000222508     0.990827    0.0149054      0.99912      33.4363          0.5 -2.04974e-11 -1.18611e-11 -1.58139e-11            0
     0.99912  0.000213771     0.991116    0.0146098      0.99916      32.7733          0.5 -2.04944e-11 -1.16809e-11 -1.56468e-11            0
     0.99916  0.000205045     0.991411    0.0143085       0.9992      32.0975          0.5 -2.04898e-11 -1.16118e-11 -1.54636e-11            0
      0.9992  0.000196328     0.991712     0.014001      0.99924       31.408          0.5 -2.04806e-11 -1.13229e-11  -1.5275e-11            0
     0.99924  0.000187622      0.99202     0.013687      0.99928      30.7038          0.5 -2.04739e-11 -1.10329e-11 -1.50726e-11            0
     0.99928  0.000178927     0.992336     0.013366      0.99932      29.9839          0.5  -2.0472e-11 -1.07149e-11 -1.48526e-11            0
     0.99932  0.000170242     0.992659    0.0130376      0.99936      29.2473          0.5 -2.04596e-11 -1.03055e-11 -1.46099e-11            0
     0.99936  0.000161568      0.99299     0.012701       0.9994      28.4926          0.5 -2.04528e-11 -1.01028e-11 -1.43704e-11            0
      0.9994  0.000152905      0.99333    0.0123558      0.99944      27.7183          0.5 -2.04411e-11 -9.30443e-12 -1.40881e-11            0
     0.99944  0.000144253      0.99368    0.0120011      0.99948       26.923          0.5 -2.04373e-11  -9.3373e-12 -1.38068e-11            0
     0.99948  0.000135614     0.994041    0.0116361      0.99952      26.1045          0.5 -2.04228e-11 -8.49769e-12 -1.34886e-11            0
     0.99952  0.000126987     0.994414    0.0112598      0.99956      25.2607          0.5 -2.04153e-11 -8.46769e-12 -1.31574e-11            0
     0.99956  0.000118372       0.9948     0.010871       0.9996      24.3891          0.5 -2.03993e-11 -7.13193e-12 -1.28032e-11            0
      0.9996   0.00010977       0.9952    0.0104684      0.99964      23.4866          0.5 -2.03846e-11 -6.95156e-12 -1.24336e-11            0
     0.99964  0.000101182     0.995616    0.0100504      0.99968      22.5495          0.5 -2.03695e-11 -6.28275e-12 -1.20695e-11            0
     0.99968  9.26081e-05     0.996051   0.00961495      0.99972      21.5734          0.5 -2.03528e-11 -5.26011e-12 -1.17222e-11            0
     0.99972  8.40486e-05     0.996508   0.00915957      0.99976      20.5528          0.5 -2.03299e-11 -4.04835e-12 -1.14622e-11            0
     0.99976  7.55043e-05     0.996988   0.00868119       0.9998      19.4809          0.5 -2.03065e-11 -3.30112e-12  -1.1441e-11            0
      0.9998  6.69763e-05     0.997498    0.0081758      0.99984      18.3488          0.5 -2.02758e-11 -2.25717e-12  -1.2073e-11            0
     0.99984  5.84653e-05     0.998044   0.00763809      0.99988      17.1447          0.5 -2.02404e-11 -7.22947e-13 -1.48301e-11            0
     0.99988  4.99725e-05     0.998633   0.00706072      0.99992      15.8525          0.5 -2.01952e-11 -7.69548e-14 -2.90643e-11            0
     0.99992  4.14994e-05     0.999278   0.00643306      0.99996      14.4491          0.5 -2.01356e-11  1.12171e-12 -4.04218e-10            0
     0.99996  3.30479e-05            1   0.00573864            1      12.8989          0.5 -2.00947e-11  2.84129e-13 -2.83554e-06            0
           1  2.88281e-05            1   0.00535933            1      12.0482          0.5            0            0            0            0