5.892704214006003749e-01 5.040258760506509672e-01 4.378581877349584373e-01 3.867435892420977295e-01 3.453166025608181977e-01 3.107726981173823400e-01 2.816490571378783003e-01
7.076631491246774264e-01 6.007059336189656262e-01 5.184131438341805787e-01 4.555770168589415303e-01 4.055445158004300499e-01 3.647154354914491914e-01 3.309348447462402976e-01
8.626711560429246584e-01 7.270664914520686972e-01 6.243245576903142524e-01 5.465722615029795506e-01 4.850490117213195340e-01 4.355134340632401679e-01 3.946116521607097027e-01
1.055855220221925350e+00 8.834144541869364264e-01 7.534785042653238119e-01 6.565990048343510743e-01 5.804804381756544229e-01 5.194055221498662389e-01 4.705041267132462068e-01
1.296948860689506544e+00 1.082280343474713469e+00 9.174654104668539256e-01 7.931893522331651125e-01 6.964874219957847279e-01 6.197044643691345112e-01 5.588353613127358122e-01
1.516134157057503096e+00 1.291626323256324538e+00 1.109300896578781392e+00 9.634380097549326560e-01 8.452714817339177511e-01 7.487631195582302723e-01 6.709210440512851648e-01
1.709916954426066615e+00 1.459800503671716765e+00 1.269598698460822961e+00 1.122118327360811518e+00 9.993556066938497073e-01 8.955477358004049204e-01 8.057424862662025955e-01
1.971874182337844505e+00 1.672981438459512749e+00 1.436045942889293991e+00 1.259618299826490206e+00 1.124607260173082102e+00 1.014565485490229069e+00 9.306874906364145383e-01
2.403483269065953998e+00 1.954992189754085175e+00 1.667234465844846136e+00 1.457365605975713851e+00 1.284329308036703310e+00 1.152998291770426453e+00 1.026457087666955648e+00
2.715239914444889102e+00 2.451812887770207450e+00 2.042750346904978809e+00 1.720219593353831788e+00 1.510745592790958991e+00 1.321299889889967716e+00 1.264496365154902602e+00
4.068264098709093446e+00 2.594118983821858127e+00 2.301939715942084685e+00 2.143320274658680802e+00 1.847593769846137102e+00 1.701220836794043789e+00 1.212922980506409232e+00
1.951557358721361268e+00 4.552315356957778114e+00 3.423238640551391043e+00 2.351270814087226491e+00 2.134314392975722896e+00 1.615967233192816099e+00 2.628868279889020165e+00
1.678571207387397379e+01 -2.422360266558119424e+00 -7.347863160190482024e-02 4.077881312741346242e+00 3.150908104347386107e+00 3.575963510442270454e+00 -1.090254905624939985e+00
1.230416178370393965e+01 -6.567374812957963215e+00 -1.059717543020851238e+01 4.354455991832773876e+00 3.158937609094993437e+00 -6.258734530381127925e+00 2.329471352539658469e+01
2.171435662396208333e+00 4.703026776912539453e-01 -1.220618049213049172e+00 -4.610319143662729990e-01 -4.655758406653843551e+00 -9.413972318842724007e+00 -4.997343508640308407e-01
2.781325986080222190e+00 2.641496695170099329e+00 2.863226994645284851e+00 9.167777496264528647e-01 1.215948843366815524e+00 -3.186943970600390141e+00 -2.618312395687451399e+01
2.933910794895866481e+00 2.527558604793758157e+00 2.196775316642272546e+00 2.314132455229276353e+00 1.248156054394716996e+00 -1.860392628851058605e+00 -5.866706846549811338e+00
4.313117708230396197e+00 3.099794439825851455e+00 2.547375807122773672e+00 2.310788329268898877e+00 1.856297885287113481e+00 1.313188257193378394e+00 9.994038671285000452e-01
5.685032350285431413e+00 4.005411029654066368e+00 3.111445900693137645e+00 2.790387931385104547e+00 2.706569265880051312e+00 2.327601189895959877e+00 1.244013812983189027e+00
5.705138952880523640e+00 4.064938475288110808e+00 3.194215714091076741e+00 2.820379866084995690e+00 2.488009835228845112e+00 2.119505121348293830e+00 1.820095517105611238e+00
