-4.880941182860977223e-01 -4.044610101810208747e-01 -3.349989334930381646e-01 -2.771057148345491550e-01 -2.271214130478653170e-01 -1.833545940771427740e-01 -1.432090051997647884e-01
-8.669648383397199343e-01 -7.483861753306899622e-01 -6.510174196208783348e-01 -5.682576928907902003e-01 -4.967499454364511791e-01 -4.331889356907158151e-01 -3.761936062107475442e-01
-1.301832587990159329e+00 -1.155455829691440117e+00 -1.034055107084510317e+00 -9.309276282147901371e-01 -8.417108633383322269e-01 -7.635757763493300487e-01 -6.937177408053516459e-01
-1.796291064567343776e+00 -1.607670591142568606e+00 -1.457507090508826542e+00 -1.333617881923794934e+00 -1.227768509162715960e+00 -1.135594883733194171e+00 -1.054042657225626511e+00
-2.364057442129199771e+00 -2.142183083044972403e+00 -1.947333440490647272e+00 -1.783324317950312876e+00 -1.647023896944424637e+00 -1.532253564111093924e+00 -1.433659925155360559e+00
-2.833385857154894882e+00 -2.660000785370195686e+00 -2.488085448812594080e+00 -2.318539942495256856e+00 -2.156187090676287443e+00 -2.007574414216427350e+00 -1.875785053613008957e+00
-3.248226501356386464e+00 -3.060653967955273558e+00 -2.913269201655732665e+00 -2.780461158012321743e+00 -2.654259731466977357e+00 -2.527053163632323685e+00 -2.399452968352941973e+00
-3.849924018996247366e+00 -3.578552096541052663e+00 -3.355580675220475761e+00 -3.189243072498568754e+00 -3.052262856902934640e+00 -2.939892625262123360e+00 -2.835737083178202944e+00
-4.687370245442270544e+00 -4.300411312156966481e+00 -4.031319295993541552e+00 -3.779625505472473002e+00 -3.579028262240260716e+00 -3.401644189662515139e+00 -3.266678248644420357e+00
-5.887552570807741859e+00 -5.434830139990655340e+00 -4.934298624018107482e+00 -4.616098469692206940e+00 -4.329590131701987588e+00 -4.120269091334520795e+00 -3.901675135089874846e+00
-7.078352615154159366e+00 -6.438296519615217761e+00 -6.241847148166130843e+00 -5.793684696720015737e+00 -5.450145209466696450e+00 -5.060709934096347062e+00 -4.822223738720055941e+00
-9.079314400647973571e+00 -8.600746975644666392e+00 -7.512280742933440614e+00 -7.096689678511580723e+00 -6.651916510140660321e+00 -6.413290111821020822e+00 -6.017172406343611613e+00
2.077369533620876840e+00 3.236115746324175646e+00 -9.155771822219701761e+00 -1.046174289589303008e+01 -8.412390871222809707e+00 -7.962428630657982787e+00 -7.485809883886782146e+00
1.135067384490568010e+01 5.881873383935045219e+00 7.771786685250378746e+00 -9.992272579369302354e-01 1.615307310302815047e+00 -1.052314403672728993e+01 -9.355151418468063085e+00
-6.152229354040799514e+00 -3.064049174998248137e+00 7.473997506584594497e+00 1.773956579280913104e+01 5.610063608906868282e+00 1.117474159658524613e+01 -5.218882788831797015e+00
-4.257119218547732231e+00 -4.405222091939360318e+00 -6.227617898994515677e+00 -7.566781692432882345e+00 6.962760247051217322e-01 6.851997760569926932e+00 1.024496213533486255e+01
-5.151414090613926966e+00 -4.711694986004173025e+00 -4.051739239366122014e+00 -3.370202451282816369e+00 -5.313197041370855800e+00 -8.131905196966568994e+00 1.581993818628043558e+00
-7.263115202171531060e+00 -6.105777668324713581e+00 -5.812470732987295996e+00 -5.787567954777280477e+00 -4.417553685834926469e+00 -3.760427217949649514e-01 5.853268267381861456e-01
-9.393863275419660042e+00 -8.588845961831101050e+00 -7.256677125188948807e+00 -6.025741990831541273e+00 -7.265617163837427839e+00 -1.211070262813232290e+01 -1.000231291643555664e+01
-9.500367377123820845e+00 -8.741559804720658633e+00 -7.318226317003022174e+00 -5.975643498013369914e+00 -7.511508634394342465e+00 -1.322978053621324257e+01 -1.079222427301646192e+01
