9.748347617893735162e+00 9.802853458957679678e+00 9.849788688338341203e+00 9.890926866165431264e+00 9.927460326580478167e+00 9.960219622752191526e+00 9.989795541652753741e+00
9.677519683138173789e+00 9.742732600394344189e+00 9.798483017385999361e+00 9.847063784588170776e+00 9.890025208288344416e+00 9.928479468439908473e+00 9.963203245038759093e+00
9.563864776039107340e+00 9.643077802323613668e+00 9.710373498690493932e+00 9.768775701780825216e+00 9.820228919204609497e+00 9.866185093195879219e+00 9.907619399209110611e+00
9.401360007126960738e+00 9.497969284046456906e+00 9.579459725168124606e+00 9.649766866582544012e+00 9.711471557227403295e+00 9.766364409238770250e+00 9.815758445677017718e+00
9.182914908919403985e+00 9.301460922592553970e+00 9.401032763754574972e+00 9.486305300511732597e+00 9.560589771801085490e+00 9.626266750664582261e+00 9.685061126493922146e+00
8.907900792505811793e+00 9.047937296462139400e+00 9.167632137394532421e+00 9.271012893773018959e+00 9.361242951305611015e+00 9.440789128981315059e+00 9.511617784772884221e+00
8.588190052644934624e+00 8.746176636836958451e+00 8.882147308230724292e+00 9.001520424332822401e+00 9.107394895383990274e+00 9.202023373997375799e+00 9.286971196589378863e+00
8.216699472428437900e+00 8.398425943065738863e+00 8.553361001730610980e+00 8.687652060060511161e+00 8.806665215142889025e+00 8.913405820927481571e+00 9.010450438235237058e+00
7.770264678587587071e+00 7.986849006900231807e+00 8.166620895051824647e+00 8.322892195537207272e+00 8.459321768311305334e+00 8.581148233200305953e+00 8.690081087070817389e+00
7.213145926817203346e+00 7.472712196212878411e+00 7.698653987231561580e+00 7.884146658504343819e+00 8.046466464335267688e+00 8.186963386984595914e+00 8.315147848252125939e+00
6.547092104349482966e+00 6.870361543084301026e+00 7.105314762680769114e+00 7.335201480492597348e+00 7.529408582161535080e+00 7.709698686853841743e+00 7.858255252079158204e+00
5.632296548850102447e+00 5.988572140589417003e+00 6.418431796420231983e+00 6.675123498364436969e+00 6.917186339416099727e+00 7.091940019003868834e+00 7.291421392937301071e+00
5.151594932657892478e+00 5.690121239895449712e+00 5.385688011859214086e+00 5.735508123887970378e+00 6.031986502649575144e+00 6.410757365240407069e+00 6.577470077332626452e+00
6.157043306236020364e+00 6.320201521611557460e+00 5.338292876291473199e+00 4.833480836879584963e+00 5.670945747832060846e+00 5.191196566807308344e+00 5.718236181597631251e+00
6.292306010474733924e+00 6.424307825330767940e+00 6.386706954606340858e+00 6.261867777546529013e+00 6.129356817495273724e+00 5.311933182219052085e+00 4.702310749732315998e+00
5.734838484099915590e+00 6.002966621575886563e+00 6.275189809480112402e+00 6.503339369021810867e+00 6.533399370697375197e+00 6.589793674104921450e+00 5.276234337500399718e+00
5.258456048893064505e+00 5.530899778027957403e+00 5.766486733250170360e+00 5.985192855581027871e+00 6.189868772981974132e+00 6.166738323712932512e+00 5.787864729396662966e+00
4.606010960111846408e+00 4.971149028883812271e+00 5.248000002600398339e+00 5.491151895470006927e+00 5.702894236249914428e+00 5.859457499723697893e+00 5.973176062289551780e+00
3.729316753869954315e+00 4.207291787936342509e+00 4.556587499523115703e+00 4.848677873396733062e+00 5.122573062593569482e+00 5.380153412890108733e+00 5.564605990541805269e+00
3.679595092866937645e+00 4.161686649972073937e+00 4.518232045137739128e+00 4.817092689896655067e+00 5.083690212259735830e+00 5.313490167508278184e+00 5.509894406850657234e+00
