9.143931634981502521e-01 7.618724612843409405e-01 6.309725351562711637e-01 5.348962584847293256e-01 4.657680442599954618e-01 4.145651871974800340e-01 3.933434423931015944e-01
1.316837569366235750e+00 1.067236392204282902e+00 8.926394233818781832e-01 7.660603874652037737e-01 6.711432522901182862e-01 6.014293193765551937e-01 5.398296469747722037e-01
1.612716256548906824e+00 1.326853156976855797e+00 1.113195542713138808e+00 9.562107164701052486e-01 8.322889037917772237e-01 7.351892243265868432e-01 6.667478748912953890e-01
2.121780179065223315e+00 1.672274579861431132e+00 1.352640723244570298e+00 1.138743803723502701e+00 9.845415022447391307e-01 8.637801330155732149e-01 7.721135238056475725e-01
2.335719142184195185e+00 2.092694023846553453e+00 1.795224811586174862e+00 1.492169682648547546e+00 1.245382764206301118e+00 1.058421875702820536e+00 9.218488866543503857e-01
1.741084658932639639e+00 1.726559409236419596e+00 1.711689954390692714e+00 1.670506059448974456e+00 1.563236551902605243e+00 1.405513581305499748e+00 1.226770234773750801e+00
2.178189315697829365e+00 1.624023925413847325e+00 1.374433973666395525e+00 1.284024478209121689e+00 1.259752219159771203e+00 1.279206476551739913e+00 1.267624768054324003e+00
2.890514824483114698e+00 2.504320171749808033e+00 1.922504801790784867e+00 1.484931342361586193e+00 1.237304378289096674e+00 1.046364561575402696e+00 1.073010587151249418e+00
4.931076719081885606e+00 3.044178346933913204e+00 2.573738376644303827e+00 2.284442347023676323e+00 1.857223247859427273e+00 1.626104135837338482e+00 1.008860616666420018e+00
3.126508602405798420e+00 5.347104873942036818e+00 4.082690305515093598e+00 2.884084012951075859e+00 2.522228412164161160e+00 1.901883689122884302e+00 2.707686729707698081e+00
1.201666181151933621e+01 2.483493717099809039e+00 3.144527329722301978e+00 4.276751650867109511e+00 3.499524227792237596e+00 3.714394316673996777e+00 4.805426279110056598e-01
-4.570743771574989012e+00 1.098863028010685383e+01 7.627232382583523318e+00 3.624159103551671812e+00 3.687058186993180442e+00 2.129595149192429204e+00 6.836884330148571109e+00
1.906309127854009375e+02 -1.118108476552689012e+02 -8.038176283954281587e+01 2.240213974692385435e+01 1.307463238175402864e+01 2.787586831113060271e-01 1.360776250588149594e+01
-2.020190527579636068e+02 3.737430387013724697e+01 -5.484477751224416409e+01 -2.442821307731978919e+01 -3.213675142690384945e+01 -1.327422845787767756e+02 2.339921278788833092e+02
3.075584100462396275e-01 6.479358973696585622e+01 1.493048884608521973e+02 -3.790469454615299583e+01 -5.360412720657149066e+01 5.537647748572308615e+01 -4.927701746684803084e+02
2.249430263880478620e+00 -7.531990566973483681e+00 -3.123642840939003662e+01 3.763091618972802621e+01 8.842958136146675940e+01 4.121414195448910789e+01 3.317443413946921282e+01
5.171445732262025530e+00 4.560655308086040804e+00 9.576178572827931390e+00 -2.620593557757067593e+00 -3.693753840194159466e+01 7.519664795010811531e+00 2.137146050218648838e+02
1.732306667394476563e+01 6.538453174456360983e+00 4.245470375679927244e-02 2.838019416939440376e+00 3.045297904305649084e+01 3.769582140030422579e+01 -3.114984926707991164e+01
4.472505943865253464e+00 1.115688553952972129e+01 1.501553640493718156e+01 5.674087970708376005e+00 -3.798008944722506186e+01 -3.630254930083187759e+01 1.010894140726083492e+02
3.157326028316641331e+00 1.146476536017527081e+01 1.644784433460621642e+01 5.721346502618608554e+00 -4.513169986682017765e+01 -4.281865818133438495e+01 1.179848634334936435e+02
