-3.248554422995930224e+01 6.765999666604801455e+00 5.421545563541686263e+00 -6.698467328587899949e+00 2.264002007767996205e-01
5.862427026281886278e+00 -1.441563659764347749e+00 -9.617238722440857313e-02 3.420992658481415205e+00 2.632323291932834763e+00
7.192194380132348464e+00 -1.303499459448819175e+00 -1.978196542337762542e+00 -3.948948353402925715e-01 -2.116592305262221085e+00
-1.958363298405431552e+00 5.288726031970381047e-01 -1.571271143827061012e-01 -1.707202758063810721e+00 -1.812194634765414758e+00
-2.955535473310133110e+00 4.053972288595521500e-01 1.333946557873455729e+00 1.227538765647899321e+00 1.483600104099204620e+00
-5.355550248375040567e+00 8.986673526933359746e-01 1.760880837600697912e+00 6.440718951003033821e-01 9.612222139454118519e-01
-1.054551649839879168e+01 1.713860282315816441e+00 3.690075369135794148e+00 1.721679811523990411e+00 2.147224658943259090e+00
-1.390940598214070434e+01 2.156543976342116142e+00 5.283230076772573724e+00 3.212824804843491755e+00 3.687500646247698910e+00
-1.844286489706793475e+01 2.882274401940938091e+00 6.913767289302782615e+00 4.053436926010887120e+00 4.703106473058539905e+00
-6.585256161537704322e+00 6.826886643539250565e-01 3.854501504122602729e+00 5.236313753862530618e+00 7.134256809667906651e+00
-9.061135729881547363e+00 8.682514711676654340e-01 5.588129845210623614e+00 3.977815365689652882e+00 -5.083375993952902405e+00
-2.735479229347807006e+01 7.923087927938322395e+00 -4.337559418274128831e+00 -9.350211917281580298e+00 4.767165284574970485e+01
-6.261915755711271458e-01 -6.538242578149056072e-02 8.877212786974943981e-01 3.360917313912342053e+00 8.482003455909577383e+00
1.370125735992423976e+01 -7.753661719399635999e+00 1.731338951767287426e+01 1.948117194850571465e+01 -7.067155354953690960e+01
-4.848826093937309167e+01 1.659588913527764475e+01 -1.789529560173524203e+01 -2.601243231676010836e+01 1.181938618238544194e+02
-4.848826093937320536e+01 1.659588913527768028e+01 -1.789529560173531308e+01 -2.601243231676019008e+01 1.181938618238547747e+02
-4.848826093937320536e+01 1.659588913527768028e+01 -1.789529560173531308e+01 -2.601243231676019008e+01 1.181938618238547747e+02
-4.848826093937320536e+01 1.659588913527768028e+01 -1.789529560173531308e+01 -2.601243231676019008e+01 1.181938618238547747e+02
