-2.505343481916693538e+00 -1.816875383318690584e+00 -5.623353720593454730e-02 8.914436371570324535e-01 6.688906956609484977e-01 1.865795999976477548e-01 -4.979424278955947303e-01
-4.344425291858022842e-02 -3.267824162284357903e-01 -8.229238371825874365e-01 -1.001453130924365720e+00 -7.968657810912083139e-01 -4.499468568653862133e-01 2.512574876103548793e-02
3.359342663338245050e-01 3.132040113388611657e-01 1.538151046105175612e-01 -3.210667651599490718e-02 -1.848010175581998038e-01 -3.841641680684309001e-01 -5.841508346543895502e-01
5.893380398751561777e-02 2.176435409062223714e-01 3.657492681473523688e-01 4.283804240918275830e-01 4.118174120684864881e-01 3.495170261324762051e-01 2.067248870083516210e-01
-3.045383770552601566e-01 -5.914110981869531714e-02 8.887500683440312244e-02 1.998597589554307608e-01 2.970422775624949607e-01 3.861306191832321599e-01 4.607543954588838586e-01
-1.083513367068440925e+00 -5.842941530534260242e-01 -2.497223653549900113e-01 -3.279284977502243403e-02 1.104928782363467782e-01 2.085726168071697639e-01 2.791774301027190042e-01
-2.101555856165878922e+00 -1.499101759308330228e+00 -9.745649149997914762e-01 -5.591613871868095220e-01 -2.596858468658740371e-01 -5.086226669598251787e-02 9.950411054310440151e-02
-3.336064495880670666e+00 -2.566745999071242235e+00 -1.954802528154751640e+00 -1.447142964157526857e+00 -9.931155388412061802e-01 -6.095376484274914741e-01 -3.222921066135984169e-01
-3.342957418113366330e+00 -3.561490834916197556e+00 -3.107650798687583205e+00 -2.472097047561331085e+00 -1.944459807698479592e+00 -1.509347060895346981e+00 -1.084635250696798003e+00
-5.014257732627197761e+00 -3.631498923838674564e+00 -3.558450743349257817e+00 -3.528730678222963046e+00 -3.116206491478004548e+00 -2.523587032185418355e+00 -2.081022390367055941e+00
-4.704086760338858753e+00 -5.516651982250289521e+00 -4.452873862070942046e+00 -3.722168732434973926e+00 -3.555624191425518887e+00 -3.585454761562510750e+00 -3.124347987218135003e+00
-4.791982798149365230e+00 -2.744451013606244327e+00 -4.606033328158585682e+00 -4.407461392598968075e+00 -6.104895363676538622e+00 -3.885933042483836086e+00 -3.911674491122634212e+00
-6.517179174039869238e+00 -7.689366854544034346e+00 -5.493427469222672777e+00 -5.492013239310717942e+00 -2.805280458334330707e+00 -4.581277184123240254e+00 -4.211455091693817820e+00
-7.046355495758932719e+00 -6.381483897699724572e+00 -6.558217783137480161e+00 -6.133648978412456820e+00 -6.350841993383054884e+00 -5.783156427654248866e+00 -5.422404916544808273e+00
-8.667500262825836188e+00 -7.912642495045921542e+00 -7.234782492382979768e+00 -7.034659355916025980e+00 -6.692256113918398697e+00 -6.468262653267460749e+00 -6.308996842969897045e+00
-1.052705495072871145e+01 -9.707681148606360111e+00 -8.962808476052467554e+00 -8.148884142942334208e+00 -7.662175606060874777e+00 -7.401797803980811885e+00 -7.465247157208038331e+00
-9.546662324472107386e+00 -1.009965537374522349e+01 -1.069163106087297876e+01 -1.022700967332785105e+01 -9.460151545843062948e+00 -8.788248816332819402e+00 -7.896926088641104791e+00
-3.735137523941197912e+00 -7.590848569811027957e+00 -9.723108341002948407e+00 -1.087916918655526111e+01 -1.042221505959152417e+01 -1.080961288048527180e+01 -1.030222966695340148e+01
-6.461434093061177997e+00 -4.945442733565235116e+00 -3.666265013747863843e+00 -7.295878967276109961e+00 -8.631858878927353373e+00 -1.150319122169503494e+01 -1.089952044012033028e+01
-6.828300236337252471e+00 -4.810932485844348960e+00 -3.228748036001467980e+00 -7.004223710781454670e+00 -8.469196359206621949e+00 -1.150207269545835409e+01 -1.088007178483928605e+01
