1.221359598984666839e+01 1.227399455143892126e+01 1.232143478982235152e+01 1.236277378014057682e+01 1.239935921096085103e+01 1.243214577945317068e+01 1.246182496284549224e+01
1.209782355729723236e+01 1.216863539157782448e+01 1.225968092557790534e+01 1.233162290508343517e+01 1.237424057712945213e+01 1.241212304387047460e+01 1.244706603915289556e+01
1.213099529591599257e+01 1.217534165785544253e+01 1.221004168634387987e+01 1.225328374685011212e+01 1.230506776560152815e+01 1.236206505163114855e+01 1.242668726179612193e+01
1.214918817045465893e+01 1.220875579566394897e+01 1.225800436731124066e+01 1.229763077297821816e+01 1.232932175518834761e+01 1.235540657232009920e+01 1.238150623162437469e+01
1.213921104003465778e+01 1.221659332188414737e+01 1.227672859083326351e+01 1.232637617572201627e+01 1.236886925290272465e+01 1.240583740031839710e+01 1.243791134297533318e+01
1.206985440899113726e+01 1.218637814264884334e+01 1.227195166420378847e+01 1.233763699650362433e+01 1.239034517655444034e+01 1.243424362518899429e+01 1.247192517506234921e+01
1.190396120701500315e+01 1.207960087759852463e+01 1.221052461707581571e+01 1.230927215646658546e+01 1.238510020711458637e+01 1.244507915838105916e+01 1.249420691382594839e+01
1.161514485098267357e+01 1.186630002689426888e+01 1.205843081601694422e+01 1.220639699426658886e+01 1.232210014477653814e+01 1.241314789923140438e+01 1.248480078347550304e+01
1.126124559418602367e+01 1.153822123089550722e+01 1.179005240706578839e+01 1.200107208783686197e+01 1.216994226932099821e+01 1.230392095673861874e+01 1.241366228142836015e+01
1.082521575706481620e+01 1.116729516321143656e+01 1.143725085536715547e+01 1.168125451416466021e+01 1.189852846543888276e+01 1.209277936847389157e+01 1.224831911352440272e+01
1.030067067779944701e+01 1.066076613305206422e+01 1.101414266795209151e+01 1.129701393195312065e+01 1.156356057052983211e+01 1.176717143272467858e+01 1.197396629998672601e+01
9.817372086258412622e+00 1.026384405567238645e+01 1.053756416606719348e+01 1.087538523100197452e+01 1.101547850682333518e+01 1.137187509209645775e+01 1.159757157616482814e+01
9.216096726263522498e+00 9.693062976716541712e+00 1.001199827788745189e+01 1.035147737793440470e+01 1.058190876568348493e+01 1.093318577318503060e+01 1.117682573417406111e+01
8.508568918165220651e+00 8.955153353093438184e+00 9.371973365583214033e+00 9.740999110001338224e+00 1.009355757411316823e+01 1.038365766642123056e+01 1.066605761096415783e+01
7.680940917772161924e+00 8.212566610805540179e+00 8.653428358500562467e+00 9.046818656834490824e+00 9.401591493087071427e+00 9.740580878734297343e+00 1.005920077930577961e+01
6.685116367441737317e+00 7.286116164167066422e+00 7.807379720259778111e+00 8.257808313977598402e+00 8.655550554219411552e+00 9.009605164133764887e+00 9.311849867181260620e+00
5.528295558657008613e+00 6.207253189285269812e+00 6.762621658778139810e+00 7.293146157813551689e+00 7.757278390628197684e+00 8.171668728118360647e+00 8.534782328684041630e+00
4.894687176974340304e+00 5.272997056305330332e+00 5.645154079227832966e+00 6.147067999190543475e+00 6.688008046429749776e+00 7.129941712924231290e+00 7.563796599928090281e+00
4.435068558809660999e+00 4.612443727586748921e+00 4.895446104371728779e+00 5.152895625002027913e+00 5.660719372744121181e+00 5.943621215216438713e+00 6.431436086710545119e+00
4.400105204113031299e+00 4.586768962391312598e+00 4.877295707673916070e+00 5.115259076987693554e+00 5.615713540467046627e+00 5.883079551715018951e+00 6.374119310462991628e+00
