1.236277378014057859e+01 1.232143478982235685e+01 1.236277378014057327e+01 1.239935921096084925e+01 1.243214577945316890e+01
1.233682851220878263e+01 1.226402347093599410e+01 1.233682851220877907e+01 1.237837502235882425e+01 1.241445210117356091e+01
1.225465440574890330e+01 1.220923016441651043e+01 1.225465440574889797e+01 1.230773402102980363e+01 1.236631550996765228e+01
1.229023755388890571e+01 1.225146495171558314e+01 1.229023755388890038e+01 1.232286447978381538e+01 1.235088838285522073e+01
1.232201296002495283e+01 1.227465202215522488e+01 1.232201296002495106e+01 1.236218942022659917e+01 1.239685273358813511e+01
1.233734624278813286e+01 1.227684397778586600e+01 1.233734624278813108e+01 1.238674829795388632e+01 1.242845381036423191e+01
1.232379389856845364e+01 1.223727396216320606e+01 1.232379389856844654e+01 1.239093315377809823e+01 1.244490620938333159e+01
1.225337427603271401e+01 1.212349581551793065e+01 1.225337427603271578e+01 1.235325782231705993e+01 1.243116684102108493e+01
1.209610597873211724e+01 1.191261706875223680e+01 1.209610597873211191e+01 1.224271601415452082e+01 1.235926580122495011e+01
1.183968957783907072e+01 1.160059534859923680e+01 1.183968957783906539e+01 1.203724893258018369e+01 1.220090273075771670e+01
1.149049914861590693e+01 1.123887279828260688e+01 1.149049914861590338e+01 1.173245774417565812e+01 1.194475084899472073e+01
1.111611462213978996e+01 1.080030868219892781e+01 1.111611462213978641e+01 1.136068892356106019e+01 1.159236257544027815e+01
1.068040239321032558e+01 1.033858261793521649e+01 1.068040239321032736e+01 1.078654040779588996e+01 1.120461230729766733e+01
1.014480664638360352e+01 9.801763192734386010e+00 1.014480664638359997e+01 1.046168719703989680e+01 1.075633609466357399e+01
9.543082438395352085e+00 9.162466490767823046e+00 9.543082438395350309e+00 9.887949800199260508e+00 1.019765715914265769e+01
9.543082438395352085e+00 9.162466490767821270e+00 9.543082438395350309e+00 9.887949800199258732e+00 1.019765715914265769e+01
9.543082438395352085e+00 9.162466490767821270e+00 9.543082438395350309e+00 9.887949800199258732e+00 1.019765715914265769e+01
9.543082438395352085e+00 9.162466490767821270e+00 9.543082438395350309e+00 9.887949800199258732e+00 1.019765715914265769e+01
