6.964753427429568600e-01 5.253449444902712484e-01 4.373088785664335232e-01 3.887964022936162278e-01 3.452381464141099920e-01 3.114109914277333746e-01 2.830904444141869036e-01
4.594735962362760939e-01 8.830249653895227979e-01 8.641475906258305750e-01 5.500100772753737655e-01 3.726016468191257758e-01 3.745874990592501508e-01 3.138122176471104807e-01
5.674286341657961419e-01 3.573652783813330847e-01 3.745019651455580578e-01 4.828895308765433492e-01 5.447222890776859394e-01 6.016604562438643278e-01 6.972207717846339303e-01
6.486677219859694477e-01 5.433828832413546417e-01 4.422866507459628505e-01 3.537198332028268499e-01 2.823556527560229235e-01 2.501315360295717771e-01 2.826524962064513313e-01
8.853018807144483748e-01 6.749657551341954331e-01 5.403616227068475109e-01 4.570733691743449345e-01 3.955647626796651717e-01 3.445043179983852677e-01 2.976806675050451267e-01
1.360008527482241991e+00 9.904762108675692067e-01 7.410042854270910695e-01 5.832722630675251096e-01 4.777120328223443124e-01 4.040784662040852737e-01 3.533740575985301335e-01
2.024309541730406448e+00 1.510650460122049843e+00 1.129990919605710076e+00 8.595242274969410179e-01 6.691798715697301336e-01 5.379663436582327041e-01 4.521559551381721387e-01
2.857964862291086927e+00 2.190784240556078899e+00 1.677477126512712191e+00 1.302216274562641996e+00 1.023737638024499130e+00 8.053603222838322528e-01 6.358402338092140615e-01
2.832305961074943923e+00 2.675620418756815333e+00 2.329416750290699945e+00 1.892238288320887030e+00 1.498325964082044992e+00 1.199923922403586474e+00 1.013578709524546095e+00
3.979459449291229856e+00 2.961152082576466338e+00 2.536985169473072066e+00 2.309687768127886898e+00 2.062592060167185881e+00 1.785689620480319206e+00 1.288368900477203871e+00
3.285892089464721888e+00 3.741688483175418245e+00 3.151513682412873774e+00 2.739690754204757273e+00 2.372260378100340628e+00 1.875992756540496798e+00 2.435940479444487217e+00
6.769458441354403000e+00 2.880470672984474678e+00 3.314421260971043282e+00 2.208079543018974800e+00 2.190690789637300906e+00 3.923853131266328731e+00 -4.233112344577979469e-01
6.543090772253156828e+00 3.487870997463415002e+00 3.382471786611052966e+00 2.734673892628289416e+00 2.776147276756743221e+00 3.611988857863538183e+00 6.234063465064000331e-01
4.486092325222850619e+00 4.381309305215729921e+00 3.890803876454018706e+00 3.630847896205173786e+00 3.233330794623850757e+00 2.715585617896185244e+00 3.079327839321110538e+00
5.950094368211304996e+00 4.772428348049139402e+00 4.134815461444195428e+00 3.715871187042592005e+00 3.446593827980741320e+00 3.310620158028621418e+00 3.039204126465922418e+00
6.428934115624835854e+00 5.601189291485987098e+00 4.834209302972473310e+00 4.212737990940079058e+00 3.759963752056200370e+00 3.301312505520030971e+00 2.723765614719146022e+00
7.876874067537977808e+00 5.936954522816441759e+00 5.405090844830168884e+00 5.019471153711337230e+00 4.356726495826191758e+00 3.909299972128144507e+00 3.331191757336555703e+00
4.444362300293312806e+00 3.437084898796965327e+00 4.321305172123534710e+00 5.499822699265321191e+00 4.965023046872742540e+00 4.126296525254281811e+00 4.803447457060312509e+00
2.121207231001811799e-01 2.818635190125959866e+00 2.324664883258004355e+00 4.096262199300396034e+00 4.248484370712191094e+00 2.631568024283131191e+00 8.346744951147988090e+00
1.552413004181429079e-01 2.981993191475957872e+00 2.232501040504580647e+00 3.942706084397110455e+00 4.149209605700874270e+00 2.495069734619131729e+00 8.622684555700921294e+00
