-1.191873471232671955e+00 1.825468324340973059e-01 4.616861414961227483e-01 3.084412357361776547e-01 3.857088949370358621e-01
-2.214544298896620411e+00 3.792217367204146483e-01 6.976573520148805496e-01 2.606953979049455583e-01 5.882687253087770518e-01
-1.253328196055987886e+00 1.724216847040511980e-01 5.636414572396662992e-01 5.281281847360929094e-01 6.736789303785668537e-01
-1.125449590616426798e+00 1.749987735749954643e-01 4.254544963162751881e-01 2.651690832068257508e-01 3.333940398460610299e-01
-1.373221338949304204e+00 2.130012907773473629e-01 5.212161758398281552e-01 3.282559480045045830e-01 4.109532390377435007e-01
-1.763318105283793624e+00 2.766364026192817405e-01 6.567724948066689938e-01 3.934032231944287750e-01 5.028416396986213899e-01
-2.537329771122941224e+00 4.034655215089713032e-01 9.234676850868965836e-01 5.124394865902749396e-01 6.601436929985473601e-01
-3.811552179420823361e+00 6.069914845625720146e-01 1.383586241170550402e+00 7.515237547290871678e-01 9.440956895641594571e-01
-5.358196615257257100e+00 8.442092078298113478e-01 1.981359783937857832e+00 1.133320018487235625e+00 1.380154816898299774e+00
-6.953756237152497022e+00 1.085935826177898855e+00 2.610012932440761269e+00 1.573619963487405959e+00 1.931901801169151334e+00
-7.153030791027267909e+00 1.060251892180621658e+00 2.912023222304652492e+00 2.099203595392258315e+00 2.318713407490875511e+00
-9.293242616303890813e+00 1.488561908743328166e+00 3.338994981330459133e+00 1.966865406798725235e+00 3.080981990489351396e+00
-1.112324734033943230e+01 2.143425917418604332e+00 2.549543670665034512e+00 1.097133095741445130e+00 8.788221368989411530e+00
-9.831852657498506787e+00 1.485491792257088717e+00 3.889885488470079533e+00 2.752686383027838968e+00 3.445252427817740770e+00
-1.093356144284767772e+01 1.660621245148527159e+00 4.291076462253492707e+00 2.939572188780615658e+00 3.587876405043296746e+00
-1.093356144284768305e+01 1.660621245148528491e+00 4.291076462253490043e+00 2.939572188780612993e+00 3.587876405043309624e+00
-1.093356144284768305e+01 1.660621245148528491e+00 4.291076462253490043e+00 2.939572188780612993e+00 3.587876405043309624e+00
-1.093356144284768305e+01 1.660621245148528491e+00 4.291076462253490043e+00 2.939572188780612993e+00 3.587876405043309624e+00
