-5.771543212497618924e+00 1.589322745400572678e+01 1.567193173779748250e+01 2.668616209076061008e+00 -4.592669588095211530e+00 -5.443858971476766229e+00 -8.636888232694021283e+00
3.273703135167223000e-01 -4.945765750516928350e+00 -3.928694839369211156e+00 4.204236671158805283e-01 3.028741853647048288e+00 4.009797140065310295e+00 5.591815481659019760e+00
8.272977131505433457e-01 -1.096249310833171009e+00 -1.905875321517064958e+00 -1.639570038744252889e+00 -1.694328188567440385e+00 -2.144841953559069037e+00 -1.706798510081984910e+00
1.328623418250465482e+00 1.689824320461424501e+00 1.116543224698934855e+00 1.661092763109935644e-01 -3.989360123088843690e-01 -9.362671658559978960e-01 -2.008771076071168782e+00
3.171735091431904241e+00 1.851638586373851814e+00 1.224112079762580851e+00 1.021939157799607978e+00 9.331494108817400823e-01 8.335890055074757221e-01 6.438581039800261863e-01
5.971730025786206930e+00 4.090804631540667202e+00 2.678781499454639725e+00 1.739108468992885292e+00 1.171241932313919154e+00 8.168877992172016711e-01 6.217434268084411908e-01
6.295492921095114269e+00 5.694271860943137753e+00 4.737147870114941206e+00 3.555347822242736378e+00 2.487832884931629351e+00 1.742294252755549833e+00 1.318688826315529639e+00
8.643684007272661063e+00 6.824497883772735918e+00 5.496183489413948742e+00 4.778859205982963765e+00 4.238989366060549990e+00 3.393342801675898635e+00 2.312342394064099249e+00
-7.293572300797287689e+00 2.049718530934784511e+00 6.153896759831633645e+00 6.016508050384703488e+00 4.675800768302648791e+00 4.162788476384218228e+00 4.467782036210940610e+00
2.520550145321812607e+01 4.864354834471010136e+00 -9.887111127639972574e-01 2.173536985056339965e+00 5.561890728676213591e+00 5.733209481365140192e+00 2.560794379191717596e+00
-2.651488561538211641e+01 5.759822834246544510e+00 1.101198122643349819e+01 4.026749754478988308e+00 -2.014901249867486754e-01 8.806298716419198591e-01 9.617256764640588429e+00
7.181899589022998498e+01 -1.496930642470684347e+01 -6.363286091679305478e+00 -9.467860578357662149e+00 -7.311326604285683928e-01 2.803824172352616628e+01 -4.562520805705876370e+01
-6.011097205945596045e+01 2.089298848672933318e+01 7.251569257054610418e+00 1.602134294205172083e+01 9.307469301388655580e+00 -2.592913849198219012e+01 5.222384566575539822e+01
1.884422677036526750e+01 -1.553053123036927108e+00 2.012117100426046079e+00 9.396322999508260887e-01 4.506273924033541989e-01 7.772634653182024955e+00 -3.688053699984024547e+00
5.457975419765166869e+00 8.401384394023702740e+00 3.918020117425703219e+00 2.266029310170355693e+00 3.293653995830278181e+00 1.551255785965522271e+00 1.999100988762707587e+00
9.656913401530626828e+00 7.275897507148801679e+00 8.166890810161492098e+00 6.820449422126070083e+00 3.570297601081962036e+00 1.310950342391777657e+00 -2.906245505063943746e+00
1.133209318838268587e-02 -8.398018380327533450e+00 -7.683206639043955732e-01 7.650672048466390152e+00 7.110017920936339664e+00 7.072081977639171235e+00 1.149841788456570946e+01
-5.188748524021418973e+01 -2.758329488124553563e+01 -1.741845974665601915e+01 -1.392484634457438641e+00 2.015196726828381912e+00 -4.581613090756336604e+00 1.991081741534061678e+01
-1.298410254593445856e+01 2.863988756620990728e+01 -1.772037533950582500e+01 -2.827147321951288461e+01 -1.816154773782732690e+01 -2.530170346174565310e+01 5.133851474902050427e+01
-8.591225567788368878e+00 3.346817078966263637e+01 -1.729489158078870759e+01 -3.008734121462097377e+01 -1.956919325688201283e+01 -2.657135529815803565e+01 5.352835168053405113e+01
