8.914436711669007085e-01 -5.623357367059711454e-02 8.914436711669539992e-01 6.688902460688572749e-01 1.865795528325176200e-01
-9.754729508806178062e-01 -8.265079655429590222e-01 -9.754729508806148086e-01 -7.733499838823110206e-01 -4.348022329261454488e-01
-2.331330993947553498e-01 -3.873326333013988633e-03 -2.331330993947783869e-01 -3.242460084710195312e-01 -4.222787056934834693e-01
5.102765988633615191e-01 4.652456942627935521e-01 5.102765988633620742e-01 4.050177405162070365e-01 2.170055061499169824e-01
2.127833322228678270e-01 1.055462814433036356e-01 2.127833322229188695e-01 3.378370223100129466e-01 4.703733897083940962e-01
5.185073922195470447e-02 -1.260600379274553762e-01 5.185073922192140472e-02 1.601487153457590296e-01 2.284637602868322126e-01
-3.667581328056981338e-01 -7.226479294940583165e-01 -3.667581328056892520e-01 -1.161198771479588082e-01 5.737584300014458849e-02
-1.103977210661719388e+00 -1.583793112134545655e+00 -1.103977210661708508e+00 -7.003834758586822140e-01 -3.765762125819004380e-01
-2.047970619637514478e+00 -2.681886424296805682e+00 -2.047970619637561107e+00 -1.528860408124707027e+00 -1.120283237424065437e+00
-3.114681256597515269e+00 -3.375675198239012964e+00 -3.114681256597495285e+00 -2.664441583748783593e+00 -2.050214145622808015e+00
-3.661509257458686051e+00 -4.027740896835994455e+00 -3.661509257458694933e+00 -3.121121356246000289e+00 -3.114308746991483190e+00
-3.946530384546131032e+00 -4.521961206426210467e+00 -3.946530384546094616e+00 -5.147873261840873127e+00 -3.748755525934456934e+00
-4.855271866524232038e+00 -4.893119687880940205e+00 -4.855271866524217828e+00 -4.664905687783579502e+00 -4.094825400182336317e+00
-5.771621422042544580e+00 -5.861924725986282780e+00 -5.771621422042590765e+00 -3.162555782659693726e+00 -4.952737296637288011e+00
-6.177841089754794623e+00 -6.942665223195703561e+00 -6.177841089754720016e+00 -9.642589409476489237e+00 -6.302879857918771478e+00
-6.177841089754794623e+00 -6.942665223195703561e+00 -6.177841089754720905e+00 -9.642589409476503448e+00 -6.302879857918773254e+00
-6.177841089754794623e+00 -6.942665223195703561e+00 -6.177841089754720905e+00 -9.642589409476503448e+00 -6.302879857918773254e+00
-6.177841089754794623e+00 -6.942665223195703561e+00 -6.177841089754720905e+00 -9.642589409476503448e+00 -6.302879857918773254e+00
