0.000000000000000000e+00
1.001112347052280249e+00
2.002224694104560498e+00
3.003337041156840748e+00
4.004449388209120997e+00
5.005561735261401246e+00
6.006674082313681495e+00
7.007786429365961745e+00
8.008898776418241994e+00
9.010011123470523131e+00
1.001112347052280249e+01
1.101223581757508185e+01
1.201334816462736299e+01
1.301446051167964413e+01
1.401557285873192349e+01
1.501668520578420285e+01
1.601779755283648399e+01
1.701890989988876512e+01
1.802002224694104626e+01
1.902113459399332385e+01
2.002224694104560498e+01
2.102335928809788612e+01
2.202447163515016371e+01
2.302558398220244484e+01
2.402669632925472598e+01
2.502780867630700712e+01
2.602892102335928826e+01
2.703003337041156584e+01
2.803114571746384698e+01
2.903225806451612812e+01
3.003337041156840570e+01
3.103448275862068684e+01
3.203559510567296797e+01
3.303670745272524556e+01
3.403781979977753025e+01
3.503893214682980783e+01
3.604004449388209252e+01
3.704115684093437011e+01
3.804226918798664769e+01
3.904338153503893238e+01
4.004449388209120997e+01
4.104560622914348755e+01
4.204671857619577224e+01
4.304783092324804983e+01
4.404894327030032741e+01
4.505005561735261210e+01
4.605116796440488969e+01
4.705228031145717438e+01
4.805339265850945196e+01
4.905450500556172955e+01
5.005561735261401424e+01
5.105672969966629182e+01
5.205784204671857651e+01
5.305895439377085410e+01
5.406006674082313168e+01
5.506117908787541637e+01
5.606229143492769396e+01
5.706340378197997154e+01
5.806451612903225623e+01
5.906562847608453382e+01
6.006674082313681140e+01
6.106785317018909609e+01
6.206896551724137368e+01
6.307007786429365837e+01
6.407119021134593595e+01
6.507230255839822064e+01
6.607341490545049112e+01
6.707452725250277581e+01
6.807563959955506050e+01
6.907675194660733098e+01
7.007786429365961567e+01
7.107897664071190036e+01
7.208008898776418505e+01
7.308120133481645553e+01
7.408231368186874022e+01
7.508342602892102491e+01
7.608453837597329539e+01
7.708565072302558008e+01
7.808676307007786477e+01
7.908787541713013525e+01
8.008898776418241994e+01
8.109010011123470463e+01
8.209121245828697511e+01
8.309232480533925980e+01
8.409343715239154449e+01
8.509454949944381497e+01
8.609566184649609966e+01
8.709677419354838435e+01
8.809788654060065483e+01
8.909899888765293952e+01
9.010011123470522421e+01
9.110122358175750890e+01
9.210233592880977938e+01
9.310344827586206407e+01
9.410456062291434876e+01
9.510567296996661923e+01
9.610678531701890392e+01
9.710789766407118861e+01
9.810901001112345909e+01
9.911012235817574378e+01
1.001112347052280285e+02
1.011123470522802990e+02
1.021134593993325836e+02
1.031145717463848683e+02
1.041156840934371530e+02
1.051167964404894235e+02
1.061179087875417082e+02
1.071190211345939929e+02
1.081201334816462634e+02
1.091212458286985481e+02
1.101223581757508327e+02
1.111234705228031032e+02
1.121245828698553879e+02
1.131256952169076726e+02
1.141268075639599431e+02
1.151279199110122278e+02
1.161290322580645125e+02
1.171301446051167829e+02
1.181312569521690676e+02
1.191323692992213523e+02
1.201334816462736228e+02
1.211345939933259075e+02
1.221357063403781922e+02
1.231368186874304769e+02
1.241379310344827474e+02
1.251390433815350320e+02
1.261401557285873167e+02
1.271412680756395872e+02
1.281423804226918719e+02
1.291434927697441424e+02
1.301446051167964413e+02
1.311457174638487118e+02
1.321468298109009822e+02
1.331479421579532811e+02
1.341490545050055516e+02
1.351501668520578221e+02
1.361512791991101210e+02
1.371523915461623915e+02
1.381535038932146620e+02
1.391546162402669609e+02
1.401557285873192313e+02
1.411568409343715018e+02
1.421579532814238007e+02
1.431590656284760712e+02
1.441601779755283701e+02
1.451612903225806406e+02
1.461624026696329111e+02
1.471635150166852100e+02
1.481646273637374804e+02
1.491657397107897509e+02
1.501668520578420498e+02
1.511679644048943203e+02
1.521690767519465908e+02
1.531701890989988897e+02
1.541713014460511602e+02
1.551724137931034306e+02
1.561735261401557295e+02
1.571746384872080000e+02
1.581757508342602705e+02
1.591768631813125694e+02
1.601779755283648399e+02
1.611790878754171104e+02
1.621802002224694093e+02
1.631813125695216797e+02
1.641824249165739502e+02
1.651835372636262491e+02
1.661846496106785196e+02
1.671857619577307901e+02
1.681868743047830890e+02
1.691879866518353595e+02
1.701890989988876299e+02
1.711902113459399288e+02
1.721913236929921993e+02
1.731924360400444698e+02
1.741935483870967687e+02
1.751946607341490392e+02
1.761957730812013097e+02
1.771968854282536086e+02
1.781979977753058790e+02
1.791991101223581779e+02
1.802002224694104484e+02
1.812013348164627189e+02
1.822024471635150178e+02
1.832035595105672883e+02
1.842046718576195588e+02
1.852057842046718577e+02
1.862068965517241281e+02
1.872080088987763986e+02
1.882091212458286975e+02
1.892102335928809680e+02
1.902113459399332385e+02
1.912124582869855374e+02
1.922135706340378078e+02
1.932146829810900783e+02
1.942157953281423772e+02
1.952169076751946477e+02
1.962180200222469182e+02
1.972191323692992171e+02
1.982202447163514876e+02
1.992213570634037580e+02
2.002224694104560569e+02
2.012235817575083274e+02
2.022246941045605979e+02
2.032258064516128968e+02
2.042269187986651673e+02
2.052280311457174378e+02
2.062291434927697367e+02
2.072302558398220071e+02
2.082313681868743060e+02
2.092324805339265765e+02
2.102335928809788470e+02
2.112347052280311459e+02
2.122358175750834164e+02
2.132369299221356869e+02
2.142380422691879858e+02
2.152391546162402562e+02
2.162402669632925267e+02
2.172413793103448256e+02
2.182424916573970961e+02
2.192436040044493666e+02
2.202447163515016655e+02
2.212458286985539360e+02
2.222469410456062064e+02
2.232480533926585053e+02
2.242491657397107758e+02
2.252502780867630463e+02
2.262513904338153452e+02
2.272525027808676157e+02
2.282536151279198862e+02
2.292547274749721851e+02
2.302558398220244555e+02
2.312569521690767260e+02
2.322580645161290249e+02
2.332591768631812954e+02
2.342602892102335659e+02
2.352614015572858648e+02
2.362625139043381353e+02
2.372636262513904057e+02
2.382647385984427046e+02
2.392658509454949751e+02
2.402669632925472456e+02
2.412680756395995445e+02
2.422691879866518150e+02
2.432703003337041139e+02
2.442714126807563844e+02
2.452725250278086548e+02
2.462736373748609537e+02
2.472747497219132242e+02
2.482758620689654947e+02
2.492769744160177936e+02
2.502780867630700641e+02
2.512791991101223346e+02
2.522803114571746335e+02
2.532814238042269039e+02
2.542825361512791744e+02
2.552836484983314733e+02
2.562847608453837438e+02
2.572858731924360427e+02
2.582869855394882848e+02
2.592880978865405837e+02
2.602892102335928826e+02
2.612903225806451246e+02
2.622914349276974235e+02
2.632925472747497224e+02
2.642936596218019645e+02
2.652947719688542634e+02
2.662958843159065623e+02
2.672969966629588043e+02
2.682981090100111032e+02
2.692992213570634021e+02
2.703003337041156442e+02
2.713014460511679431e+02
2.723025583982202420e+02
2.733036707452724841e+02
2.743047830923247830e+02
2.753058954393770819e+02
2.763070077864293239e+02
2.773081201334816228e+02
2.783092324805339217e+02
2.793103448275861638e+02
2.803114571746384627e+02
2.813125695216907616e+02
2.823136818687430036e+02
2.833147942157953025e+02
2.843159065628476014e+02
2.853170189098998435e+02
2.863181312569521424e+02
2.873192436040044413e+02
2.883203559510567402e+02
2.893214682981089823e+02
2.903225806451612812e+02
2.913236929922135801e+02
2.923248053392658221e+02
2.933259176863181210e+02
2.943270300333704199e+02
2.953281423804226620e+02
2.963292547274749609e+02
2.973303670745272598e+02
2.983314794215795018e+02
2.993325917686318007e+02
3.003337041156840996e+02
3.013348164627363417e+02
3.023359288097886406e+02
3.033370411568409395e+02
3.043381535038931816e+02
3.053392658509454805e+02
3.063403781979977794e+02
3.073414905450500214e+02
3.083426028921023203e+02
3.093437152391546192e+02
3.103448275862068613e+02
3.113459399332591602e+02
3.123470522803114591e+02
3.133481646273637011e+02
3.143492769744160000e+02
3.153503893214682989e+02
3.163515016685205410e+02
3.173526140155728399e+02
3.183537263626251388e+02
3.193548387096773808e+02
3.203559510567296797e+02
3.213570634037819786e+02
3.223581757508342207e+02
3.233592880978865196e+02
3.243604004449388185e+02
3.253615127919910606e+02
3.263626251390433595e+02
3.273637374860956584e+02
3.283648498331479004e+02
3.293659621802001993e+02
3.303670745272524982e+02
3.313681868743047403e+02
3.323692992213570392e+02
3.333704115684093381e+02
3.343715239154615801e+02
3.353726362625138790e+02
3.363737486095661779e+02
3.373748609566184200e+02
3.383759733036707189e+02
3.393770856507230178e+02
3.403781979977752599e+02
3.413793103448275588e+02
3.423804226918798577e+02
3.433815350389320997e+02
3.443826473859843986e+02
3.453837597330366975e+02
3.463848720800889396e+02
3.473859844271412385e+02
3.483870967741935374e+02
3.493882091212457794e+02
3.503893214682980783e+02
3.513904338153503772e+02
3.523915461624026193e+02
3.533926585094549182e+02
3.543937708565072171e+02
3.553948832035595160e+02
3.563959955506117581e+02
3.573971078976640570e+02
3.583982202447163559e+02
3.593993325917685979e+02
3.604004449388208968e+02
3.614015572858731957e+02
3.624026696329254378e+02
3.634037819799777367e+02
3.644048943270300356e+02
3.654060066740822776e+02
3.664071190211345765e+02
3.674082313681868754e+02
3.684093437152391175e+02
3.694104560622914164e+02
3.704115684093437153e+02
3.714126807563959574e+02
3.724137931034482563e+02
3.734149054505005552e+02
3.744160177975527972e+02
3.754171301446050961e+02
3.764182424916573950e+02
3.774193548387096371e+02
3.784204671857619360e+02
3.794215795328142349e+02
3.804226918798664769e+02
3.814238042269187758e+02
3.824249165739710747e+02
3.834260289210233168e+02
3.844271412680756157e+02
3.854282536151279146e+02
3.864293659621801567e+02
3.874304783092324556e+02
3.884315906562847545e+02
3.894327030033369965e+02
3.904338153503892954e+02
3.914349276974415943e+02
3.924360400444938364e+02
3.934371523915461353e+02
3.944382647385984342e+02
3.954393770856506762e+02
3.964404894327029751e+02
3.974416017797552740e+02
3.984427141268075161e+02
3.994438264738598150e+02
4.004449388209121139e+02
4.014460511679643560e+02
4.024471635150166549e+02
4.034482758620689538e+02
4.044493882091211958e+02
4.054505005561734947e+02
4.064516129032257936e+02
4.074527252502780357e+02
4.084538375973303346e+02
4.094549499443826335e+02
4.104560622914348755e+02
4.114571746384871744e+02
4.124582869855394733e+02
4.134593993325917154e+02
4.144605116796440143e+02
4.154616240266963132e+02
4.164627363737486121e+02
4.174638487208008542e+02
4.184649610678531531e+02
4.194660734149054520e+02
4.204671857619576940e+02
4.214682981090099929e+02
4.224694104560622918e+02
4.234705228031145339e+02
4.244716351501668328e+02
4.254727474972191317e+02
4.264738598442713737e+02
4.274749721913236726e+02
4.284760845383759715e+02
4.294771968854282136e+02
4.304783092324805125e+02
4.314794215795328114e+02
4.324805339265850535e+02
4.334816462736373524e+02
4.344827586206896513e+02
4.354838709677418933e+02
4.364849833147941922e+02
4.374860956618464911e+02
4.384872080088987332e+02
4.394883203559510321e+02
4.404894327030033310e+02
4.414905450500555730e+02
4.424916573971078719e+02
4.434927697441601708e+02
4.444938820912124129e+02
4.454949944382647118e+02
4.464961067853170107e+02
4.474972191323692527e+02
4.484983314794215516e+02
4.494994438264738505e+02
4.505005561735260926e+02
4.515016685205783915e+02
4.525027808676306904e+02
4.535038932146829325e+02
4.545050055617352314e+02
4.555061179087875303e+02
4.565072302558397723e+02
4.575083426028920712e+02
4.585094549499443701e+02
4.595105672969966122e+02
4.605116796440489111e+02
4.615127919911012100e+02
4.625139043381534520e+02
4.635150166852057509e+02
4.645161290322580498e+02
4.655172413793102919e+02
4.665183537263625908e+02
4.675194660734148897e+02
4.685205784204671318e+02
4.695216907675194307e+02
4.705228031145717296e+02
4.715239154616239716e+02
4.725250278086762705e+02
4.735261401557285694e+02
4.745272525027808115e+02
4.755283648498331104e+02
4.765294771968854093e+02
4.775305895439376513e+02
4.785317018909899502e+02
4.795328142380422491e+02
4.805339265850944912e+02
4.815350389321467901e+02
4.825361512791990890e+02
4.835372636262513879e+02
4.845383759733036300e+02
4.855394883203559289e+02
4.865406006674082278e+02
4.875417130144604698e+02
4.885428253615127687e+02
4.895439377085650676e+02
4.905450500556173097e+02
4.915461624026696086e+02
4.925472747497219075e+02
4.935483870967741495e+02
4.945494994438264484e+02
4.955506117908787473e+02
4.965517241379309894e+02
4.975528364849832883e+02
4.985539488320355872e+02
4.995550611790878293e+02
5.005561735261401282e+02
5.015572858731924271e+02
5.025583982202446691e+02
5.035595105672969680e+02
5.045606229143492669e+02
5.055617352614015090e+02
5.065628476084538079e+02
5.075639599555061068e+02
5.085650723025583488e+02
5.095661846496106477e+02
5.105672969966629466e+02
5.115684093437151887e+02
5.125695216907674876e+02
5.135706340378197865e+02
5.145717463848720854e+02
5.155728587319243843e+02
5.165739710789765695e+02
5.175750834260288684e+02
5.185761957730811673e+02
5.195773081201334662e+02
5.205784204671857651e+02
5.215795328142380640e+02
5.225806451612902492e+02
5.235817575083425481e+02
5.245828698553948470e+02
5.255839822024471459e+02
5.265850945494994448e+02
5.275862068965517437e+02
5.285873192436039290e+02
5.295884315906562279e+02
5.305895439377085268e+02
5.315906562847608257e+02
5.325917686318131246e+02
5.335928809788654235e+02
5.345939933259176087e+02
5.355951056729699076e+02
5.365962180200222065e+02
5.375973303670745054e+02
5.385984427141268043e+02
5.395995550611791032e+02
5.406006674082312884e+02
5.416017797552835873e+02
5.426028921023358862e+02
5.436040044493881851e+02
5.446051167964404840e+02
5.456062291434927829e+02
5.466073414905449681e+02
5.476084538375972670e+02
5.486095661846495659e+02
5.496106785317018648e+02
5.506117908787541637e+02
5.516129032258064626e+02
5.526140155728586478e+02
5.536151279199109467e+02
5.546162402669632456e+02
5.556173526140155445e+02
5.566184649610678434e+02
5.576195773081201423e+02
5.586206896551723275e+02
5.596218020022246264e+02
5.606229143492769253e+02
5.616240266963292243e+02
5.626251390433815232e+02
5.636262513904338221e+02
5.646273637374860073e+02
5.656284760845383062e+02
5.666295884315906051e+02
5.676307007786429040e+02
5.686318131256952029e+02
5.696329254727475018e+02
5.706340378197996870e+02
5.716351501668519859e+02
5.726362625139042848e+02
5.736373748609565837e+02
5.746384872080088826e+02
5.756395995550611815e+02
5.766407119021134804e+02
5.776418242491656656e+02
5.786429365962179645e+02
5.796440489432702634e+02
5.806451612903225623e+02
5.816462736373748612e+02
5.826473859844271601e+02
5.836484983314793453e+02
5.846496106785316442e+02
5.856507230255839431e+02
5.866518353726362420e+02
5.876529477196885409e+02
5.886540600667408398e+02
5.896551724137930250e+02
5.906562847608453239e+02
5.916573971078976228e+02
5.926585094549499217e+02
5.936596218020022206e+02
5.946607341490545195e+02
5.956618464961067048e+02
5.966629588431590037e+02
5.976640711902113026e+02
5.986651835372636015e+02
5.996662958843159004e+02
6.006674082313681993e+02
6.016685205784203845e+02
6.026696329254726834e+02
6.036707452725249823e+02
6.046718576195772812e+02
6.056729699666295801e+02
6.066740823136818790e+02
6.076751946607340642e+02
6.086763070077863631e+02
6.096774193548386620e+02
6.106785317018909609e+02
6.116796440489432598e+02
6.126807563959955587e+02
6.136818687430477439e+02
6.146829810901000428e+02
6.156840934371523417e+02
6.166852057842046406e+02
6.176863181312569395e+02
6.186874304783092384e+02
6.196885428253614236e+02
6.206896551724137225e+02
6.216907675194660214e+02
6.226918798665183203e+02
6.236929922135706192e+02
6.246941045606229181e+02
6.256952169076751034e+02
6.266963292547274023e+02
6.276974416017797012e+02
6.286985539488320001e+02
6.296996662958842990e+02
6.307007786429365979e+02
6.317018909899887831e+02
6.327030033370410820e+02
6.337041156840933809e+02
6.347052280311456798e+02
6.357063403781979787e+02
6.367074527252502776e+02
6.377085650723024628e+02
6.387096774193547617e+02
6.397107897664070606e+02
6.407119021134593595e+02
6.417130144605116584e+02
6.427141268075639573e+02
6.437152391546162562e+02
6.447163515016684414e+02
6.457174638487207403e+02
6.467185761957730392e+02
6.477196885428253381e+02
6.487208008898776370e+02
6.497219132369299359e+02
6.507230255839821211e+02
6.517241379310344200e+02
6.527252502780867189e+02
6.537263626251390178e+02
6.547274749721913167e+02
6.557285873192436156e+02
6.567296996662958009e+02
6.577308120133480998e+02
6.587319243604003987e+02
6.597330367074526976e+02
6.607341490545049965e+02
6.617352614015572954e+02
6.627363737486094806e+02
6.637374860956617795e+02
6.647385984427140784e+02
6.657397107897663773e+02
6.667408231368186762e+02
6.677419354838709751e+02
6.687430478309231603e+02
6.697441601779754592e+02
6.707452725250277581e+02
6.717463848720800570e+02
6.727474972191323559e+02
6.737486095661846548e+02
6.747497219132368400e+02
6.757508342602891389e+02
6.767519466073414378e+02
6.777530589543937367e+02
6.787541713014460356e+02
6.797552836484983345e+02
6.807563959955505197e+02
6.817575083426028186e+02
6.827586206896551175e+02
6.837597330367074164e+02
6.847608453837597153e+02
6.857619577308120142e+02
6.867630700778641994e+02
6.877641824249164983e+02
6.887652947719687972e+02
6.897664071190210962e+02
6.907675194660733951e+02
6.917686318131256940e+02
6.927697441601778792e+02
6.937708565072301781e+02
6.947719688542824770e+02
6.957730812013347759e+02
6.967741935483870748e+02
6.977753058954393737e+02
6.987764182424915589e+02
6.997775305895438578e+02
7.007786429365961567e+02
7.017797552836484556e+02
7.027808676307007545e+02
7.037819799777530534e+02
7.047830923248052386e+02
7.057842046718575375e+02
7.067853170189098364e+02
7.077864293659621353e+02
7.087875417130144342e+02
7.097886540600667331e+02
7.107897664071190320e+02
7.117908787541712172e+02
7.127919911012235161e+02
7.137931034482758150e+02
7.147942157953281139e+02
7.157953281423804128e+02
7.167964404894327117e+02
7.177975528364848969e+02
7.187986651835371958e+02
7.197997775305894947e+02
7.208008898776417936e+02
7.218020022246940925e+02
7.228031145717463914e+02
7.238042269187985767e+02
7.248053392658508756e+02
7.258064516129031745e+02
7.268075639599554734e+02
7.278086763070077723e+02
7.288097886540600712e+02
7.298109010011122564e+02
7.308120133481645553e+02
7.318131256952168542e+02
7.328142380422691531e+02
7.338153503893214520e+02
7.348164627363737509e+02
7.358175750834259361e+02
7.368186874304782350e+02
7.378197997775305339e+02
7.388209121245828328e+02
7.398220244716351317e+02
7.408231368186874306e+02
7.418242491657396158e+02
7.428253615127919147e+02
7.438264738598442136e+02
7.448275862068965125e+02
7.458286985539488114e+02
7.468298109010011103e+02
7.478309232480532955e+02
7.488320355951055944e+02
7.498331479421578933e+02
7.508342602892101922e+02
7.518353726362624911e+02
7.528364849833147900e+02
7.538375973303669753e+02
7.548387096774192742e+02
7.558398220244715731e+02
7.568409343715238720e+02
7.578420467185761709e+02
7.588431590656284698e+02
7.598442714126806550e+02
7.608453837597329539e+02
7.618464961067852528e+02
7.628476084538375517e+02
7.638487208008898506e+02
7.648498331479421495e+02
7.658509454949943347e+02
7.668520578420466336e+02
7.678531701890989325e+02
7.688542825361512314e+02
7.698553948832035303e+02
7.708565072302558292e+02
7.718576195773081281e+02
7.728587319243603133e+02
7.738598442714126122e+02
7.748609566184649111e+02
7.758620689655172100e+02
7.768631813125695089e+02
7.778642936596218078e+02
7.788654060066739930e+02
7.798665183537262919e+02
7.808676307007785908e+02
7.818687430478308897e+02
7.828698553948831886e+02
7.838709677419354875e+02
7.848720800889876728e+02
7.858731924360399717e+02
7.868743047830922706e+02
7.878754171301445695e+02
7.888765294771968684e+02
7.898776418242491673e+02
7.908787541713013525e+02
7.918798665183536514e+02
7.928809788654059503e+02
7.938820912124582492e+02
7.948832035595105481e+02
7.958843159065628470e+02
7.968854282536150322e+02
7.978865406006673311e+02
7.988876529477196300e+02
7.998887652947719289e+02
8.008898776418242278e+02
8.018909899888765267e+02
8.028921023359287119e+02
8.038932146829810108e+02
8.048943270300333097e+02
8.058954393770856086e+02
8.068965517241379075e+02
8.078976640711902064e+02
8.088987764182423916e+02
8.098998887652946905e+02
8.109010011123469894e+02
8.119021134593992883e+02
8.129032258064515872e+02
8.139043381535038861e+02
8.149054505005560713e+02
8.159065628476083702e+02
8.169076751946606691e+02
8.179087875417129680e+02
8.189098998887652670e+02
8.199110122358175659e+02
8.209121245828697511e+02
8.219132369299220500e+02
8.229143492769743489e+02
8.239154616240266478e+02
8.249165739710789467e+02
8.259176863181312456e+02
8.269187986651834308e+02
8.279199110122357297e+02
8.289210233592880286e+02
8.299221357063403275e+02
8.309232480533926264e+02
8.319243604004449253e+02
8.329254727474972242e+02
8.339265850945494094e+02
8.349276974416017083e+02
8.359288097886540072e+02
8.369299221357063061e+02
8.379310344827586050e+02
8.389321468298109039e+02
8.399332591768630891e+02
8.409343715239153880e+02
8.419354838709676869e+02
8.429365962180199858e+02
8.439377085650722847e+02
8.449388209121245836e+02
8.459399332591767688e+02
8.469410456062290677e+02
8.479421579532813666e+02
8.489432703003336655e+02
8.499443826473859644e+02
8.509454949944382633e+02
8.519466073414904486e+02
8.529477196885427475e+02
8.539488320355950464e+02
8.549499443826473453e+02
8.559510567296996442e+02
8.569521690767519431e+02
8.579532814238041283e+02
8.589543937708564272e+02
8.599555061179087261e+02
8.609566184649610250e+02
8.619577308120133239e+02
8.629588431590656228e+02
8.639599555061178080e+02
8.649610678531701069e+02
8.659621802002224058e+02
8.669632925472747047e+02
8.679644048943270036e+02
8.689655172413793025e+02
8.699666295884314877e+02
8.709677419354837866e+02
8.719688542825360855e+02
8.729699666295883844e+02
8.739710789766406833e+02
8.749721913236929822e+02
8.759733036707451674e+02
8.769744160177974663e+02
8.779755283648497652e+02
8.789766407119020641e+02
8.799777530589543630e+02
8.809788654060066619e+02
8.819799777530588472e+02
8.829810901001111461e+02
8.839822024471634450e+02
8.849833147942157439e+02
8.859844271412680428e+02
8.869855394883203417e+02
8.879866518353725269e+02
8.889877641824248258e+02
8.899888765294771247e+02
8.909899888765294236e+02
8.919911012235817225e+02
8.929922135706340214e+02
8.939933259176862066e+02
8.949944382647385055e+02
8.959955506117908044e+02
8.969966629588431033e+02
8.979977753058954022e+02
8.989988876529477011e+02
9.000000000000000000e+02
