6.603630498587163000e-01 5.558750222736424940e-01 4.765034733932999034e-01 4.167499998781164505e-01 3.695288622313015470e-01 3.314587806227516920e-01 3.007458113795813959e-01
-2.372575815725367576e+00 1.500378027077356791e+00 1.231426081456677757e+00 3.272531599056250351e-01 4.913426287462064335e-01 3.677498797611700732e-01 4.037317509042827601e-01
1.367928253322818755e-01 -1.681162527266095996e-02 -1.208005343796399456e-01 -2.613008691740108941e-02 -2.831164396927306481e-01 4.178760134755434286e-01 4.085842850646640656e+00
8.577073355944432320e-01 4.753267336932854303e-01 2.842894652070334649e-01 6.944292187825554241e-02 -1.983096938724794589e-02 1.038194370329303950e-02 -2.105387217205817174e-01
6.252851986722485655e+00 -1.927179726450212405e+00 1.137584598796569813e+00 2.338050835098446800e+00 -1.019832297006340871e-01 5.257093186107746341e-01 -4.035365209642015061e-01
2.078152637001454472e+00 1.453664534110780560e+00 1.158032135275923746e+00 1.015668241863781240e+00 8.853541061566987391e-01 7.171571073484444003e-01 4.267761737173360048e-01
2.123606829446327282e+00 1.543056590434399578e+00 1.292410246302777121e+00 1.157969887286431021e+00 1.029437534820252909e+00 9.734775295899598113e-01 9.533542810813515622e-01
1.992431399280154558e+00 1.735998932205232714e+00 1.478379901461838619e+00 1.263168597862319942e+00 1.128883676106677392e+00 1.028734906971262797e+00 9.210076973447737236e-01
2.381126484517289033e+00 1.919313459424900170e+00 1.674489617091539539e+00 1.506732752538250120e+00 1.311279522002299469e+00 1.157025248758498659e+00 1.077706394865432404e+00
8.347764788419508974e+00 -1.449706535794762052e+00 2.202776580575409149e+00 3.814481032362631918e+00 9.363197450742545280e-01 1.582914588924908328e+00 7.272414034544952832e-01
3.018138401578557506e+00 2.431776822420297801e+00 2.193929186464997017e+00 1.796414849891042831e+00 1.626856274498105437e+00 1.640004183114234904e+00 8.948061929461963437e-01
3.687871205329554591e+00 2.910577718690013693e+00 2.515637293672615904e+00 2.144166625132670756e+00 1.826874003600809759e+00 1.740073492865534588e+00 1.670487561040023161e+00
4.287189151736089165e+00 3.525691757767020817e+00 3.055819551506520071e+00 2.647744026014949181e+00 2.236477102378933157e+00 1.972114600200719048e+00 1.839911911056287597e+00
5.167807720703702756e+00 4.262671838461108642e+00 3.555362696488326701e+00 3.200264245887500358e+00 2.781979016689124951e+00 2.247806068858060335e+00 2.114825883430814013e+00
2.333186011866652532e+00 4.672592240614641845e+00 4.831281487085129278e+00 3.259937533708435087e+00 3.038266567237643656e+00 3.709559693831661953e+00 2.188085615326627931e+00
2.333186011866644982e+00 4.672592240614641845e+00 4.831281487085131943e+00 3.259937533708434199e+00 3.038266567237643656e+00 3.709559693831665061e+00 2.188085615326627487e+00
2.333186011866644982e+00 4.672592240614641845e+00 4.831281487085131943e+00 3.259937533708434199e+00 3.038266567237643656e+00 3.709559693831665061e+00 2.188085615326627487e+00
2.333186011866644982e+00 4.672592240614641845e+00 4.831281487085131943e+00 3.259937533708434199e+00 3.038266567237643656e+00 3.709559693831665061e+00 2.188085615326627487e+00
