1.322042391716858001e+00 6.007972602931013206e-01 1.533004934016779952e+00 2.222935123318666051e+00 3.314623013514107264e+00
-1.726056401621962610e+00 -1.323062038181056277e+00 -1.880743157282259492e+00 -2.213003769537630117e+00 -2.824917275915279191e+00
1.577090922061528122e-01 9.106487866228628603e-01 -2.503448602298907755e-02 -1.731918078555291507e-01 -4.064720940565820229e-01
1.009703215669786935e+00 -1.375236073938027603e+00 1.259960775026943924e+00 1.360516868839474869e+00 1.705416268394978063e+00
-1.062772835597768584e+00 -1.540078301358910773e+00 -1.046855088397458999e+00 -5.030074467587363207e-01 -8.489679311643288928e-02
-2.227269800378150588e+00 -6.088998353349978077e-01 -2.461699645249099788e+00 -1.929107170958233031e+00 -1.560746237222207844e+00
-2.677600822613994236e+00 -3.416917193651948903e+00 -2.491075911957512101e+00 -2.607236084980105950e+00 -2.528200796468471179e+00
-2.991117319419754228e+00 -2.476913805796341794e+00 -2.946901494965937118e+00 -2.841552144730460139e+00 -2.722044551736635842e+00
-3.622084754988063704e+00 -6.027186618141818109e+00 -3.725117898402309446e+00 -3.319341552099179360e+00 -3.188097318717364459e+00
-4.012537229656674143e+00 -4.224275408012287514e+00 -4.042231123656127245e+00 -3.953934847166321376e+00 -3.682323350098162251e+00
-4.548419502282925464e+00 -2.661295455106451602e+00 -4.474413463174116146e+00 -4.456758053252460883e+00 -4.268294415095938987e+00
-5.468401569798801987e+00 -6.469954483679309476e+00 -5.500058921256589350e+00 -5.036287309237343912e+00 -4.870054267288582039e+00
-6.800912073252929346e+00 -7.126699897088118796e+00 -6.766767378707550407e+00 -6.189078099291998925e+00 -5.852503465747117772e+00
-8.333418172393619372e+00 -8.961946450742804160e+00 -8.279266681153940155e+00 -7.926879917445828205e+00 -7.341149655826371578e+00
-9.287478125258482820e+00 -1.030688975074629532e+01 -1.025817562000313288e+01 -1.035875225051902149e+01 -8.648164338274032303e+00
-9.287478125258484596e+00 -1.030688975074629710e+01 -1.025817562000313643e+01 -1.035875225051902326e+01 -8.648164338274032303e+00
-9.287478125258484596e+00 -1.030688975074629710e+01 -1.025817562000313643e+01 -1.035875225051902326e+01 -8.648164338274032303e+00
-9.287478125258484596e+00 -1.030688975074629710e+01 -1.025817562000313643e+01 -1.035875225051902326e+01 -8.648164338274032303e+00
