-3.803160041059579832e+00 -5.033791578725152149e+00 6.007973847396121947e-01 1.322042371383666426e+00 2.222935206357203430e+00 3.314622880911304303e+00 -4.074103387902817675e-01
7.778353221539936468e-01 6.025865648163014621e-01 -1.309149704979257978e+00 -1.749865904564112729e+00 -2.267090598575831617e+00 -2.910987600154556265e+00 -5.002601792434305805e-01
5.673988029181352699e-01 1.073939610632290487e+00 1.291483623397005953e+00 5.768162587368357297e-01 3.408698067796829267e-01 2.477117941336336449e-01 -1.030017532591499085e+00
-1.271191575753666481e+00 -6.809777602178574973e-01 -2.560633690693562503e+00 6.062508588242451202e-01 1.020171104391676353e+00 1.331875186491617180e+00 7.386454095842652778e-01
-2.802369993695162709e+00 -2.204885608006060149e+00 -7.699098225441236565e-02 -1.363566864614188523e+00 -8.183087739905515745e-01 -3.342938479146888575e-01 1.822686768197239182e-01
-2.844181124927613880e+00 -2.711493917695090516e+00 -2.101030189222464095e+00 -2.419348421766949642e+00 -2.235020291529285608e+00 -1.985440477529148762e+00 -1.560404596473471406e+00
-3.055164069569388463e+00 -3.043796471568030348e+00 -3.090620008816906683e+00 -2.724191776742097115e+00 -2.635085768418138130e+00 -2.567045944719289707e+00 -2.542448453456917612e+00
-3.910760647553502167e+00 -3.629402679458734848e+00 -2.771866806501907643e+00 -3.206147502375370273e+00 -3.010665824400449164e+00 -2.854426801123668866e+00 -2.735565326606061554e+00
-4.353921137741809666e+00 -4.175936701093385217e+00 -7.634066775775320224e+00 -3.863411855301131848e+00 -3.555416193327887608e+00 -3.430745547523290639e+00 -3.233573665107973838e+00
-5.140435850272266016e+00 -4.785015817887774858e+00 -1.004942654427279924e+00 -4.151344400125550393e+00 -4.257206588893605925e+00 -3.901020886936559240e+00 -3.897638652928050451e+00
-6.323755292734727362e+00 -5.722125231552246838e+00 -5.804160157195412673e+00 -5.052134722211225615e+00 -4.676572357627247101e+00 -4.641515091629690559e+00 -4.220014261947700795e+00
-7.863571665000057109e+00 -7.278640863876577605e+00 -6.507348576315851396e+00 -6.119911128394780242e+00 -5.648493022746895242e+00 -5.288819249314559379e+00 -5.129483880494783321e+00
-9.752736480245459916e+00 -8.932250091332234021e+00 -8.347808383307935287e+00 -7.835298400352644244e+00 -7.209197393228646611e+00 -6.808545692536932314e+00 -6.525556736380409895e+00
-9.704207006355199283e+00 -1.088121719253551944e+01 -9.829109914284371641e+00 -9.066011587363211888e+00 -9.445059882256515493e+00 -8.368024374768971541e+00 -7.285766704818461115e+00
-1.528419700414162108e+01 -1.189122252280444592e+01 -1.070703616421389803e+01 -9.977454803292223673e+00 -1.093003729017796388e+01 -1.061819963166059289e+01 -1.062170474899898664e+01
-1.447034748377451230e+01 -1.620650926244644197e+01 -1.449881746897129275e+01 -1.428399111471466476e+01 -1.387322454482363909e+01 -1.150199393185012653e+01 -9.834475179450334892e+00
-1.031561031898256253e+01 -5.677856480100532899e+00 -1.796684272800471405e+01 -2.042268867513644892e+01 -1.547453210845828586e+01 -1.684920348396643064e+01 -1.601300065327733435e+01
-3.936770277676427554e+01 -1.739749927205234314e+01 -2.526477884950160302e+01 -8.969466395014958238e+00 -1.222972751154232718e+01 -9.571413336940212346e+00 -1.844120101542135615e+01
4.364714403556186539e+01 -5.254537088497724540e+01 1.586324779967582366e+00 1.038979906558970967e+01 -4.105010303232278446e+00 5.661144563549253661e+00 1.884420556759397058e+01
5.080979472324771251e+01 -5.491775700166755314e+01 3.843554763567396115e+00 1.156036745894291862e+01 -3.570710553352109962e+00 6.629089255389107649e+00 2.176802340623916265e+01
