-1.018696097595679220e+02 4.963837829185514039e+01 3.543481172031641790e+01 -7.025975564133579709e-01 1.603971439609904337e+01 -3.678841374065886072e+00 -8.023470583549054425e+01
1.929649066262707180e+01 -1.680587571675619074e+01 -1.166143979895679372e+01 -1.650869838507031062e+00 -8.433332787710552836e+00 2.418374760549107272e+00 5.060995491115992451e+01
8.976540373266821859e+00 4.045251487804044643e-01 -6.708172757677539622e+00 -5.980325693424058286e+00 -1.885742302977829077e+00 -3.402140682546772155e+00 -8.652202631137171807e+00
4.170584238390009801e+01 -1.556376367988770504e+01 1.008003234217753175e+01 1.783786547138217315e+01 6.410940556181885519e-01 4.691498879017221846e-01 -3.442925856535667606e+01
7.681864932839296500e+00 4.539486535443693072e+00 4.139597384253754342e+00 5.554291468370964324e+00 4.755362380267946776e+00 4.760540284996889859e+00 1.168785574423890239e+01
-3.581994307304635328e+01 2.675595155063748365e+01 -4.261417771257267617e-01 -1.166827174530003219e+01 7.493008689628373631e+00 1.691943881465289401e+00 6.797282451538588788e+00
1.172055264106146488e+01 -7.456203231455332592e+00 2.209739149435405281e+00 5.716367078468728380e+00 -7.847742031548705643e-01 1.904730518517497639e+00 1.829738510973292653e+00
-1.363390462283854276e+01 1.153889331801745399e+01 1.197618164961566478e+00 -3.772185888618727390e+00 2.951975221490462875e+00 3.646803314926161388e-02 7.107092133913315291e-01
5.054065550242154359e+01 -2.741166397089946827e+01 4.462169314381220886e+00 1.983526243356076435e+01 -2.567867067345577681e+00 3.455828923941623110e+00 -9.420119510162003884e-01
2.131284287332015026e+00 2.536598525581226227e+00 2.685604950920634337e+00 9.705091893846606865e-01 1.542575116919273404e+00 2.765606729693580679e+00 -2.755650226034816797e+00
-3.995543513991163564e+01 3.263917075843653492e+01 3.785979631400060441e-01 -1.502683627051562887e+01 5.864869174542676866e+00 -2.888781204387957935e-02 6.477606797578387088e+00
1.789364877961618916e+01 -2.284753924784241441e+00 5.185824589435636511e+00 9.027403675779188674e+00 1.714575940706671187e+00 2.064711636700724995e+00 5.142607763287139200e+00
6.452362526173065049e+00 9.317293001102049388e+00 4.734814630363172405e+00 4.457096851116133962e+00 5.565451899055453566e+00 1.733353777835509701e+00 1.305133692575849658e+00
6.949965769160613149e-01 5.578405513508922553e+00 7.066678973583007561e+00 4.827137542401176873e+00 4.676766855720977389e+00 6.233850531733009070e+00 2.967007138133195276e+00
-6.785244302992025212e+01 2.776099430290911663e+00 2.026232754266304781e+01 -5.399841789916245638e+00 -2.188353761780348350e-01 2.545459690416070586e+01 -2.727951116998429182e+00
-6.785244302992036580e+01 2.776099430290907666e+00 2.026232754266306912e+01 -5.399841789916262513e+00 -2.188353761780419404e-01 2.545459690416073073e+01 -2.727951116998439840e+00
-6.785244302992036580e+01 2.776099430290907666e+00 2.026232754266306912e+01 -5.399841789916262513e+00 -2.188353761780419404e-01 2.545459690416073073e+01 -2.727951116998439840e+00
-6.785244302992036580e+01 2.776099430290907666e+00 2.026232754266306912e+01 -5.399841789916262513e+00 -2.188353761780419404e-01 2.545459690416073073e+01 -2.727951116998439840e+00
