1.055515343192857181e+01 1.051060842219854763e+01 1.055515355268229882e+01 1.059437616670311044e+01 1.062936423957610543e+01
1.049385386237359263e+01 1.043984876561016506e+01 1.049385450183103963e+01 1.054090814393767772e+01 1.058253298086198058e+01
1.037433762784307945e+01 1.038458168533827397e+01 1.035465347997779162e+01 1.036763377461353386e+01 1.034964696676932050e+01
1.049100330180267449e+01 1.047132533342257865e+01 1.046982382428612723e+01 1.048939967286700004e+01 1.049102000140375779e+01
1.047879593181932734e+01 1.018023589165533238e+01 1.048691859750070066e+01 1.052649604863832167e+01 1.056065683964954971e+01
1.030871470423269187e+01 1.019984369626562071e+01 1.029018518349239741e+01 1.040337900322854559e+01 1.048452276336066014e+01
1.005714750316184869e+01 9.933816063776973238e+00 1.004076094478898895e+01 1.016560697478592701e+01 1.026545408836709150e+01
9.777755023890897235e+00 9.641394282407652838e+00 9.777755023890895458e+00 9.896725548041573006e+00 1.000466963086623728e+01
9.448342341319149185e+00 9.288757429277668010e+00 9.440634285114871460e+00 9.589180767585890663e+00 9.711971544296012837e+00
9.061355238256606270e+00 8.614396426195119361e+00 9.048101550149850070e+00 9.227630441365125336e+00 9.366111058309428472e+00
8.640987235455890314e+00 8.435904639101085678e+00 8.628352423241503644e+00 8.802786134451990208e+00 8.972448706489146275e+00
8.138868011303699745e+00 7.903082702457872699e+00 8.133436753562877541e+00 8.333721962384673887e+00 8.511925882383744479e+00
7.533555973631521852e+00 7.246977529537358187e+00 7.520305205677904503e+00 7.776419954802197942e+00 7.985748208155900585e+00
6.772019076796896186e+00 6.438459351698721633e+00 6.771890249654853200e+00 7.076405974922968412e+00 7.324551956180296308e+00
5.886153877361992137e+00 5.470931681177171768e+00 5.848904881567022152e+00 6.167908287482386953e+00 6.523572660578346394e+00
5.886153877361991249e+00 5.470931681177171768e+00 5.848904881567021263e+00 6.167908287482386065e+00 6.523572660578345506e+00
5.886153877361991249e+00 5.470931681177171768e+00 5.848904881567021263e+00 6.167908287482386065e+00 6.523572660578345506e+00
5.886153877361991249e+00 5.470931681177171768e+00 5.848904881567021263e+00 6.167908287482386065e+00 6.523572660578345506e+00
