-1.285193513951368383e+00 1.971469615597499225e-01 4.966092903241526857e-01 3.294482122805775792e-01 4.119184673677623865e-01
-1.560386736242911798e+00 2.401439991308005339e-01 5.998299234430870541e-01 3.923176569221955012e-01 4.912538197963739472e-01
7.110347365100535555e-01 -3.022871629663032578e-01 -9.241052060346355290e-02 1.634919236379789031e-01 -7.117525702025682133e-01
-2.430475049110358832e-01 -1.282046251368035850e-01 1.204816799619200518e-01 1.885080886218335472e-01 -2.386287209203638016e-01
-9.864671296825852309e+00 1.967041910976407237e+00 2.240183623361393206e+00 -5.399716949323829507e-01 2.131850420833592441e+00
-2.773854573397350975e+00 2.518934051772408478e-01 1.210395330479503206e+00 1.012584481792390578e+00 5.693941383988583294e-01
-3.233842488882546551e+00 3.426404546603443180e-01 1.371683919055334933e+00 1.124351199386980138e+00 8.717055907398361114e-01
-3.941316727583028534e+00 6.070509489590609764e-01 1.513112931746697809e+00 1.000435293071812337e+00 1.292584105226333824e+00
-4.446104104666202872e+00 6.079327914076113615e-01 1.783131252907428799e+00 1.272242346209347064e+00 1.268017137689464002e+00
-1.377901513590166083e+01 2.386785227069070370e+00 3.834263584422676452e+00 6.731808903403454503e-01 3.013298099003268060e+00
-5.780948866759448634e+00 8.080614392957197190e-01 2.169658743144990520e+00 1.519748448651486950e+00 2.074235959678332630e+00
-6.762740358737979740e+00 1.009938946558660566e+00 2.560046840278629166e+00 1.669051490130816440e+00 2.118421063824113215e+00
-8.045333098365510693e+00 1.123755188357090873e+00 3.152789306328602326e+00 2.148360344273631206e+00 2.217059390916787276e+00
-9.547279039077329443e+00 1.437720200701805950e+00 3.792533422008812494e+00 2.530544807990351419e+00 2.665138541793089288e+00
-1.174857954213893052e+01 1.628945319733843711e+00 4.115328389354466765e+00 2.819039312004719022e+00 4.848547732966379087e+00
-1.174857954213893230e+01 1.628945319733843489e+00 4.115328389354466765e+00 2.819039312004719022e+00 4.848547732966382640e+00
-1.174857954213893230e+01 1.628945319733843489e+00 4.115328389354466765e+00 2.819039312004719022e+00 4.848547732966382640e+00
-1.174857954213893230e+01 1.628945319733843489e+00 4.115328389354466765e+00 2.819039312004719022e+00 4.848547732966382640e+00
