-1.018696007348245729e+02 4.963837855525453335e+01 3.543480928778230066e+01 -7.025972031190637068e-01 1.603971417322168236e+01 -3.678844203938496094e+00 -8.023470371189203831e+01
2.203137649497343276e+01 -1.798563838869676701e+01 -1.269837375418392256e+01 -1.794440675979953159e+00 -8.862090349793453115e+00 2.409151207440463960e+00 5.223039810000353356e+01
2.175377082736571044e+00 5.787931586970428199e+00 -3.604558816252199982e+00 -6.283396878825275422e+00 2.197318330336157366e-01 -4.468664391405249958e+00 -2.347169444854801768e+01
5.967483065560888633e+01 -2.715888245979608229e+01 1.027743573537854083e+01 2.466599808954500261e+01 -1.517284241001347400e+00 3.171868704481569434e+00 -1.961596142114721175e+01
-2.907753440961318603e+01 2.732705859029950446e+01 1.530670391637790173e+00 -8.210177855094434207e+00 9.070507276655742857e+00 2.806339249456446971e+00 9.721459249826736482e+00
-8.762008639282427680e+00 7.565753731229320600e+00 7.935217855196659009e-01 -1.975475995463705114e+00 3.088679127130522506e+00 2.637997814075644154e+00 6.597800468241320715e+00
3.255644063205512584e+00 -1.602785899707962480e+00 2.091821358200811609e+00 2.823641311682699051e+00 2.796406070314256254e-01 7.721712208758284568e-01 -5.892060416981128590e-01
-1.033424423572714090e+01 1.082793640144022262e+01 1.189313861514092352e+00 -2.887536534995655657e+00 3.196861741512267319e+00 6.517106064976406765e-01 2.449310766328792521e+00
7.892983065759486294e+01 -4.588543505739693984e+01 6.207540430987594782e+00 3.043101870721418933e+01 -5.572097786421340793e+00 4.837361671806440278e+00 -4.122073054206993881e+00
-6.930602799133943392e+01 4.854594730912708656e+01 -8.129653698192518263e-01 -2.628394329698325294e+01 8.380820523762469776e+00 2.703665976031264795e-01 1.324751164791687419e+00
1.718529733496997736e+01 -1.277360216811891824e+00 3.511997598457058167e+00 7.329085103214304731e+00 9.992959757306609792e-01 9.923199113091047963e-01 8.728167249419300333e+00
1.925580074361771921e+00 8.277075695764409602e+00 5.652809803106734421e+00 3.873577156262604682e+00 4.618548178911537683e+00 2.584986500497879369e+00 6.117800866603004817e-01
9.761521782433762340e+00 6.836423240259184908e+00 5.040628164655245769e+00 5.909614830507559091e+00 5.479242215693163054e+00 2.975997541191170548e+00 3.125987324989273564e+00
-3.173326930413702840e+01 3.784275520442372809e+00 1.284907998449242328e+01 -7.244273032426936654e-01 1.570130189314109526e+00 1.538352292381354403e+01 1.674573438573397688e+00
5.474650107713242164e+01 1.799939637462476938e+01 1.057073862220001459e+01 -2.869319278058041434e+00 -5.783495288889760388e+00 6.780955582566072337e+00 -1.209035080600509815e+01
-5.667062149318481090e+01 1.090251799688120116e+01 1.220644994975674535e+01 -2.052773363954866426e+00 1.477243123049220230e+01 2.642296392792239956e+01 6.981940190175208727e-01
2.422575049561197602e+02 -9.387929511179498832e+01 -9.627729677960449806e+01 3.664351637913540571e+01 2.447254984945544010e+01 -2.732916004185683079e+01 6.869003397340023298e+01
6.551673017086316122e+02 -7.262430598904022361e+01 5.841764006540822862e+01 9.179473203852907659e+01 -3.454502808074563802e+01 2.832697202669660896e+01 -2.651070651424111020e+02
-2.549930201461704200e+03 2.078879033864751591e+02 4.565540102479758957e+02 -1.460488458613696707e+02 -4.309867929849255574e+01 1.765839279941274356e+02 2.523944344677033769e+01
-2.806941186754655519e+03 2.287794762289746870e+02 4.828360830483497921e+02 -1.657800746040590241e+02 -4.214374413969845534e+01 1.864167050562397776e+02 5.663894270247756424e+01
