1.039859620178699373e+01 1.045919880140440483e+01 1.051060842219854585e+01 1.055515343192857003e+01 1.059437616670311400e+01 1.062936423957610543e+01 1.066091315990651189e+01
1.028163421989726700e+01 1.027150261534186981e+01 1.043291684120311480e+01 1.048470070647452523e+01 1.052911055410149110e+01 1.056742809700739549e+01 1.061718586775940487e+01
1.039338267913698388e+01 1.040404576610732512e+01 1.039630012369929446e+01 1.037827154311982625e+01 1.036858907072135416e+01 1.034890052484784029e+01 1.053950079324548739e+01
1.035174110960665317e+01 1.042631164463158555e+01 1.043968061648751267e+01 1.050372322631726973e+01 1.050817182644239622e+01 1.051495378948588666e+01 1.049146767677963332e+01
1.013445461016176452e+01 1.026957915188071979e+01 1.016439967036915348e+01 1.045320345334137002e+01 1.051257336779645257e+01 1.055630165274293297e+01 1.058872483465463610e+01
9.821831667342902250e+00 1.000118519702908593e+01 1.016300684976892654e+01 1.024745976219312382e+01 1.034838814538745311e+01 1.043759605010954061e+01 1.050598699955251547e+01
9.520521623985475301e+00 9.700783906078612517e+00 9.831137407273836004e+00 9.971983300615193002e+00 1.008294581998281814e+01 1.018505675309554448e+01 1.028450520503310806e+01
9.155551639498394678e+00 9.350939076408122830e+00 9.548333033112649915e+00 9.663657609427863449e+00 9.788945115224120030e+00 9.902087891318265278e+00 1.000209469477462676e+01
8.717805436433989641e+00 8.939561501330429039e+00 8.989085006055574922e+00 9.290358995120893582e+00 9.444613332170016307e+00 9.572442405674085109e+00 9.692429963675888160e+00
8.222738994718154615e+00 8.469363448151833396e+00 8.508122227078748878e+00 8.868823696675931956e+00 9.032668145365056134e+00 9.186964360922733164e+00 9.315518713577461085e+00
7.621715556995477314e+00 7.921797862858367623e+00 8.202213351876823211e+00 8.388121714774216642e+00 8.563384843310654304e+00 8.737239133524601797e+00 8.888380788688202472e+00
6.882299392304477514e+00 7.237222911323962116e+00 7.531123939010532453e+00 7.805146844556970720e+00 8.024591902722278292e+00 8.220747714663222183e+00 8.405467373377582874e+00
5.939466697903411863e+00 6.399358879853492610e+00 6.761295975417284332e+00 7.069489195200334031e+00 7.357453729553121491e+00 7.581264548629405020e+00 7.778942877023680147e+00
4.919418134771402329e+00 5.308890833532341702e+00 5.776589616706324648e+00 6.178124883362333897e+00 6.472138784952211843e+00 6.805517767434491994e+00 7.086544735957453156e+00
3.733048606438359229e+00 4.233121537031391490e+00 4.759910053423113574e+00 5.167705174716158645e+00 5.410970519323014649e+00 5.754263054909102948e+00 6.104328425632531641e+00
1.698993459375055526e+00 2.519994109997405030e+00 3.341801923657711004e+00 3.999586270590113735e+00 4.110661978595554267e+00 4.691675041290083392e+00 5.035827396436002523e+00
1.298950320955382542e+00 1.519977972832205149e+00 1.832196376305392338e+00 1.994696864538926695e+00 2.527063179268293158e+00 3.085305247909432946e+00 3.814667044455219980e+00
-2.195857942039609600e+00 5.109940950761943101e-01 -7.158529649814593387e-01 3.711434760806664457e-01 1.026088278960619160e+00 1.621298039101209287e+00 1.678014912284417903e+00
-2.977109854757667318e+00 -2.964698307158774249e+00 -2.267743129752695985e+00 3.781935263037483619e-01 1.235702855465306005e-01 1.346549792276000135e+00 1.345158005842583160e+00
-2.728664773995008730e+00 -3.247470323212354515e+00 -2.253492180026690050e+00 4.359486593833330481e-01 1.033656707656496754e-01 1.378883894773757834e+00 1.451988034156787011e+00
