6.603630498587163000e-01 5.558750222736321689e-01 4.765034733932940192e-01 4.167499998781231119e-01 3.695288622313045446e-01 3.314587806227501932e-01 3.007458113796080412e-01
-2.263658533671133011e+00 1.408719774546219439e+00 1.167258074661560174e+00 3.181906607870866877e-01 4.457906691414801337e-01 3.804683786330717576e-01 6.745952260637044784e-01
1.933723439150006052e-01 1.723830915172288800e-02 -1.748022436525581702e-01 -9.125602416652751903e-02 -2.915052490195079726e-01 3.761464720849195809e-01 3.914271036403821125e+00
1.669597861857064380e+00 1.307551865229308885e-01 4.455665984770778021e-01 4.093258701394130727e-01 -2.813378038829881037e-02 4.012614647211762420e-02 -6.334952953830181865e-01
6.001810034729259336e+00 -1.574796949656595668e+00 1.195729570118731599e+00 2.300607713001107779e+00 4.705050069586706046e-02 6.041362662623310786e-01 -1.790515599996420348e-01
1.514329170923652379e+00 1.889308667465076086e+00 1.163691631996727871e+00 8.441617594690565829e-01 1.021100198682854954e+00 7.755260832921243574e-01 6.047610931005231727e-01
2.358987718035246761e+00 1.399668420134655422e+00 1.360812100076909781e+00 1.293065015655129768e+00 1.021180218572117271e+00 1.014417684466911052e+00 9.679305950688712468e-01
1.477916183600206823e+00 2.196869761332823856e+00 1.518046579496112880e+00 1.112499911274899000e+00 1.250316238748408137e+00 1.039143590443520226e+00 9.875967859927125003e-01
5.356331601332714243e+00 2.175937723519990319e-01 1.911680397906772688e+00 2.659609449734786413e+00 1.115731586587296764e+00 1.339966520511723047e+00 9.589012765419853146e-01
6.388092312597540179e+00 -1.434354106047822444e-02 2.230778822462233801e+00 3.075035706934468038e+00 1.205455898389075520e+00 1.647360626913243253e+00 6.906186403301025623e-01
2.692040944924747325e+00 3.106047073369886835e+00 2.298704608036036490e+00 1.688850051961385601e+00 1.781039927133383216e+00 1.660512802016636646e+00 1.326787226126489028e+00
4.076081867398276160e+00 3.133255623260851497e+00 2.855632040739977118e+00 2.481934210769505711e+00 2.020670027534369417e+00 1.903411782280503450e+00 1.791946963002769344e+00
5.222302070629162962e+00 4.042343977970888957e+00 3.263200342903433970e+00 3.008764110820609350e+00 2.586475837889227414e+00 1.998593140494611786e+00 2.063826024249086011e+00
2.989327921553516454e+00 4.542991731669939526e+00 4.553849609814399457e+00 3.318631323972220937e+00 3.038100141673321541e+00 3.350754631499240688e+00 1.991059862486926457e+00
4.387144996021340226e+00 5.374310425381535694e+00 4.921456711995118916e+00 2.977371857180998838e+00 2.700869836277905112e+00 3.815885203495750222e+00 2.836326539024620175e+00
8.286808285600624657e+00 8.173623524129816076e+00 8.302951546359745194e+00 3.002335108212445647e+00 2.753509668925794518e+00 6.746289337083529070e+00 -1.983704482046455109e+00
3.754890511708630640e-02 3.524617204584707064e+00 1.861363937044378414e+00 3.271493798439438105e+00 5.898664958084860466e+00 5.852097870336294250e+00 9.321059516177761850e+00
7.638510353244133455e+01 -7.424018952417277717e+00 -2.288878411027804649e+00 1.238401402666266726e+01 5.011059622639493227e+00 5.076384373395664618e+00 -5.758798116508172527e+00
8.993609271228827140e+00 -2.599272347113055659e+00 2.268448186737253280e+01 1.214809988149864139e+01 4.625210656097547002e-01 1.505250383522998092e+01 -2.402490479764803766e+01
-5.099379089151391931e+00 -1.450434462676956748e+00 2.515629475890880329e+01 1.132782490491239535e+01 2.381411452118520344e-01 1.600766757595303247e+01 -2.381014054728979090e+01
