-2.391528753427599696e+01 5.272598808650234226e+00 9.153768568672720818e+00 6.776462807425818191e+00 1.718892258654386396e+01
1.419628217037613283e+01 -3.454914339929747502e+00 -5.017227480466062595e+00 -3.174427678903227523e+00 -1.061028536291164848e+01
2.701700636661424682e+01 -6.435965184712875597e+00 -6.755452974637005781e+00 9.425592489091143555e-01 -8.457912262007258875e+00
-8.274413069687672362e+01 1.814831635075308469e+01 1.765859207457901903e+01 -6.710096365744118607e+00 2.254545818943846669e+01
-1.331166457918516244e+01 1.922571999981923518e+00 6.098908995266707933e+00 4.793917656956426576e+00 3.584169235338357851e+00
6.006657695902690364e+01 -1.443566344125930101e+01 -9.356818540118194250e+00 1.225671753303498690e+01 -1.264144935121498037e+01
-2.802977901862349341e+01 7.088038075573403596e+00 5.273374036024353728e+00 -3.891100959515513935e+00 9.177283266708922582e+00
1.702867448989676546e+01 -3.261762547579716731e+00 -2.655149565963387026e+00 2.943210643409717164e+00 -2.371984710796443352e+00
-7.645276741447327140e+01 1.391778221716347907e+01 1.769064424339202191e+01 -3.445007209452343844e+00 1.220000198496569865e+01
-6.348557081561082782e+00 9.826620222257940185e-01 1.527092172674354487e+00 1.019186112455818805e+00 5.193396584241384062e+00
6.180165287792021900e+01 -1.184457086942334669e+01 -1.220318822696254912e+01 6.793445832893276304e+00 -8.787023662265223578e+00
-3.036981111520996635e+01 5.090233040155430544e+00 9.059158410854587729e+00 1.683148549685183903e+00 3.108387009444911531e+00
-8.253935365262535129e+00 9.544511806428295220e-01 5.460471479052613653e+00 5.332316837030269596e+00 6.381785616392571248e-01
-2.015060783392050681e+01 3.925399861567615112e+00 6.073553124840465500e+00 2.832383637979800639e+00 1.074042308306736970e+01
-2.224102661225801469e+01 -1.500346685610734809e+00 -8.785114876385424765e-01 3.458517642983181872e+00 3.534477936757897965e+01
-2.224102661225801114e+01 -1.500346685610745912e+00 -8.785114876385540228e-01 3.458517642983185425e+00 3.534477936757901517e+01
-2.224102661225801114e+01 -1.500346685610745912e+00 -8.785114876385540228e-01 3.458517642983185425e+00 3.534477936757901517e+01
-2.224102661225801114e+01 -1.500346685610745912e+00 -8.785114876385540228e-01 3.458517642983185425e+00 3.534477936757901517e+01
