-3.803159910645766750e+00 -5.033791862173388587e+00 6.007972602932003525e-01 1.322042391716858223e+00 2.222935123318602102e+00 3.314623013514088168e+00 -4.074101078699056133e-01
6.632196952640552201e-01 4.440270900810758259e-01 -1.323062038181094247e+00 -1.726056401621936631e+00 -2.213003769537610133e+00 -2.824917275915274306e+00 -4.846663973494139688e-01
7.810998462658194086e-01 1.237992144717943832e+00 9.106487866228503147e-01 1.577090922061506195e-01 -1.731918078555363949e-01 -4.064720940565878515e-01 -9.780753966656072773e-01
-1.026263407488899659e+00 -4.101044896703894271e-01 -1.375236073938006509e+00 1.009703215669762510e+00 1.360516868839472870e+00 1.705416268394983392e+00 2.967980369017503284e-01
-2.539391916654504477e+00 -1.951178420292068783e+00 -1.540078301358911883e+00 -1.062772835597748600e+00 -5.030074467587266618e-01 -8.489679311642756021e-02 6.798385287244204100e-01
-2.968157213747586010e+00 -2.673373556939302453e+00 -6.088998353349919235e-01 -2.227269800378152365e+00 -1.929107170958239914e+00 -1.560746237222193855e+00 -1.227171615390636239e+00
-2.887099822474441524e+00 -2.914238170772530889e+00 -3.416917193651923146e+00 -2.677600822614031095e+00 -2.607236084980075752e+00 -2.528200796468473843e+00 -2.318439872250461775e+00
-3.600890032936120200e+00 -3.409689989061241100e+00 -2.476913805796359114e+00 -2.991117319419741793e+00 -2.841552144730453922e+00 -2.722044551736662044e+00 -2.714600259147826655e+00
-4.205725582581996136e+00 -3.964493945660906959e+00 -6.027186618141832319e+00 -3.622084754988035726e+00 -3.319341552099210446e+00 -3.188097318717366679e+00 -2.975560329519053138e+00
-4.723051519364855011e+00 -4.487521480278278574e+00 -4.224275408012271527e+00 -4.012537229656665261e+00 -3.953934847166319599e+00 -3.682323350098155590e+00 -3.625623120177694503e+00
-5.693956983672272543e+00 -5.185977046965652981e+00 -2.661295455106456931e+00 -4.548419502282958327e+00 -4.456758053252450225e+00 -4.268294415095917671e+00 -4.049193895787599473e+00
-6.934636406009818010e+00 -6.384599840090055878e+00 -6.469954483679321910e+00 -5.468401569798807316e+00 -5.036287309237353682e+00 -4.870054267288587369e+00 -4.532419634210796744e+00
-8.741911535786261567e+00 -7.891367019041940267e+00 -7.126699897088114355e+00 -6.800912073252911583e+00 -6.189078099292006918e+00 -5.852503465747129319e+00 -5.728944742526230094e+00
-9.964456370893939763e+00 -9.622493470735031806e+00 -8.961946450742781067e+00 -8.333418172393631806e+00 -7.926879917445825541e+00 -7.341149655826361808e+00 -6.840907380086285627e+00
-9.090699158543204206e+00 -1.190166371895934816e+01 -1.030688975074632729e+01 -9.287478125258454398e+00 -1.035875225051899307e+01 -8.648164338274048291e+00 -7.063032213070116860e+00
-9.090699158543202429e+00 -1.190166371895934994e+01 -1.030688975074632907e+01 -9.287478125258456174e+00 -1.035875225051899662e+01 -8.648164338274050067e+00 -7.063032213070116860e+00
-9.090699158543202429e+00 -1.190166371895934994e+01 -1.030688975074632907e+01 -9.287478125258456174e+00 -1.035875225051899662e+01 -8.648164338274050067e+00 -7.063032213070116860e+00
-9.090699158543202429e+00 -1.190166371895934994e+01 -1.030688975074632907e+01 -9.287478125258456174e+00 -1.035875225051899662e+01 -8.648164338274050067e+00 -7.063032213070116860e+00
