1.039859620178699195e+01 1.045919880140440306e+01 1.051060842219854585e+01 1.055515343192857003e+01 1.059437616670311400e+01 1.062936423957610543e+01 1.066091315990651012e+01
1.027783668647547444e+01 1.026874267861326651e+01 1.043984876561016506e+01 1.049385386237359441e+01 1.054090814393767950e+01 1.058253298086197880e+01 1.061977727389418469e+01
1.038629015900953334e+01 1.039187575616669790e+01 1.038458168533826864e+01 1.037433762784307945e+01 1.036763377461353741e+01 1.034964696676932050e+01 1.055010812344207238e+01
1.036988187557008700e+01 1.043493905125601628e+01 1.047132533342257510e+01 1.049100330180267271e+01 1.048939967286700181e+01 1.049102000140375779e+01 1.048310494232384471e+01
1.019084530233139319e+01 1.031342228169150843e+01 1.018023589165533238e+01 1.047879593181932734e+01 1.052649604863831989e+01 1.056065683964954971e+01 1.057973996609759837e+01
9.898148932641603892e+00 1.007199932699674960e+01 1.019984369626562071e+01 1.030871470423269542e+01 1.040337900322854559e+01 1.048452276336066191e+01 1.054273762687080662e+01
9.614207949194080172e+00 9.794791921064113893e+00 9.933816063776971461e+00 1.005714750316184514e+01 1.016560697478593056e+01 1.026545408836709150e+01 1.036149703926131060e+01
9.294234048088888756e+00 9.480665452693727957e+00 9.641394282407652838e+00 9.777755023890891906e+00 9.896725548041578335e+00 1.000466963086623551e+01 1.010221991475279779e+01
8.897661764634053227e+00 9.110875518641503135e+00 9.288757429277668010e+00 9.448342341319147408e+00 9.589180767585894216e+00 9.711971544296011061e+00 9.823083664649285396e+00
8.456005918667923282e+00 8.688825877627621708e+00 8.614396426195121137e+00 9.061355238256606270e+00 9.227630441365125336e+00 9.366111058309426696e+00 9.494137758172739083e+00
7.937932143176928079e+00 8.207523621516845225e+00 8.435904639101085678e+00 8.640987235455890314e+00 8.802786134451993760e+00 8.972448706489148051e+00 9.105508774448702880e+00
7.308222056665798938e+00 7.634958227353257243e+00 7.903082702457872699e+00 8.138868011303697969e+00 8.333721962384675663e+00 8.511925882383744479e+00 8.682310480254775698e+00
6.532118338393667401e+00 6.920332173971252665e+00 7.246977529537357299e+00 7.533555973631521852e+00 7.776419954802200607e+00 7.985748208155900585e+00 8.175248201943469795e+00
5.579330759330838774e+00 6.049206181120163173e+00 6.438459351698719857e+00 6.772019076796894410e+00 7.076405974922969300e+00 7.324551956180297196e+00 7.539340280774708525e+00
4.609103799130160439e+00 4.977565353273204707e+00 5.470931681177171768e+00 5.886153877361992137e+00 6.167908287482389618e+00 6.523572660578346394e+00 6.836727986078753538e+00
4.609103799130159551e+00 4.977565353273202930e+00 5.470931681177170880e+00 5.886153877361990361e+00 6.167908287482388729e+00 6.523572660578345506e+00 6.836727986078752650e+00
4.609103799130159551e+00 4.977565353273202930e+00 5.470931681177170880e+00 5.886153877361990361e+00 6.167908287482388729e+00 6.523572660578345506e+00 6.836727986078752650e+00
4.609103799130159551e+00 4.977565353273202930e+00 5.470931681177170880e+00 5.886153877361990361e+00 6.167908287482388729e+00 6.523572660578345506e+00 6.836727986078752650e+00
