1.270378299074542561e+01 1.266620101832068634e+01 1.270378299074542383e+01 1.273732267690087916e+01 1.276757566505896158e+01
1.270355825443311026e+01 1.266406881561374398e+01 1.270355825443310671e+01 1.273877564326943990e+01 1.277051583882951924e+01
1.271377944504106239e+01 1.267282226403839651e+01 1.271377944504106239e+01 1.275005549971138663e+01 1.278281343738203546e+01
1.272830647935042236e+01 1.268633790733989741e+01 1.272830647935041704e+01 1.277200213054962141e+01 1.280604416043045646e+01
1.276657423723770535e+01 1.272815012082104147e+01 1.276657423723770535e+01 1.280058846343926326e+01 1.283381776164154786e+01
1.281896985835868996e+01 1.277866730022515007e+01 1.281896985835868996e+01 1.285370326698992116e+01 1.288446567780724550e+01
1.288245517885151692e+01 1.283730768061462157e+01 1.288245517885151337e+01 1.291878825738474390e+01 1.294967969339186808e+01
1.295596007047144127e+01 1.289882283291762732e+01 1.295596007047143949e+01 1.299790711632763518e+01 1.303058496042264203e+01
1.304155195883796736e+01 1.258470931367238776e+01 1.304155195883796203e+01 1.288625135210187445e+01 1.313421295122436305e+01
1.316616073136949083e+01 1.287956088323426762e+01 1.316616073136948550e+01 1.322061949684302107e+01 1.326573908073077490e+01
1.334021421083755321e+01 1.197861373627027071e+01 1.334021421083754610e+01 1.338963415592123241e+01 1.342770757834880158e+01
1.243752929535331653e+01 1.157273926967744870e+01 1.243752929535331475e+01 1.263130928850342549e+01 1.284537324763485877e+01
1.155039782470443122e+01 1.131963538596478358e+01 1.155039782470443299e+01 1.179883065292216493e+01 1.198806996842723116e+01
1.135336302696460820e+01 1.107476504740126089e+01 1.135336302696460997e+01 1.154836173253876375e+01 1.172644452494420086e+01
1.102475652892081825e+01 1.088036184206280055e+01 1.102475652892081648e+01 1.131714581270490427e+01 1.148249755469849731e+01
1.102475652892081648e+01 1.088036184206280055e+01 1.102475652892081470e+01 1.131714581270490605e+01 1.148249755469849731e+01
1.102475652892081648e+01 1.088036184206280055e+01 1.102475652892081470e+01 1.131714581270490605e+01 1.148249755469849731e+01
1.102475652892081648e+01 1.088036184206280055e+01 1.102475652892081470e+01 1.131714581270490605e+01 1.148249755469849731e+01
