6.567061867190028546e-02 3.583037591009961831e-02 -1.295905119461249755e-01 -1.052573242859078939e-01 -1.765682264238378762e-02 2.647021841744407085e-03 4.592947886283838856e-03
-1.223687726965404510e-01 -6.968872516404335526e-02 6.553192040334815394e-02 8.065929244591260594e-02 6.043260034333271247e-02 7.118085515648710226e-02 8.931976002916963697e-02
1.907493089124610852e-01 1.522975868670173871e-01 8.501767252822883814e-02 1.007999809124467544e-01 1.934478301436153569e-01 2.048304971448968725e-01 1.974710840211268414e-01
3.626912886518265933e-01 3.603761389397184822e-01 3.144120800582038133e-01 3.037934196734400905e-01 2.239589436408639389e-01 2.369814814723414931e-01 3.111473008741855728e-01
3.402346631473806560e-01 4.581931663843119562e-01 5.724518258412194527e-01 4.906351234554610641e-01 5.132948738683239531e-01 4.426358585482461083e-01 3.702306148441292799e-01
4.315265045135182609e-01 4.565684862568946678e-01 2.663056753340155014e-01 6.180854650108655868e-01 4.713142897556601985e-01 6.277892946068474034e-01 6.131501769120977219e-01
-3.826849664978659860e-01 5.166824267976921625e-01 1.697917657100838085e+00 6.875979383917368848e-01 1.305862029457498297e+00 7.502045792368807753e-01 7.242530301265571735e-01
1.960477171131970398e+00 1.164856947980174723e-01 -4.599863867979625986e+00 9.297144023634487109e-01 -1.762904753640917921e+00 1.073698434212529529e+00 1.166398281211448396e+00
-7.511735532978593533e+00 2.664229098149998531e+00 4.968713701198981703e+00 8.210025848254888237e-01 3.426226766380709332e+00 1.055484186892713616e+00 8.796855749182432849e-01
-3.589492796877644665e-01 -7.312151961745936291e+00 -1.052306123537438509e+01 2.874261613459867526e+00 2.399167711490396204e+00 2.312263029111734092e+00 2.989700478338116252e+00
-9.795602018135680211e+00 -1.019369946420571260e+01 -3.243033172173328538e+00 -1.006014720308257182e+01 -8.323881839119788850e+00 -6.308210450957653315e+00 -9.888412425274250239e+00
-2.332458093118429332e+00 -1.926595055022108260e+00 -2.634582849200493904e+00 -8.713173297539839268e+00 -8.318843991286851036e+00 -8.878396574637575256e+00 2.998191038404542041e+00
-3.072929689178190760e+00 -2.761401751361709067e+00 -2.395332073437355991e+00 -1.042001348426887519e+00 -1.659422222508040390e+00 -1.656442067092862125e+00 -1.037843259561764953e+01
-1.175245149056563854e+00 -2.065352434975101570e+00 -1.910880410090967318e+00 -3.682514308625907340e+00 -2.518639777735929286e+00 -2.655304166867200166e+00 -1.168442400701970030e+00
-3.982457395071361539e+00 -2.587413636970008923e+00 -2.931418524961853844e+00 -1.455667647394119912e+00 -2.263121303632809056e+00 -1.861135495996529166e+00 -1.895781631492706953e+00
-3.196542680051316587e+00 -4.017676160327973811e+00 -3.987943866017677585e+00 -3.285386216189757125e+00 -3.121179008512254605e+00 -3.019825184537059393e+00 -2.870727872378421530e+00
-1.502797068380755086e+01 -5.687533480424895593e+00 -3.104518621172684067e+00 -3.514983101220518158e+00 -3.907869920145957465e+00 -3.529571227792254628e+00 -3.503099095400584950e+00
-2.447617880111307898e+01 -1.222603268263276988e+01 -9.741028933133106804e+00 -4.721312670954157298e+00 -5.352599037629164336e+00 -4.082442603274913040e+00 -6.363175080760484548e+00
7.207666659894775307e+01 -5.229633850752935587e+01 -5.349940847281418144e+01 -1.283975312412179193e+01 -9.458475638379741923e+00 -1.004765021580882411e+01 -4.570139218153336458e+00
7.973625261487006810e+01 -5.519372906027263070e+01 -5.667581904958701244e+01 -1.342991943613733064e+01 -9.734572621114532254e+00 -1.049054488569928978e+01 -4.355008152062377569e+00
