-3.169942267629899946e-01 -8.482668751002281349e-02 6.563009768032816993e-01 8.176194142534203291e-01 -6.896407270831077518e-01
-6.384330755960565540e-01 1.657515843330256144e-01 -2.457326173594132079e-02 -2.125378497569056224e-01 5.987275843161830036e-01
-8.824129649118739316e-02 -1.112583103809239859e-01 5.332745380137722258e-01 7.009001573562976262e-01 -7.528385436899487360e-01
-6.158487411287480451e-02 6.203326767911421236e-02 -1.865481966041815376e-01 -2.000651663914246314e-01 6.287464588887203831e-01
2.460041383621588640e+00 -4.396856798743148942e-01 -7.012986641231961915e-01 -2.563646714423821749e-01 -1.036450804149198213e+00
-9.598968756196990526e+00 2.106707662826004857e+00 1.172138104892907151e+00 -1.471486166490216574e+00 5.107026112182698085e+00
2.967669753385450804e+01 -6.874591463843565897e+00 -2.178331678480230238e+00 5.932078258658967762e+00 -2.037676028371148718e+01
-1.247280001170676371e+02 2.815134373538964496e+01 1.212262517550897911e+01 -2.169877369619888086e+01 7.780252922077670519e+01
1.857750700571759239e+01 -3.910429591971144703e+00 -2.935788637833340431e+00 3.592456590933913674e+00 -2.234667182866417079e+00
-1.771661310490000290e+02 3.244364302966923930e+01 4.739155893032281597e+01 -1.093154210382775915e+01 -2.113481882957074731e+01
-1.735975112255841850e+02 3.455077286071706766e+01 3.539441978271543121e+01 -9.850127928413517253e+00 6.003357225850577095e+01
3.135236038730037080e+02 -6.508750169556384435e+01 -5.317359709074699481e+01 4.735052185425588789e+01 -6.542994069375362187e+01
8.138923878272015600e+01 -1.589242685474668093e+01 -1.781953136373285318e+01 3.975063639471962063e+00 -2.214150346142193371e+01
-5.177570904901039484e+01 1.086239797086919268e+01 8.326117165532295417e+00 -7.429544067504759042e+00 1.555042166927437819e+01
2.203709183568536218e+02 -4.897549993600725315e+01 -2.446891861282357183e+01 4.492720611178441459e+01 -8.975058197680338878e+01
2.203709183568541619e+02 -4.897549993600735974e+01 -2.446891861282364289e+01 4.492720611178449985e+01 -8.975058197680358774e+01
2.203709183568541619e+02 -4.897549993600735974e+01 -2.446891861282364289e+01 4.492720611178449985e+01 -8.975058197680358774e+01
2.203709183568541619e+02 -4.897549993600735974e+01 -2.446891861282364289e+01 4.492720611178449985e+01 -8.975058197680358774e+01
