5.322957596046149487e-01 4.571811736122612380e-01 3.990507390372025620e-01 3.541768741009465038e-01 3.178915219648903445e-01 2.880372674456044280e-01 2.633971704197702324e-01
5.543872942353781363e-01 4.876832360583434611e-01 4.237582094196056803e-01 3.708399663486358078e-01 3.332946304506156365e-01 3.032267048172728741e-01 2.766023209646245040e-01
4.904949638734127371e-01 5.660689001751250116e-01 4.712559645945880171e-01 3.811657839127849945e-01 3.527165946154678933e-01 3.091883641902360980e-01 2.920524504199194515e-01
5.655219227789454184e-01 4.370157519891793574e-01 4.056352181463568907e-01 4.360065430783421347e-01 3.911623304654633926e-01 3.121991479914318912e-01 3.418071814874951708e-01
5.926811578049686613e-01 5.234948485315793487e-01 4.109188357349754517e-01 3.450932927572008535e-01 3.262009276550549841e-01 3.237799808017515768e-01 3.973261578557489848e-01
8.748394618011097190e-01 4.690283030895117666e-01 4.781997957319735759e-01 4.065394129203414586e-01 3.051558770007383181e-01 3.462395375015984156e-01 1.550574947970800310e-01
7.655941247566350194e-01 1.280240021865984401e+00 4.286773138695380569e-01 2.960235889664461495e-01 4.388484407049739189e-01 1.368667700570338347e-02 7.056211004401001796e-01
3.518594712899320687e+00 -1.355844845380801633e+00 1.338083960523830829e+00 1.128354949038091082e+00 -1.028020213647829056e-01 1.655187303872756477e+00 -1.941358860740103776e+00
1.538292753448922134e+01 -2.260972218720799898e+00 7.322178873408167199e-01 1.677983057459440097e+00 -2.792064809260083047e-01 2.606201792241393367e+00 -3.749224625634969943e+00
2.378722688061240120e+01 -3.165537739929240590e+00 3.172393603994892786e+00 5.960544121696996989e+00 -1.200810384551623589e+00 7.762497099513427923e-01 5.388914369491378809e-01
1.414820040854248617e+01 -4.356272621984728310e+00 7.939612167918883578e+00 8.592255265810610609e+00 -6.645687115327520988e-01 1.591702743888950389e+00 -7.393741989143625126e+00
3.662843570147745087e+00 2.452038390347907715e+00 3.723082593693364029e+00 3.524871460739145590e+00 1.895883157781773187e+00 2.807701462191259267e+00 6.242327265596141039e+00
4.361314643539956570e+00 2.613527259373875200e+00 2.372963893969639138e+00 2.365768239767878978e+00 1.605978441947431001e+00 2.644261420797657802e+00 7.743389643869737604e+00
2.251661445927278127e+00 3.056239689294421247e+00 2.108637443001827982e+00 2.258154888055614595e+00 2.391279788076426271e+00 1.152329067834964249e+00 1.148432069487397511e+00
2.803826749376882255e+00 2.990815701311819730e+00 2.178284994677276210e+00 2.333229573662137124e+00 2.351864480918299360e+00 1.671997714925167022e+00 2.802217175699134977e+00
7.168612825864832061e+00 2.571606580052283597e+00 2.539147771732991110e+00 2.827553924833692278e+00 2.134207523311529631e+00 2.095313907892248473e+00 1.406013459271193700e+00
3.499177698267239123e+00 3.534161617589964610e+00 3.905127832472695015e+00 3.066527631032935464e+00 2.073054787648600961e+00 2.389056923974289148e+00 2.878639175404186457e+00
4.292988779834072943e+01 1.290758956146235192e+01 3.937984975187543313e+00 2.315600870148009083e+00 2.213546181003134716e+00 3.179675755657296765e+00 -3.116737662012770915e+00
-3.371500928376531903e+01 -6.724126898867702096e+00 2.239786445111740676e+01 1.514313403913787326e+01 -2.889353155095015779e-01 5.382301591518885431e+00 -5.269723581782360000e+00
-4.526697507514362684e+01 -9.493557766960513788e+00 2.434906648549804586e+01 1.651900395580229031e+01 -5.619633760513735865e-01 5.550979342963344720e+00 -4.861028740553541283e+00
