1.257419864521765618e+01 1.262353095728335362e+01 1.266620101832068457e+01 1.270378299074542383e+01 1.273732267690088094e+01 1.276757566505896158e+01 1.279510393563978354e+01
1.256677014673997483e+01 1.261885051465850971e+01 1.266439942833625487e+01 1.270396904932802329e+01 1.273907985184507830e+01 1.277087722242696799e+01 1.279983997753455682e+01
1.256619503199644683e+01 1.262044311579789202e+01 1.267372924963539838e+01 1.271485173388010104e+01 1.275201710613076855e+01 1.278489241809893073e+01 1.281473452285731618e+01
1.260020312747036897e+01 1.264952063090088430e+01 1.269084379909977045e+01 1.273270606982264752e+01 1.277553792313060832e+01 1.280980123692037331e+01 1.284159679326123182e+01
1.263677477099762214e+01 1.269294515217714014e+01 1.274002741725316667e+01 1.277668726831809920e+01 1.281061051506712367e+01 1.284247650112407158e+01 1.287789874869105233e+01
1.267814598784620550e+01 1.274188118732945263e+01 1.278578440350924517e+01 1.283482675062737854e+01 1.286610151432304683e+01 1.290060683257487462e+01 1.292760723171652160e+01
1.268031268698190850e+01 1.279398946602224996e+01 1.289082040451824618e+01 1.290368856156594113e+01 1.295920774153291966e+01 1.297252536252567623e+01 1.299918161650518300e+01
1.277374916945180061e+01 1.281881692645952064e+01 1.275485914584846725e+01 1.298964512465127719e+01 1.294648253702551344e+01 1.306872293023299925e+01 1.309903548147171826e+01
1.250582245132887849e+01 1.298994446829003735e+01 1.274153100289377427e+01 1.306814054789343338e+01 1.298036245743552719e+01 1.317371917875999721e+01 1.319357499284901181e+01
1.205432600700666690e+01 1.280798799767027596e+01 1.253090832450301484e+01 1.332414069092852493e+01 1.339136698137738968e+01 1.338859243404325206e+01 1.347280297778415026e+01
1.153052531333569419e+01 1.176345205415998940e+01 1.168594938295311181e+01 1.296326643134337075e+01 1.307408486694072991e+01 1.321412253679565829e+01 1.301770154277004288e+01
1.085947448166315610e+01 1.114453650149505926e+01 1.143261047250424767e+01 1.184017784235707893e+01 1.208989219231863821e+01 1.230404802749232829e+01 1.273552606805673548e+01
1.058445752540814233e+01 1.092063942039748703e+01 1.115740377790831239e+01 1.140301112289816388e+01 1.160547095440793441e+01 1.178414257051000646e+01 1.226968474670819198e+01
1.039188000975665105e+01 1.067187657059823280e+01 1.094472193129354665e+01 1.113017471557681226e+01 1.139580649073690033e+01 1.156269481918335806e+01 1.166744076170035704e+01
1.012353139741611230e+01 1.042159285043862482e+01 1.068837721572616317e+01 1.088949902556139548e+01 1.115047947473429879e+01 1.133658853263674793e+01 1.154521522527823585e+01
9.670778425062540151e+00 1.011975150004595214e+01 1.033725132232277311e+01 1.063827655310655018e+01 1.087003702213541700e+01 1.108693315063895390e+01 1.126741957594047250e+01
9.169929112997884602e+00 9.518796226327745913e+00 9.887960846367878531e+00 1.025950291227820266e+01 1.049610395117631256e+01 1.071776303579825473e+01 1.097970133980797591e+01
6.233588127895989039e+00 8.850022882131113988e+00 9.516862495208581407e+00 9.882527226543134091e+00 1.003066031643467149e+01 1.036084260487039543e+01 1.042451070115532197e+01
7.792529842930179029e+00 5.752813792422795558e+00 6.518741428659551751e+00 9.019829290580789305e+00 9.274790271731530922e+00 9.665485769534745586e+00 9.807141854024319372e+00
8.191919231682257774e+00 5.469982531708085460e+00 6.228847909766000335e+00 8.950706269402550319e+00 9.224285207521191410e+00 9.611443929221222149e+00 9.783649382696141927e+00
