-1.052580485582499670e-01 -1.295904286474034162e-01 -1.052580485582433056e-01 -1.765720751551921180e-02 2.646548332885246147e-03
7.537279689503917357e-02 6.002630154853804550e-02 7.537279689504271241e-02 5.519032446961652516e-02 6.617289434679662907e-02
1.036604898471971264e-01 8.812259398455463133e-02 1.036604898471601144e-01 1.788805939522368216e-01 1.897950439721274030e-01
2.524319912356222662e-01 2.555560742978949529e-01 2.524319912356022821e-01 2.260819181269270173e-01 2.404965777928969040e-01
4.704553111096564377e-01 5.494888123032949379e-01 4.704553111096941853e-01 4.327806453763121675e-01 3.783483726416301263e-01
5.856481345737750699e-01 3.163704630465266621e-01 5.856481345737728494e-01 4.938295935767734179e-01 5.987554529442639106e-01
6.633803990095364922e-01 1.459756129317905105e+00 6.633803990095367142e-01 1.137894798681055031e+00 7.024877680910089905e-01
8.705366327705467144e-01 -2.550728999543866671e+00 8.705366327705488239e-01 -7.192933081696442077e-01 9.748719531535510185e-01
6.273764695017121085e-01 1.165208860590482676e+00 6.273764695017030046e-01 7.631712755114616886e-01 9.340221542695659185e-01
2.925977316164096287e+00 -2.687964933318974126e+00 2.925977316164091846e+00 4.347979621585449372e+00 2.343663039012130245e+00
-3.371418174170453863e+00 -8.596216449377953595e+00 -3.371418174170472515e+00 -3.053605647272446433e+00 -1.503835496584902121e+00
-1.129924769996748779e+01 -2.131817675873699969e+00 -1.129924769996744338e+01 -9.812863282683554900e+00 -8.939296045550010561e+00
-5.126082609953267699e+00 -2.645863356291933144e+00 -5.126082609953247271e+00 -5.419046311965467488e+00 -5.928108618862142798e+00
-7.214099118806083233e-01 -2.223955567244194409e+00 -7.214099118806487354e-01 -9.993781483944070843e-01 -9.161311597210592961e-01
-7.757516616032714474e+00 -1.636520691790765758e+00 -7.757516616032675394e+00 -5.033986300974660821e+00 -5.574539154115646156e+00
-7.757516616032728685e+00 -1.636520691790765314e+00 -7.757516616032689605e+00 -5.033986300974670591e+00 -5.574539154115656814e+00
-7.757516616032728685e+00 -1.636520691790765314e+00 -7.757516616032689605e+00 -5.033986300974670591e+00 -5.574539154115656814e+00
-7.757516616032728685e+00 -1.636520691790765314e+00 -7.757516616032689605e+00 -5.033986300974670591e+00 -5.574539154115656814e+00
