1.855706454881955736e+00 -1.714408481604046797e+00 -8.559064470065266272e-01 9.054032637499265235e-01 5.923040711190539209e-01 -3.748916439657558330e-02 2.251457023272785962e-01
-8.169632593015030420e-01 1.405033837725443213e+00 8.338487013963867822e-01 -2.299881150123133933e-01 -6.687584314759595361e-02 2.131383689199344011e-01 8.093715804296608418e-02
1.887177710311565559e-01 -7.432051969305952799e-01 -3.878460748357424048e-01 7.496613176364437248e-01 6.421055327515609035e-01 -1.971679616691866810e-01 2.672639302505311343e-01
6.973154768745808418e-01 -4.925072570424275376e-01 -1.756627065135547006e-01 -5.023234948917072451e-01 -5.286374064398072781e-01 6.125149746179828769e-01 6.942282249675219008e-01
-1.915949222097429461e-02 1.769707685214396697e+00 -9.315636782144676165e-02 -4.238235017941372473e-01 1.374181581112897399e-02 -1.071121708666831873e+00 -2.118275186964529988e-02
5.971365726886084246e+00 -3.148315118958031622e+00 1.665269873560965230e+00 1.332744987333295272e+00 -8.459913902447964151e-01 2.342335461525370199e+00 -4.268273841163546578e+00
-8.124701467681584077e+00 1.825753122579312304e+01 -2.487344727529785082e+00 -3.180686967852642155e+00 3.448423769640125425e+00 -8.734808885353608332e+00 1.404254179184604112e+01
7.683395333284973105e+01 -7.325774402754335313e+01 1.938679160397574464e+01 2.010743883860327941e+01 -1.470777352822742046e+01 4.304317622977919200e+01 -6.958584034531821771e+01
1.282632533303484763e+02 6.882914273155549267e+01 -2.916634723124349549e+01 -7.460549206316902549e+00 1.273393601196274361e+01 -3.644074677951754637e+01 5.663281536223338719e+01
4.824414127053387347e+00 -9.735451377332488221e+01 7.967028229564760977e+01 8.426579184690871216e+01 -2.906658127733865271e+01 1.514057573200201645e+01 -1.377973864523781522e+01
-1.573242723440264967e+02 9.106258382621876990e+01 -1.034899758197786568e+01 -4.566002566461300916e+01 4.056364023203579450e+01 -4.036432699782642075e+00 -7.135382701753883339e+01
-2.476380209023555068e+01 1.568521953587579709e+01 -4.704081873572960859e+01 -3.111929186848930584e+01 9.901519470959883051e-01 2.220198576717314154e+01 2.497129558749527121e+02
1.145724007817358192e+01 -9.193466215698840038e-01 1.254807488033100604e+01 2.309059188290518705e+00 2.929838943864160328e-01 -2.191421632581538859e+01 -1.742064297844128191e+02
-3.361168525583736510e+01 6.065681616147300836e+00 -1.272009903978389289e+01 -3.700141666535894380e+00 9.287884676578528342e+00 -2.635092787017094373e+00 4.175840778250856999e+01
4.346357666330781910e+01 -5.153753575366626372e+00 8.682603741443866596e+00 4.375718296867816548e+00 -6.136560289043738514e+00 8.006487401234938517e+00 -1.486919915169292494e+01
-1.171338041247958017e+01 -4.333147561442674878e+00 5.303935079259476382e+00 5.086105568551295697e+00 3.545883716980240408e-01 1.462371894237531667e+00 1.309458135366865505e+00
1.399843957578689242e+02 5.322080431147914936e+01 4.835948875260205782e+00 -7.388088436388603242e+00 6.158659010960221281e-01 4.486981034852469463e+00 -6.420665298144690780e+00
2.351386517885914600e+02 4.177000996045723724e+01 3.983580440897866737e+01 2.402837275398659145e+01 -4.296398559806688056e+00 1.232332351561759509e+01 -7.531417679660319209e+01
-2.104379039033231038e+03 -5.054807192275588932e+02 3.590196637906126966e+02 2.530996255673352380e+02 -5.019018102692040628e+01 3.142418578973536114e+01 7.114353047477085568e+01
-2.286400430047153804e+03 -5.471297808889910357e+02 3.825574036694103484e+02 2.698144549354090600e+02 -5.357783055687161067e+01 3.267810380521856217e+01 8.425234940756168101e+01
