-3.169942267629899946e-01 -8.482668751002281349e-02 6.563009768032816993e-01 8.176194142534203291e-01 -6.896407270831077518e-01
-6.384330755960565540e-01 1.657515843330256144e-01 -2.457326173594132079e-02 -2.125378497569056224e-01 5.987275843161830036e-01
-8.824129649118739316e-02 -1.112583103809239859e-01 5.332745380137722258e-01 7.009001573562976262e-01 -7.528385436899487360e-01
-6.158487411287480451e-02 6.203326767911421236e-02 -1.865481966041815376e-01 -2.000651663914246314e-01 6.287464588887203831e-01
2.460041383621588640e+00 -4.396856798743148942e-01 -7.012986641231961915e-01 -2.563646714423821749e-01 -1.036450804149198213e+00
-9.598968756196990526e+00 2.106707662826004857e+00 1.172138104892907151e+00 -1.471486166490216574e+00 5.107026112182698085e+00
2.967669753385450804e+01 -6.874591463843565897e+00 -2.178331678480230238e+00 5.932078258658967762e+00 -2.037676028371148718e+01
-1.247280001170686035e+02 2.815134373538986523e+01 1.212262517550907148e+01 -2.169877369619905494e+01 7.780252922077730204e+01
1.857750700571918401e+01 -3.910429591971528396e+00 -2.935788637833525172e+00 3.592456590934194338e+00 -2.234667182867354995e+00
-1.771661310490000290e+02 3.244364302966923930e+01 4.739155893032281597e+01 -1.093154210382775915e+01 -2.113481882957074731e+01
-1.735975112255841850e+02 3.455077286071706766e+01 3.539441978271543121e+01 -9.850127928413517253e+00 6.003357225850577095e+01
3.135236038730034238e+02 -6.508750169556380172e+01 -5.317359709074695218e+01 4.735052185425579552e+01 -6.542994069375367872e+01
8.138923878271937440e+01 -1.589242685474652816e+01 -1.781953136373272528e+01 3.975063639471867027e+00 -2.214150346142168146e+01
-5.177570904901025983e+01 1.086239797086918202e+01 8.326117165532295417e+00 -7.429544067504716409e+00 1.555042166927432135e+01
2.203709183568541619e+02 -4.897549993600735974e+01 -2.446891861282364289e+01 4.492720611178449985e+01 -8.975058197680358774e+01
2.203709183568541619e+02 -4.897549993600735974e+01 -2.446891861282364289e+01 4.492720611178449985e+01 -8.975058197680358774e+01
