-1.082295068382874925e+00 1.653278099440447235e-01 4.209838286066692192e-01 2.843866330350497407e-01 3.552498686592376331e-01
-1.137330022066976865e+00 1.737706228398366304e-01 4.422475307076285111e-01 2.984440840005126994e-01 3.727036651826033942e-01
-1.180927329237488443e+00 1.808918545920833454e-01 4.573599108691123183e-01 3.066655721211196672e-01 3.869975708756269173e-01
-1.172429459922766037e+00 1.665290098561180432e-01 5.063134204981274422e-01 3.781440044430749436e-01 3.132409941307735535e-01
-1.110078642881525024e+00 1.707981572741238685e-01 4.268860137849074810e-01 2.948080661327271423e-01 4.111874537994844037e-01
-1.166442396450216412e+00 1.801956168897132227e-01 4.456599288913255519e-01 2.882436704880361189e-01 3.662399726132607447e-01
-1.318716513125254064e+00 2.078832741936614270e-01 4.871834163505138204e-01 2.878003635079177114e-01 3.783505658284881390e-01
-1.687115021045133556e+00 2.721851349844338075e-01 5.983744811073610226e-01 3.068454428862561478e-01 4.129904458837283521e-01
-1.634064304408184398e+01 3.601895070385124686e+00 1.933062762541259971e+00 -2.287884967665498870e+00 9.998306879712773210e+00
-9.273251792484845879e+00 1.770627414890204143e+00 2.190742132923954255e+00 -3.018375383234106479e-01 2.003958501208297438e+00
-4.513012732461074705e+01 8.949058916632557370e+00 9.333891658080375464e+00 -3.954012959425189155e+00 9.106961204957981337e+00
-2.787433752842930090e+01 5.289268507455996193e+00 6.717263498605211325e+00 -4.012219370976102262e-01 7.122942818231589257e+00
-6.400589222972399739e+00 8.926702240897289586e-01 2.829908326613531422e+00 2.163554478177538432e+00 1.646038072360286542e+00
-8.297509196600220349e+00 1.362774802666629315e+00 2.846409985933684883e+00 1.459485807723683637e+00 2.508091722559365078e+00
-3.245345191521310291e+00 1.787257271804909009e-01 2.530442282799292730e+00 2.803024260885457863e+00 -1.030855301064726066e-02
-3.245345191521310291e+00 1.787257271804909009e-01 2.530442282799292730e+00 2.803024260885457863e+00 -1.030855301064726066e-02
