5.655449256195765884e-03
4.997172275371909222e+00
9.986265337520691787e+00
1.501171485917353721e+01
2.000000000000001421e+01
2.500000000000002842e+01
3.000000000000001421e+01
3.500000000000001421e+01
4.000000000000001421e+01
4.500000000000004263e+01
5.000000000000001421e+01
5.500000000000004263e+01
6.000000000000001421e+01
6.500000000000001421e+01
7.000000000000004263e+01
7.500000000000001421e+01
8.000000000000004263e+01
8.500000000000001421e+01
8.999434455074383266e+01
9.499798019669422899e+01
1.000000000000000426e+02
1.050000000000000426e+02
1.100000000000000142e+02
1.150000000000000426e+02
1.200000000000000711e+02
1.250000000000000142e+02
1.300000000000000568e+02
1.350000000000000568e+02
1.400000000000000568e+02
1.450000000000000568e+02
1.500000000000000000e+02
1.550000000000000000e+02
