1.870527421421921645e+03
2.001681969566856424e+03
2.119769087148684775e+03
2.217266983443480967e+03
2.285271480671613972e+03
2.350251684591707999e+03
2.408011865854014104e+03
2.472992069774108131e+03
2.509092183063050470e+03
2.545192296351990990e+03
2.588512432298720341e+03
2.631832568245450602e+03
2.667932681534391122e+03
2.689592749507755798e+03
2.711252817481121383e+03
2.732912885454485149e+03
2.754572953427850734e+03
2.769012998743426579e+03
2.786655811814764093e+03
2.802646946330532046e+03
2.848433247979097814e+03
2.906193429241404374e+03
2.935073519872557426e+03
3.000053723792651454e+03
3.050593882397168727e+03
3.086693995686110611e+03
3.144454176948416261e+03
3.194994335552934899e+03
3.238314471499664251e+03
3.296074652761970810e+03
3.339394788708698798e+03
3.397154969971005812e+03
