           0            1    0.0484142            1   0.00012547      3377.27    0.0818228            0            1      2174.76      2315.21 -7.96887e-08  9.93806e-09 -2.12265e-08            0
  0.00012547     0.997528     0.068472     0.999798  0.000354883      3376.36    0.0816925            0            1      2173.86      2314.62 -7.96307e-08  9.92316e-09 -2.12539e-08  -1.1815e-16
 0.000354883     0.994935    0.0838655     0.999585  0.000651962      3375.41    0.0815556            0            1      2172.92      2314.01 -7.95741e-08   9.9079e-09 -2.12822e-08 -1.82477e-16
 0.000651962     0.992326    0.0968451     0.999371   0.00100376      3374.46    0.0814176            0            1      2171.96      2313.39 -7.95184e-08  9.89292e-09 -2.13084e-08 -1.54094e-16
  0.00100376     0.989713     0.108282     0.999157    0.0014028       3373.5    0.0812791            0            1      2171.01      2312.77 -7.94634e-08   9.8783e-09 -2.13345e-08 -2.71704e-16
   0.0014028     0.987097     0.118624     0.998942   0.00184403      3372.53    0.0811404            0            1      2170.05      2312.14 -7.94093e-08  9.86403e-09 -2.13572e-08 -1.22862e-16
  0.00184403     0.984481     0.128136     0.998727   0.00232374      3371.57    0.0810013            0            1      2169.09      2311.51 -7.93558e-08  9.85019e-09 -2.13805e-08 -1.13005e-16
  0.00232374     0.981865     0.136991     0.998512   0.00283907       3370.6    0.0808621            0            1      2168.12      2310.89 -7.93029e-08  9.83632e-09 -2.14031e-08 -2.10392e-16
  0.00283907     0.979248     0.145309     0.998297    0.0033877      3369.63    0.0807226            0            1      2167.16      2310.26   -7.925e-08  9.82224e-09 -2.14279e-08  -1.9762e-16
   0.0033877     0.976632     0.153178     0.998082   0.00396772      3368.66    0.0805829            0            1      2166.19      2309.62  -7.9197e-08  9.80797e-09 -2.14531e-08 -1.86925e-16
  0.00396772     0.974016     0.160664     0.997866   0.00457751      3367.69    0.0804429            0            1      2165.22      2308.99 -7.91439e-08  9.79351e-09 -2.14783e-08 -1.77797e-16
  0.00457751     0.971401     0.167818     0.997651    0.0052157      3366.72    0.0803028            0            1      2164.25      2308.35 -7.90905e-08  9.77886e-09 -2.15062e-08 -1.69888e-16
   0.0052157     0.968786      0.17468     0.997435   0.00588106      3365.75    0.0801625            0            1      2163.28      2307.72 -7.90368e-08  9.76378e-09 -2.15327e-08  1.14064e-15
  0.00588106     0.966172     0.181285     0.997219   0.00657253      3364.77     0.080022            0            1       2162.3      2307.08 -7.89827e-08  9.74875e-09 -2.15606e-08 -1.56796e-16
  0.00657253     0.963558     0.187658     0.997003   0.00728916      3363.79    0.0798812            0            1      2161.33      2306.44 -7.89284e-08  9.73354e-09 -2.15878e-08 -1.36163e-15
  0.00728916     0.960944     0.193824     0.996787   0.00803009      3362.82    0.0797403            0            1      2160.35       2305.8 -7.88737e-08  9.71813e-09 -2.16158e-08 -1.46329e-16
  0.00803009     0.958332       0.1998     0.996571   0.00879456      3361.84    0.0795992            0            1      2159.37      2305.15 -7.88186e-08  9.70254e-09 -2.16442e-08  -2.8365e-16
  0.00879456     0.955719     0.205605     0.996355   0.00958185      3360.86    0.0794579            0            1      2158.39      2304.51 -7.87631e-08  9.68678e-09 -2.16738e-08 -2.75425e-16
  0.00958185     0.953108     0.211251     0.996138    0.0103913      3359.87    0.0793163            0            1      2157.41      2303.86 -7.87073e-08  9.67082e-09 -2.17027e-08 -2.67877e-16
   0.0103913     0.950497     0.216752     0.995922    0.0112224      3358.89    0.0791746            0            1      2156.42      2303.22  -7.8651e-08  9.65469e-09 -2.17326e-08 -1.30459e-16
   0.0112224     0.947886     0.222117     0.995705    0.0120745       3357.9    0.0790327            0            1      2155.43      2302.57 -7.85945e-08  9.63839e-09 -2.17629e-08  1.78131e-15
   0.0120745     0.945276     0.227358     0.995488    0.0129472      3356.92    0.0788905            0            1      2154.45      2301.92 -7.85375e-08   9.6219e-09 -2.17929e-08 -1.24242e-16
   0.0129472     0.942667     0.232481     0.995271    0.0138399      3355.93    0.0787482            0            1      2153.46      2301.27 -7.84801e-08  9.60523e-09 -2.18243e-08 -2.06464e-15
   0.0138399     0.940058     0.237495     0.995054    0.0147522      3354.94    0.0786057            0            1      2152.46      2300.61 -7.84223e-08  9.58839e-09 -2.18555e-08 -1.18837e-16
   0.0147522      0.93745     0.242407     0.994837    0.0156838      3353.95    0.0784629            0            1      2151.47      2299.96 -7.83642e-08  9.57138e-09 -2.18875e-08 -2.32773e-16
   0.0156838     0.934842     0.247222      0.99462    0.0166342      3352.96      0.07832            0            1      2150.48       2299.3 -7.83056e-08  9.55419e-09 -2.19189e-08 -1.14082e-16
   0.0166342     0.932235     0.251946     0.994403     0.017603      3351.96    0.0781769            0            1      2149.48      2298.65 -7.82467e-08  9.53684e-09 -2.19517e-08 -1.11908e-16
    0.017603     0.929629     0.256584     0.994185    0.0185899      3350.97    0.0780335            0            1      2148.48      2297.99 -7.81873e-08  9.51929e-09 -2.19839e-08            0
   0.0185899     0.927023     0.261141     0.993968    0.0195947      3349.97      0.07789            0            1      2147.48      2297.33 -7.81276e-08  9.50161e-09 -2.20167e-08  -2.1582e-16
   0.0195947     0.924418     0.265621      0.99375    0.0206169      3348.97    0.0777462            0            1      2146.48      2296.67 -7.80674e-08  9.48375e-09 -2.20504e-08  -2.1213e-16
   0.0206169     0.921813     0.270028     0.993532    0.0216562      3347.97    0.0776022            0            1      2145.47         2296 -7.80069e-08   9.4657e-09 -2.20836e-08 -2.08624e-16
   0.0216562     0.919209     0.274365     0.993314    0.0227125      3346.97    0.0774581            0            1      2144.47      2295.34  -7.7946e-08  9.44752e-09 -2.21178e-08 -2.05285e-16
   0.0227125     0.916606     0.278635     0.993096    0.0237855      3345.97    0.0773137            0            1      2143.46      2294.67 -7.78847e-08  9.42916e-09 -2.21515e-08  3.03153e-15
   0.0237855     0.914003     0.282842     0.992878    0.0248748      3344.96    0.0771691            0            1      2142.45      2294.01 -7.78182e-08  9.41148e-09 -2.21836e-08 -1.99063e-16
   0.0248748     0.911401     0.286988      0.99266    0.0259802      3343.96    0.0770246            0            1      2141.44      2293.34 -7.77562e-08  9.39211e-09 -2.22193e-08 -1.96156e-16
   0.0259802     0.908799     0.291076     0.992442    0.0271016      3342.95    0.0768796            0            1      2140.43      2292.67  -7.7694e-08  9.37322e-09 -2.22542e-08 -3.28736e-15
   0.0271016     0.906199     0.295109     0.992223    0.0282386      3341.94    0.0767344            0            1      2139.42         2292 -7.76312e-08  9.35416e-09 -2.22895e-08 -1.90706e-16
   0.0282386     0.903598     0.299088     0.992005    0.0293911      3340.93     0.076589            0            1       2138.4      2291.33 -7.75681e-08  9.33495e-09 -2.23262e-08 -1.88146e-16
   0.0293911     0.900999     0.303016     0.991786    0.0305589      3339.92    0.0764434            0            1      2137.38      2290.65 -7.75045e-08  9.31559e-09 -2.23619e-08 -1.85687e-16
   0.0305589     0.898399     0.306895     0.991567    0.0317417       3338.9    0.0762975            0            1      2136.36      2289.98 -7.74406e-08  9.29608e-09 -2.23975e-08 -1.83321e-16
   0.0317417     0.895801     0.310726     0.991348    0.0329395      3337.89    0.0761515            0            1      2135.34       2289.3 -7.73763e-08  9.27639e-09 -2.24342e-08 -1.81044e-16
   0.0329395     0.893203     0.314511     0.991129    0.0341519      3336.87    0.0760052            0            1      2134.32      2288.63 -7.73115e-08  9.25658e-09 -2.24717e-08 -1.78849e-16
   0.0341519     0.890606     0.318252      0.99091    0.0353788      3335.86    0.0758588            0            1      2133.29      2287.95 -7.72464e-08   9.2366e-09 -2.25081e-08 -1.76732e-16
   0.0353788     0.888009     0.321951     0.990691    0.0366201      3334.84    0.0757121            0            1      2132.27      2287.27 -7.71809e-08  9.21646e-09 -2.25454e-08 -1.74689e-16
   0.0366201     0.885413     0.325608     0.990472    0.0378756      3333.82    0.0755652            0            1      2131.24      2286.59 -7.71149e-08  9.19623e-09 -2.25822e-08 -1.72715e-16
   0.0378756     0.882818     0.329226     0.990252    0.0391451      3332.79    0.0754181            0            1      2130.21      2285.91 -7.70486e-08  9.17578e-09 -2.26198e-08 -1.70807e-16
   0.0391451     0.880223     0.332805     0.990033    0.0404285      3331.77    0.0752708            0            1      2129.18      2285.22 -7.69819e-08  9.15507e-09 -2.26563e-08  -1.6896e-16
   0.0404285     0.877629     0.336348     0.989813    0.0417256      3330.74    0.0751232            0            1      2128.14      2284.54 -7.69149e-08  9.13432e-09 -2.26948e-08 -1.67172e-16
   0.0417256     0.875036     0.339854     0.989593    0.0430363      3329.72    0.0749755            0            1      2127.11      2283.85 -7.68502e-08  9.11278e-09 -2.27343e-08  -1.6544e-16
   0.0430363     0.872443     0.343325     0.989373    0.0443604      3328.69    0.0748271            0            1      2126.07      2283.17 -7.67823e-08  9.09246e-09  -2.2773e-08  -1.6376e-16
   0.0443604      0.86985     0.346762     0.989153    0.0456979      3327.66     0.074679            0            1      2125.03      2282.48 -7.67142e-08  9.07213e-09 -2.28133e-08  -1.6213e-16
   0.0456979     0.867259     0.350166     0.988933    0.0470485      3326.63    0.0745305            0            1      2123.99      2281.79 -7.66459e-08  9.05261e-09 -2.28546e-08  4.97701e-15
   0.0470485     0.864668     0.353539     0.988713    0.0484122       3325.6    0.0743819            0            1      2122.95       2281.1 -7.65776e-08  9.03397e-09 -2.28976e-08 -1.59012e-16
   0.0484122     0.862077      0.35688     0.988492    0.0497888      3324.56    0.0742331            0            1       2121.9      2280.41 -7.65093e-08  9.01616e-09 -2.29434e-08 -1.57519e-16
   0.0497888     0.859488     0.360191     0.988272    0.0511782      3323.52     0.074084            0            1      2120.85      2279.71 -7.64414e-08  8.99914e-09 -2.29903e-08 -1.56067e-16
   0.0511782     0.856899     0.363473     0.988051    0.0525803      3322.49    0.0739347            0            1      2119.81      2279.02 -7.63736e-08  8.98295e-09 -2.30391e-08 -1.54655e-16
   0.0525803      0.85431     0.366726      0.98783    0.0539949      3321.45    0.0737852            0            1      2118.76      2278.32 -7.63063e-08  8.96761e-09 -2.30904e-08  -1.5328e-16
   0.0539949     0.851722     0.369952     0.987609    0.0554221       3320.4    0.0736355            0            1       2117.7      2277.63 -7.62393e-08  8.95301e-09 -2.31425e-08 -1.51941e-16
   0.0554221     0.849135      0.37315     0.987388    0.0568615      3319.36    0.0734855            0            1      2116.65      2276.93  -7.6173e-08  8.93922e-09 -2.31976e-08 -1.50637e-16
   0.0568615     0.846548     0.376322     0.987167    0.0583133      3318.32    0.0733353            0            1      2115.59      2276.23  -7.6107e-08  8.92621e-09 -2.32547e-08 -4.92907e-15
   0.0583133     0.843962     0.379469     0.986946    0.0597772      3317.27    0.0731849            0            1      2114.54      2275.53 -7.60418e-08  8.91406e-09 -2.33133e-08 -1.48126e-16
   0.0597772     0.841377      0.38259     0.986725    0.0612531      3316.22    0.0730343            0            1      2113.48      2274.83 -7.59772e-08  8.90198e-09 -2.33724e-08 -2.93834e-16
   0.0612531     0.838792     0.385687     0.986503     0.062741      3315.17    0.0728834            0            1      2112.41      2274.13 -7.59132e-08  8.88967e-09 -2.34327e-08 -1.45737e-16
    0.062741     0.836208      0.38876     0.986282    0.0642408      3314.12    0.0727323            0            1      2111.35      2273.42 -7.58496e-08  8.87708e-09 -2.34939e-08 -1.44585e-16
   0.0642408     0.833625     0.391809      0.98606    0.0657523      3313.07     0.072581            0            1      2110.29      2272.72 -7.57865e-08  8.86426e-09 -2.35543e-08  -1.4346e-16
   0.0657523     0.831042     0.394836     0.985838    0.0672754      3312.01    0.0724294            0            1      2109.22      2272.01 -7.57237e-08  8.85118e-09 -2.36167e-08  -1.4236e-16
   0.0672754      0.82846      0.39784     0.985616    0.0688102      3310.96    0.0722776            0            1      2108.15      2271.31 -7.56613e-08  8.83791e-09 -2.36788e-08 -1.41286e-16
   0.0688102     0.825878     0.400823     0.985394    0.0703565       3309.9    0.0721256            0            1      2107.08       2270.6 -7.55991e-08  8.82432e-09 -2.37416e-08 -1.40235e-16
   0.0703565     0.823298     0.403785     0.985172    0.0719141      3308.84    0.0719734            0            1      2106.01      2269.89 -7.55391e-08  8.80994e-09 -2.38061e-08 -2.78416e-16
   0.0719141     0.820717     0.406725      0.98495    0.0734831      3307.78     0.071821            0            1      2104.93      2269.18 -7.54773e-08  8.79637e-09 -2.38697e-08 -1.38203e-16
   0.0734831     0.818138     0.409646     0.984727    0.0750634      3306.71    0.0716683            0            1      2103.85      2268.47 -7.54157e-08  8.78212e-09  -2.3933e-08            0
   0.0750634     0.815559     0.412546     0.984505    0.0766548      3305.65    0.0715153            0            1      2102.78      2267.76 -7.53543e-08  8.76762e-09 -2.39973e-08 -1.36256e-16
   0.0766548      0.81298     0.415427     0.984282    0.0782573      3304.58    0.0713621            0            1       2101.7      2267.05  -7.5293e-08  8.75291e-09 -2.40616e-08 -1.35313e-16
   0.0782573     0.810403     0.418289     0.984059    0.0798708      3303.51    0.0712087            0            1      2100.61      2266.33 -7.52318e-08  8.73795e-09 -2.41254e-08 -2.68779e-16
   0.0798708     0.807826     0.421132     0.983836    0.0814953      3302.44     0.071055            0            1      2099.53      2265.62 -7.51706e-08  8.72278e-09  -2.4191e-08 -2.66969e-16
   0.0814953     0.805249     0.423957     0.983613    0.0831306      3301.37    0.0709011            0            1      2098.44       2264.9 -7.51095e-08  8.70737e-09 -2.42552e-08 -1.32598e-16
   0.0831306     0.802674     0.426764      0.98339    0.0847767       3300.3     0.070747            0            1      2097.35      2264.18 -7.50484e-08  8.69171e-09 -2.43206e-08 -1.31728e-16
   0.0847767     0.800098     0.429553     0.983167    0.0864336      3299.22    0.0705926            0            1      2096.26      2263.46 -7.49872e-08  8.67585e-09 -2.43854e-08 -1.30875e-16
   0.0864336     0.797524     0.432325     0.982943    0.0881011      3298.14     0.070438            0            1      2095.17      2262.75  -7.4926e-08  8.65973e-09 -2.44509e-08 -1.30039e-16
   0.0881011      0.79495      0.43508      0.98272    0.0897792      3297.06    0.0702831            0            1      2094.08      2262.03 -7.48648e-08  8.64358e-09 -2.45163e-08 -2.58437e-16
   0.0897792     0.792377     0.437818     0.982496    0.0914678      3295.98     0.070128            0            1      2092.98       2261.3 -7.48035e-08  8.62708e-09 -2.45816e-08 -1.28414e-16
   0.0914678     0.789805      0.44054     0.982272    0.0931669       3294.9    0.0699726            0            1      2091.88      2260.58 -7.47419e-08  8.61029e-09 -2.46476e-08 -1.27623e-16
   0.0931669     0.787233     0.443247     0.982049    0.0948763      3293.81     0.069817            0            1      2090.78      2259.86 -7.46804e-08  8.59331e-09 -2.47129e-08  7.99139e-15
   0.0948763     0.784661     0.445937     0.981825    0.0965961      3292.72    0.0696611            0            1      2089.68      2259.13 -7.46187e-08  8.57611e-09 -2.47784e-08 -1.26086e-16
   0.0965961     0.782091     0.448612       0.9816    0.0983262      3291.64     0.069505            0            1      2088.58      2258.41 -7.45569e-08  8.55869e-09 -2.48444e-08 -2.50675e-16
   0.0983262     0.779521     0.451272     0.981376     0.100066      3290.54    0.0693487            0            1      2087.47      2257.68 -7.44948e-08  8.54107e-09 -2.49103e-08 -2.49205e-16
    0.100066     0.776952     0.453917     0.981152     0.101817      3289.45    0.0691921            0            1      2086.37      2256.96 -7.44327e-08   8.5232e-09 -2.49756e-08  -1.2388e-16
    0.101817     0.774383     0.456547     0.980927     0.103577      3288.36    0.0690352            0            1      2085.26      2256.23 -7.43703e-08  8.50517e-09 -2.50415e-08  -1.2317e-16
    0.103577     0.771815     0.459163     0.980702     0.105348      3287.26    0.0688781            0            1      2084.14       2255.5 -7.43077e-08  8.48693e-09 -2.51066e-08 -1.22472e-16
    0.105348     0.769248     0.461765     0.980478     0.107128      3286.16    0.0687208            0            1      2083.03      2254.77 -7.42448e-08  8.46843e-09 -2.51725e-08 -1.21786e-16
    0.107128     0.766681     0.464353     0.980253     0.108919      3285.06    0.0685632            0            1      2081.92      2254.04 -7.41818e-08  8.44977e-09 -2.52376e-08 -2.42223e-16
    0.108919     0.764115     0.466927     0.980028     0.110719      3283.96    0.0684053            0            1       2080.8      2253.31 -7.41186e-08  8.43089e-09 -2.53032e-08 -1.20448e-16
    0.110719      0.76155     0.469488     0.979803     0.112529      3282.86    0.0682472            0            1      2079.68      2252.57 -7.40551e-08   8.4118e-09 -2.53688e-08 -1.19795e-16
    0.112529     0.758985     0.472036     0.979577     0.114349      3281.75    0.0680888            0            1      2078.56      2251.84 -7.39913e-08  8.39251e-09 -2.54339e-08 -2.38305e-16
    0.114349     0.756421     0.474571     0.979352     0.116179      3280.64    0.0679301            0            1      2077.43      2251.11 -7.39273e-08  8.37303e-09 -2.54983e-08 -7.82234e-15
    0.116179     0.753858     0.477093     0.979126     0.118018      3279.53    0.0677712            0            1      2076.31      2250.37  -7.3863e-08  8.35336e-09 -2.55633e-08 -2.35796e-16
    0.118018     0.751295     0.479602     0.978901     0.119867      3278.42    0.0676121            0            1      2075.18      2249.64 -7.37983e-08  8.33348e-09 -2.56288e-08 -2.34571e-16
    0.119867     0.748733     0.482099     0.978675     0.121725      3277.31    0.0674527            0            1      2074.05       2248.9 -7.37335e-08  8.31338e-09 -2.56931e-08 -2.33365e-16
    0.121725     0.746172     0.484584     0.978449     0.123593      3276.19     0.067293            0            1      2072.92      2248.16 -7.36683e-08  8.29315e-09 -2.57572e-08 -1.16089e-16
    0.123593     0.743611     0.487057     0.978223      0.12547      3275.07    0.0671331            0            1      2071.78      2247.42 -7.36028e-08  8.27267e-09  -2.5822e-08 -1.15504e-16
     0.12547     0.741051     0.489518     0.977997     0.127357      3273.95    0.0669729            0            1      2070.65      2246.68 -7.35371e-08  8.25204e-09 -2.58859e-08 -2.29856e-16
    0.127357     0.738492     0.491967      0.97777     0.129253      3272.83    0.0668124            0            1      2069.51      2245.94  -7.3471e-08  8.23123e-09 -2.59498e-08  -1.1436e-16
    0.129253     0.735933     0.494405     0.977544     0.131159      3271.71    0.0666516            0            1      2068.37       2245.2 -7.34047e-08  8.21012e-09 -2.60123e-08 -2.27602e-16
    0.131159     0.733375     0.496831     0.977317     0.133073      3270.58    0.0664906            0            1      2067.23      2244.46 -7.33379e-08  8.18901e-09 -2.60748e-08   -2.265e-16
    0.133073     0.730818     0.499247     0.977091     0.134997      3269.45    0.0663293            0            1      2066.08      2243.71 -7.32709e-08  8.16763e-09 -2.61385e-08 -2.25414e-16
    0.134997     0.728261     0.501652     0.976864      0.13693      3268.32    0.0661678            0            1      2064.94      2242.97 -7.32018e-08  8.14686e-09 -2.62001e-08 -2.24343e-16
     0.13693     0.725705     0.504045     0.976637     0.138873      3267.19     0.066006            0            1      2063.79      2242.23 -7.31342e-08  8.12464e-09 -2.62555e-08 -1.11644e-16
    0.138873      0.72315     0.506428      0.97641     0.140824      3266.05    0.0658439            0            1      2062.64      2241.48 -7.30661e-08  8.10348e-09 -2.62992e-08 -1.11123e-16
    0.140824     0.720595     0.508801     0.976183     0.142784      3264.91    0.0656816            0            1      2061.49      2240.73  -7.2998e-08  8.08284e-09 -2.63319e-08  -2.2122e-16
    0.142784     0.718041     0.511163     0.975955     0.144754      3263.78     0.065519            0            1      2060.33      2239.99 -7.29295e-08  8.06274e-09 -2.63536e-08 -2.20207e-16
    0.144754     0.715487     0.513515     0.975728     0.146732      3262.64    0.0653561            0            1      2059.18      2239.24 -7.28609e-08  8.04303e-09 -2.63652e-08 -2.19209e-16
    0.146732     0.712935     0.515857       0.9755     0.148719      3261.49    0.0651929            0            1      2058.02      2238.49 -7.27921e-08  8.02388e-09 -2.63677e-08            0
    0.148719     0.710383     0.518189     0.975272     0.150716      3260.35    0.0650295            0            1      2056.86      2237.74 -7.27233e-08    8.005e-09 -2.63587e-08 -2.17251e-16
    0.150716     0.707831     0.520512     0.975045     0.152721       3259.2    0.0648658            0            1       2055.7      2236.99 -7.26543e-08  7.98669e-09 -2.63403e-08            0
    0.152721     0.705281     0.522824     0.974817     0.154735      3258.05    0.0647018            0            1      2054.53      2236.24 -7.25853e-08   7.9689e-09 -2.63103e-08 -2.15346e-16
    0.154735     0.702731     0.525128     0.974588     0.156757       3256.9    0.0645375            0            1      2053.37      2235.49 -7.25163e-08  7.95127e-09 -2.62763e-08 -2.14411e-16
    0.156757     0.700182     0.527421      0.97436     0.158789      3255.75     0.064373            0            1       2052.2      2234.74 -7.24473e-08  7.93363e-09 -2.62436e-08 -2.13489e-16
    0.158789     0.697633     0.529706     0.974132     0.160829      3254.59    0.0642082            0            1      2051.03      2233.98 -7.23782e-08  7.91574e-09 -2.62122e-08 -2.12579e-16
    0.160829     0.695085     0.531981     0.973903     0.162878      3253.44    0.0640431            0            1      2049.85      2233.23  -7.2309e-08  7.89768e-09 -2.61817e-08  -2.1168e-16
    0.162878     0.692538     0.534247     0.973675     0.164935      3252.28    0.0638778            0            1      2048.68      2232.48 -7.22398e-08  7.87927e-09 -2.61544e-08            0
    0.164935     0.689991     0.536505     0.973446     0.167001      3251.11    0.0637122            0            1       2047.5      2231.72 -7.21705e-08  7.86068e-09 -2.61265e-08 -2.09916e-16
    0.167001     0.687445     0.538753     0.973217     0.169075      3249.95    0.0635463            0            1      2046.32      2230.97  -7.2101e-08   7.8418e-09 -2.61011e-08            0
    0.169075       0.6849     0.540993     0.972988     0.171158      3248.78    0.0633802            0            1      2045.14      2230.21 -7.20315e-08  7.82267e-09 -2.60763e-08            0
    0.171158     0.682355     0.543224     0.972759      0.17325      3247.61    0.0632137            0            1      2043.95      2229.45 -7.19617e-08  7.80331e-09 -2.60538e-08 -2.07351e-16
     0.17325     0.679812     0.545447     0.972529      0.17535      3246.44     0.063047            0            1      2042.77      2228.69 -7.18919e-08  7.78371e-09 -2.60326e-08 -2.06516e-16
     0.17535     0.677268     0.547661       0.9723     0.177458      3245.27      0.06288            0            1      2041.58      2227.94 -7.18219e-08  7.76389e-09 -2.60117e-08 -2.05692e-16
    0.177458     0.674726     0.549868      0.97207     0.179575       3244.1    0.0627128            0            1      2040.38      2227.18 -7.17517e-08  7.74382e-09 -2.59928e-08 -2.04877e-16
    0.179575     0.672184     0.552066      0.97184       0.1817      3242.92    0.0625453            0            1      2039.19      2226.42 -7.16812e-08  7.72346e-09 -2.59749e-08 -2.04072e-16
      0.1817     0.669643     0.554255      0.97161     0.183834      3241.74    0.0623775            0            1      2037.99      2225.66 -7.16107e-08  7.70293e-09  -2.5958e-08 -2.03276e-16
    0.183834     0.667103     0.556437      0.97138     0.185975      3240.56    0.0622094            0            1      2036.79      2224.89 -7.15399e-08   7.6822e-09  -2.5943e-08  -2.0249e-16
    0.185975     0.664563     0.558611      0.97115     0.188125      3239.37     0.062041            0            1      2035.58      2224.13 -7.14689e-08  7.66107e-09 -2.59286e-08  1.27079e-14
    0.188125     0.662024     0.560778      0.97092     0.190284      3238.18    0.0618724            0            1      2034.38      2223.37 -7.13976e-08  7.63993e-09  -2.5915e-08 -2.00944e-16
    0.190284     0.659486     0.562936      0.97069      0.19245      3236.99    0.0617035            0            1      2033.17      2222.61 -7.13262e-08  7.61848e-09 -2.59033e-08 -2.00185e-16
     0.19245     0.656948     0.565087     0.970459     0.194625       3235.8    0.0615343            0            1      2031.96      2221.84 -7.12543e-08  7.59669e-09 -2.58926e-08 -1.99433e-16
    0.194625     0.654411     0.567231     0.970228     0.196807      3234.61    0.0613648            0            1      2030.74      2221.08 -7.11824e-08   7.5749e-09 -2.58824e-08 -1.98691e-16
    0.196807     0.651875     0.569367     0.969997     0.198998      3233.41    0.0611951            0            1      2029.52      2220.31 -7.11102e-08   7.5527e-09 -2.58737e-08 -1.97956e-16
    0.198998     0.649339     0.571495     0.969766     0.201197      3232.21    0.0610253            0            1       2028.3      2219.54 -7.10377e-08  7.53028e-09  -2.5866e-08  -1.9723e-16
    0.201197     0.646804     0.573617     0.969535     0.203404      3231.01     0.060855            0            1      2027.08      2218.78 -7.09648e-08  7.50785e-09 -2.58594e-08 -1.96511e-16
    0.203404      0.64427     0.575731     0.969304     0.205619      3229.81    0.0606844            0            1      2025.85      2218.01 -7.08917e-08  7.48499e-09 -2.58533e-08   -1.958e-16
    0.205619     0.641737     0.577838     0.969073     0.207842       3228.6    0.0605135            0            1      2024.62      2217.24 -7.08183e-08  7.46201e-09 -2.58491e-08 -1.95097e-16
    0.207842     0.639204     0.579938     0.968841     0.210073       3227.4    0.0603424            0            1      2023.39      2216.47 -7.07446e-08  7.43891e-09 -2.58449e-08 -1.94402e-16
    0.210073     0.636672     0.582032     0.968609     0.212311      3226.19     0.060171            0            1      2022.15       2215.7 -7.06706e-08   7.4155e-09 -2.58424e-08 -1.93714e-16
    0.212311      0.63414     0.584118     0.968378     0.214558      3224.97    0.0599993            0            1      2020.92      2214.93 -7.05963e-08  7.39194e-09 -2.58404e-08 -1.93033e-16
    0.214558      0.63161     0.586198     0.968146     0.216813      3223.76    0.0598273            0            1      2019.67      2214.16 -7.05216e-08  7.36816e-09 -2.58394e-08 -1.92359e-16
    0.216813      0.62908      0.58827     0.967914     0.219075      3222.54     0.059655            0            1      2018.43      2213.38 -7.04467e-08  7.34422e-09 -2.58402e-08 -1.91692e-16
    0.219075     0.626551     0.590337     0.967681     0.221345      3221.32    0.0594824            0            1      2017.18      2212.61 -7.03714e-08  7.32006e-09 -2.58404e-08 -1.91032e-16
    0.221345     0.624022     0.592396     0.967449     0.223623       3220.1    0.0593096            0            1      2015.93      2211.84 -7.02957e-08  7.29572e-09  -2.5842e-08 -1.23747e-14
    0.223623     0.621494     0.594449     0.967216     0.225909      3218.87    0.0591364            0            1      2014.67      2211.06 -7.02198e-08  7.27119e-09 -2.58453e-08 -1.89733e-16
    0.225909     0.618967     0.596496     0.966984     0.228202      3217.64     0.058963            0            1      2013.41      2210.29 -7.01435e-08  7.24633e-09  -2.5848e-08 -1.89093e-16
    0.228202     0.616441     0.598536     0.966751     0.230504      3216.41    0.0587893            0            1      2012.15      2209.51 -7.00667e-08  7.22153e-09 -2.58523e-08 -1.88459e-16
    0.230504     0.613915      0.60057     0.966518     0.232812      3215.18    0.0586153            0            1      2010.88      2208.73 -6.99898e-08  7.19632e-09 -2.58574e-08 -1.87832e-16
    0.232812      0.61139     0.602598     0.966285     0.235129      3213.94     0.058441            0            1      2009.61      2207.95 -6.99123e-08  7.17106e-09  -2.5863e-08 -1.87211e-16
    0.235129     0.608866      0.60462     0.966051     0.237453      3212.71    0.0582665            0            1      2008.34      2207.18 -6.98345e-08   7.1456e-09 -2.58695e-08 -1.86597e-16
    0.237453     0.606342     0.606635     0.965818     0.239785      3211.46    0.0580916            0            1      2007.07       2206.4 -6.97564e-08  7.11989e-09 -2.58761e-08 -1.85988e-16
    0.239785     0.603819     0.608645     0.965585     0.242124      3210.22    0.0579164            0            1      2005.79      2205.62  -6.9678e-08  7.09408e-09 -2.58851e-08 -1.85385e-16
    0.242124     0.601297     0.610649     0.965351     0.244471      3208.98     0.057741            0            1       2004.5      2204.84 -6.95991e-08  7.06807e-09 -2.58928e-08 -1.84788e-16
    0.244471     0.598776     0.612646     0.965117     0.246826      3207.73    0.0575652            0            1      2003.21      2204.06 -6.95199e-08   7.0419e-09 -2.59028e-08 -1.84196e-16
    0.246826     0.596255     0.614638     0.964883     0.249188      3206.48    0.0573892            0            1      2001.92      2203.27 -6.94402e-08  7.01557e-09 -2.59128e-08 -1.83611e-16
    0.249188     0.593735     0.616624     0.964649     0.251557      3205.22    0.0572128            0            1      2000.63      2202.49 -6.93602e-08  6.98903e-09 -2.59231e-08 -1.83031e-16
    0.251557     0.591216     0.618604     0.964415     0.253934      3203.97    0.0570362            0            1      1999.33      2201.71 -6.92798e-08  6.96236e-09 -2.59347e-08 -1.82456e-16
    0.253934     0.588697     0.620579      0.96418     0.256318      3202.71    0.0568593            0            1      1998.03      2200.92  -6.9199e-08  6.93554e-09 -2.59468e-08 -1.81887e-16
    0.256318     0.586179     0.622547     0.963946      0.25871      3201.45    0.0566821            0            1      1996.72      2200.14 -6.91179e-08  6.90848e-09 -2.59591e-08 -1.81323e-16
     0.25871     0.583662     0.624511     0.963711     0.261109      3200.18    0.0565045            0            1      1995.41      2199.35  -6.9037e-08  6.88089e-09 -2.59737e-08 -1.80764e-16
    0.261109     0.581146     0.626469     0.963476     0.263516      3198.92    0.0563266            0            1       1994.1      2198.56 -6.89551e-08  6.85431e-09 -2.59989e-08  -1.8021e-16
    0.263516      0.57863     0.628421     0.963241      0.26593      3197.65    0.0561484            0            1      1992.78      2197.78 -6.88728e-08  6.82985e-09 -2.60475e-08 -1.79662e-16
     0.26593     0.576115     0.630368     0.963006     0.268351      3196.38      0.05597            0            1      1991.46      2196.99 -6.87905e-08  6.80838e-09   -2.612e-08 -1.79118e-16
    0.268351     0.573601     0.632309      0.96277     0.270779       3195.1    0.0557913            0            1      1990.13       2196.2 -6.87082e-08   6.7901e-09 -2.62177e-08 -1.78579e-16
    0.270779     0.571087     0.634246     0.962535     0.273215      3193.83    0.0556122            0            1       1988.8      2195.41 -6.86261e-08  6.77483e-09 -2.63387e-08 -1.78046e-16
    0.273215     0.568574     0.636177     0.962299     0.275658      3192.55    0.0554326            0            1      1987.47      2194.62 -6.85443e-08  6.76247e-09 -2.64828e-08 -1.77516e-16
    0.275658     0.566062     0.638102     0.962063     0.278108      3191.26    0.0552529            0            1      1986.13      2193.83  -6.8463e-08  6.75331e-09 -2.66514e-08 -1.76992e-16
    0.278108     0.563551     0.640023     0.961828     0.280566      3189.98    0.0550729            0            1      1984.79      2193.04 -6.83822e-08  6.74694e-09 -2.68394e-08 -1.76472e-16
    0.280566     0.561041     0.641939     0.961591     0.283031      3188.69    0.0548925            0            1      1983.44      2192.25  -6.8302e-08  6.74226e-09 -2.70328e-08 -1.75957e-16
    0.283031     0.558531     0.643849     0.961355     0.285502       3187.4    0.0547119            0            1      1982.09      2191.45 -6.82225e-08  6.73745e-09  -2.7225e-08 -1.75446e-16
    0.285502     0.556022     0.645754     0.961119     0.287981       3186.1    0.0545308            0            1      1980.74      2190.66 -6.81435e-08  6.73185e-09 -2.74155e-08  -1.7494e-16
    0.287981     0.553513     0.647655     0.960882     0.290468      3184.81    0.0543495            0            1      1979.38      2189.86 -6.80651e-08  6.72588e-09 -2.76033e-08 -1.74438e-16
    0.290468     0.551006      0.64955     0.960646     0.292961      3183.51    0.0541678            0            1      1978.01      2189.07 -6.79871e-08  6.71932e-09 -2.77899e-08  -1.7394e-16
    0.292961     0.548499     0.651441     0.960409     0.295461       3182.2    0.0539858            0            1      1976.64      2188.27 -6.79097e-08  6.71257e-09 -2.79743e-08 -1.73447e-16
    0.295461     0.545992     0.653327     0.960172     0.297969       3180.9    0.0538034            0            1      1975.27      2187.48 -6.78326e-08    6.705e-09 -2.81554e-08 -1.72957e-16
    0.297969     0.543487     0.655208     0.959934     0.300483      3179.59    0.0536207            0            1       1973.9      2186.68 -6.77561e-08  6.69699e-09 -2.83344e-08 -1.72472e-16
    0.300483     0.540982     0.657084     0.959697     0.303005      3178.28    0.0534376            0            1      1972.51      2185.88 -6.76799e-08  6.68859e-09 -2.85112e-08 -1.71991e-16
    0.303005     0.538478     0.658956      0.95946     0.305533      3176.96    0.0532541            0            1      1971.13      2185.08  -6.7604e-08   6.6796e-09 -2.86858e-08 -1.71514e-16
    0.305533     0.535975     0.660823     0.959222     0.308069      3175.64    0.0530703            0            1      1969.74      2184.28 -6.75285e-08  6.67008e-09 -2.88581e-08 -1.71041e-16
    0.308069     0.533473     0.662685     0.958984     0.310611      3174.32    0.0528862            0            1      1968.34      2183.48 -6.74533e-08  6.66025e-09 -2.90282e-08 -1.70572e-16
    0.310611     0.530971     0.664543     0.958746     0.313161      3172.99    0.0527017            0            1      1966.95      2182.68 -6.73783e-08  6.64972e-09  -2.9196e-08 -1.70106e-16
    0.313161      0.52847     0.666396     0.958508     0.315717      3171.66    0.0525168            0            1      1965.54      2181.88 -6.73036e-08  6.63896e-09 -2.93622e-08 -1.69645e-16
    0.315717      0.52597     0.668244      0.95827     0.318281      3170.33    0.0523315            0            1      1964.13      2181.07 -6.72291e-08  6.62759e-09 -2.95252e-08 -1.69187e-16
    0.318281      0.52347     0.670088     0.958032     0.320851         3169    0.0521458            0            1      1962.72      2180.27 -6.71549e-08  6.61574e-09 -2.96863e-08 -1.68733e-16
    0.320851     0.520972     0.671928     0.957793     0.323428      3167.66    0.0519598            0            1       1961.3      2179.47 -6.70807e-08  6.60356e-09 -2.98458e-08 -1.68282e-16
    0.323428     0.518474     0.673764     0.957554     0.326012      3166.32    0.0517734            0            1      1959.88      2178.66 -6.70068e-08  6.59075e-09 -3.00021e-08 -1.67835e-16
    0.326012     0.515976     0.675595     0.957315     0.328603      3164.97    0.0515866            0            1      1958.45      2177.86  -6.6933e-08  6.57773e-09 -3.01569e-08 -1.67392e-16
    0.328603      0.51348     0.677421     0.957076       0.3312      3163.62    0.0513995            0            1      1957.02      2177.05 -6.68593e-08    6.564e-09 -3.03094e-08 -1.66952e-16
      0.3312     0.510984     0.679244     0.956837     0.333805      3162.27    0.0512119            0            1      1955.58      2176.24 -6.67857e-08  6.55007e-09 -3.04592e-08 -1.66515e-16
    0.333805     0.508489     0.681062     0.956598     0.336416      3160.92    0.0510239            0            1      1954.14      2175.43 -6.67121e-08   6.5355e-09 -3.06072e-08 -1.66082e-16
    0.336416     0.505995     0.682876     0.956358     0.339034      3159.56    0.0508356            0            1      1952.69      2174.63 -6.66386e-08  6.52073e-09  -3.0753e-08 -1.65652e-16
    0.339034     0.503502     0.684686     0.956118     0.341659       3158.2    0.0506468            0            1      1951.24      2173.82 -6.65652e-08  6.50526e-09 -3.08965e-08 -1.65226e-16
    0.341659     0.501009     0.686492     0.955879      0.34429      3156.83    0.0504577            0            1      1949.79      2173.01 -6.64917e-08   6.4895e-09 -3.10372e-08 -1.64803e-16
     0.34429     0.498517     0.688293     0.955639     0.346929      3155.46    0.0502681            0            1      1948.32       2172.2 -6.64182e-08  6.47325e-09 -3.11773e-08 -1.64383e-16
    0.346929     0.496026     0.690091     0.955398     0.349573      3154.09    0.0500782            0            1      1946.86      2171.38 -6.63447e-08  6.45681e-09 -3.13133e-08 -1.63966e-16
    0.349573     0.493535     0.691884     0.955158     0.352225      3152.71    0.0498878            0            1      1945.38      2170.57 -6.62712e-08   6.4397e-09 -3.14484e-08 -1.63553e-16
    0.352225     0.491046     0.693674     0.954918     0.354883      3151.33     0.049697            0            1      1943.91      2169.76 -6.61976e-08  6.42229e-09 -3.15819e-08 -1.63142e-16
    0.354883     0.488557     0.695459     0.954677     0.357548      3149.94     0.049506            0            1      1942.43      2168.94 -6.61239e-08  6.40454e-09  -3.1713e-08 -1.62735e-16
    0.357548     0.486069     0.697241     0.954436      0.36022      3148.55    0.0493144            0            1      1940.94      2168.13 -6.60501e-08  6.38632e-09 -3.18412e-08 -1.62331e-16
     0.36022     0.483581     0.699019     0.954195     0.362898      3147.16    0.0491224            0            1      1939.45      2167.32 -6.59763e-08  6.36768e-09 -3.19668e-08 -1.61929e-16
    0.362898     0.481095     0.700793     0.953954     0.365583      3145.77    0.0489299            0            1      1937.95       2166.5 -6.59023e-08  6.34869e-09  -3.2091e-08 -1.61531e-16
    0.365583     0.478609     0.702563     0.953713     0.368274      3144.37     0.048737            0            1      1936.45      2165.68 -6.58281e-08  6.32932e-09  -3.2213e-08 -1.61136e-16
    0.368274     0.476124     0.704329     0.953471     0.370972      3142.96    0.0485437            0            1      1934.94      2164.87 -6.57538e-08  6.30947e-09 -3.23321e-08 -1.60743e-16
    0.370972      0.47364     0.706092      0.95323     0.373677      3141.56    0.0483499            0            1      1933.42      2164.05 -6.56794e-08  6.28926e-09  -3.2448e-08 -1.60353e-16
    0.373677     0.471156      0.70785     0.952988     0.376388      3140.15    0.0481558            0            1      1931.91      2163.23 -6.56047e-08  6.26878e-09  -3.2563e-08  2.03158e-14
    0.376388     0.468673     0.709605     0.952746     0.379106      3138.73    0.0479611            0            1      1930.38      2162.41 -6.55298e-08  6.24777e-09 -3.26753e-08 -1.59583e-16
    0.379106     0.466192     0.711357     0.952504      0.38183      3137.31    0.0477661            0            1      1928.85      2161.59 -6.54548e-08  6.22654e-09 -3.27862e-08 -1.59201e-16
     0.38183      0.46371     0.713105     0.952262      0.38456      3135.89    0.0475706            0            1      1927.32      2160.77 -6.53795e-08   6.2049e-09  -3.2895e-08 -1.58823e-16
     0.38456      0.46123     0.714849     0.952019     0.387297      3134.46    0.0473747            0            1      1925.78      2159.95  -6.5304e-08  6.18294e-09  -3.3002e-08 -1.58447e-16
    0.387297      0.45875     0.716589     0.951777     0.390041      3133.03    0.0471783            0            1      1924.23      2159.12 -6.52283e-08   6.1605e-09 -3.31063e-08 -1.58073e-16
    0.390041     0.456272     0.718326     0.951534     0.392791       3131.6    0.0469815            0            1      1922.68       2158.3 -6.51522e-08  6.13784e-09 -3.32091e-08 -1.57703e-16
    0.392791     0.453794      0.72006     0.951291     0.395547      3130.16    0.0467842            0            1      1921.12      2157.48  -6.5076e-08  6.11485e-09 -3.33089e-08 -1.57335e-16
    0.395547     0.451316      0.72179     0.951048      0.39831      3128.72    0.0465864            0            1      1919.55      2156.65 -6.49994e-08  6.09141e-09 -3.34076e-08 -1.56969e-16
     0.39831      0.44884     0.723516     0.950805     0.401079      3127.27    0.0463883            0            1      1917.98      2155.82 -6.49226e-08  6.06768e-09 -3.35034e-08 -1.56606e-16
    0.401079     0.446364     0.725239     0.950561     0.403855      3125.82    0.0461896            0            1       1916.4         2155 -6.48454e-08  6.04362e-09  -3.3598e-08 -1.56246e-16
    0.403855     0.443889     0.726959     0.950318     0.406637      3124.36    0.0459905            0            1      1914.82      2154.17 -6.47679e-08  6.01923e-09 -3.36898e-08 -1.55888e-16
    0.406637     0.441415     0.728675     0.950074     0.409425       3122.9     0.045791            0            1      1913.23      2153.34 -6.46902e-08  5.99455e-09 -3.37797e-08 -1.55533e-16
    0.409425     0.438942     0.730388      0.94983      0.41222      3121.44    0.0455909            0            1      1911.63      2152.51  -6.4612e-08  5.96954e-09  -3.3868e-08 -1.55179e-16
     0.41222     0.436469     0.732097     0.949586     0.415021      3119.97    0.0453904            0            1      1910.03      2151.68 -6.45335e-08  5.94318e-09 -3.39389e-08 -1.54829e-16
    0.415021     0.433998     0.733803     0.949342     0.417828      3118.49    0.0451895            0            1      1908.42      2150.85 -6.44547e-08  5.91712e-09 -3.39632e-08  -1.5448e-16
    0.417828     0.431527     0.735506     0.949097     0.420642      3117.02     0.044988            0            1       1906.8      2150.01 -6.43754e-08  5.88961e-09 -3.39302e-08 -1.54134e-16
    0.420642     0.429057     0.737206     0.948853     0.423462      3115.54    0.0447862            0            1      1905.18      2149.18 -6.42957e-08  5.86091e-09 -3.38395e-08 -1.53791e-16
    0.423462     0.426587     0.738902     0.948608     0.426288      3114.05    0.0445838            0            1      1903.55      2148.35 -6.42154e-08  5.83098e-09 -3.36947e-08 -1.53449e-16
    0.426288     0.424119     0.740595     0.948363     0.429121      3112.56    0.0443811            0            1      1901.91      2147.51 -6.41347e-08   5.7997e-09 -3.34974e-08  -1.5311e-16
    0.429121     0.421651     0.742285     0.948118     0.431959      3111.07    0.0441778            0            1      1900.26      2146.67 -6.40533e-08   5.7683e-09 -3.32703e-08 -1.52773e-16
    0.431959     0.419184     0.743972     0.947873     0.434804      3109.57    0.0439742            0            1      1898.61      2145.83 -6.39714e-08  5.73544e-09 -3.30428e-08 -1.52439e-16
    0.434804     0.416718     0.745656     0.947628     0.437656      3108.06    0.0437701            0            1      1896.95      2144.99 -6.38889e-08  5.70243e-09  -3.2821e-08 -1.52106e-16
    0.437656     0.414253     0.747337     0.947382     0.440513      3106.56    0.0435655            0            1      1895.29      2144.15 -6.38059e-08  5.66916e-09 -3.26038e-08 -1.51776e-16
    0.440513     0.411789     0.749014     0.947137     0.443376      3105.05    0.0433605            0            1      1893.61      2143.31 -6.37221e-08  5.63616e-09 -3.23919e-08 -1.51448e-16
    0.443376     0.409325     0.750688     0.946891     0.446246      3103.53    0.0431551            0            1      1891.93      2142.47 -6.36379e-08  5.60255e-09 -3.21855e-08 -1.51122e-16
    0.446246     0.406862      0.75236     0.946645     0.449122      3102.01    0.0429493            0            1      1890.24      2141.63  -6.3553e-08  5.56868e-09 -3.19854e-08 -1.50798e-16
    0.449122       0.4044     0.754028     0.946399     0.452004      3100.48     0.042743            0            1      1888.54      2140.78 -6.34675e-08  5.53467e-09 -3.17893e-08 -1.50476e-16
    0.452004     0.401939     0.755693     0.946152     0.454892      3098.95    0.0425363            0            1      1886.84      2139.93 -6.33814e-08  5.50037e-09 -3.15991e-08 -1.50156e-16
    0.454892     0.399478     0.757356     0.945906     0.457787      3097.42    0.0423293            0            1      1885.13      2139.09 -6.32947e-08  5.46601e-09 -3.14138e-08 -2.99677e-16
    0.457787     0.397019     0.759015     0.945659     0.460687      3095.88    0.0421218            0            1      1883.41      2138.24 -6.32073e-08  5.43103e-09 -3.12334e-08 -1.49523e-16
    0.460687      0.39456     0.760672     0.945412     0.463594      3094.34    0.0419139            0            1      1881.68      2137.39 -6.31194e-08  5.39614e-09 -3.10575e-08 -1.92479e-14
    0.463594     0.392102     0.762325     0.945165     0.466506      3092.79    0.0417055            0            1      1879.94      2136.54 -6.30308e-08  5.36124e-09 -3.08864e-08 -1.48897e-16
    0.466506     0.389645     0.763976     0.944918     0.469425      3091.23    0.0414968            0            1       1878.2      2135.68 -6.29416e-08  5.32622e-09 -3.07204e-08 -1.48587e-16
    0.469425     0.387189     0.765624     0.944671      0.47235      3089.68    0.0412877            0            1      1876.44      2134.83 -6.28518e-08  5.29096e-09 -3.05582e-08 -1.48279e-16
     0.47235     0.384733     0.767269     0.944423     0.475281      3088.11    0.0410782            0            1      1874.68      2133.97 -6.27613e-08  5.25543e-09  -3.0401e-08 -1.47973e-16
    0.475281     0.382279     0.768911     0.944176     0.478217      3086.55    0.0408683            0            1      1872.91      2133.12 -6.26702e-08  5.21992e-09 -3.02487e-08 -1.47669e-16
    0.478217     0.379825      0.77055     0.943928      0.48116      3084.98    0.0406579            0            1      1871.13      2132.26 -6.25786e-08  5.18423e-09 -3.01006e-08 -1.47367e-16
     0.48116     0.377372     0.772187      0.94368     0.484109       3083.4    0.0404472            0            1      1869.34       2131.4 -6.24862e-08  5.14826e-09 -2.99561e-08 -1.47066e-16
    0.484109      0.37492      0.77382     0.943432     0.487064      3081.82    0.0402361            0            1      1867.55      2130.54 -6.23933e-08  5.11236e-09 -2.98172e-08 -1.46768e-16
    0.487064     0.372468     0.775451     0.943184     0.490025      3080.23    0.0400246            0            1      1865.74      2129.67 -6.22997e-08   5.0763e-09 -2.96823e-08 -1.46471e-16
    0.490025     0.370018      0.77708     0.942935     0.492992      3078.64    0.0398127            0            1      1863.93      2128.81 -6.22054e-08  5.03993e-09 -2.95505e-08 -1.46176e-16
    0.492992     0.367568     0.778705     0.942686     0.495965      3077.05    0.0396005            0            1      1862.11      2127.95 -6.21107e-08   5.0035e-09 -2.94237e-08 -1.45882e-16
    0.495965     0.365119     0.780328     0.942438     0.498943      3075.44    0.0393878            0            1      1860.28      2127.08 -6.20152e-08  4.96699e-09 -2.93011e-08 -1.45591e-16
    0.498943     0.362671     0.781949     0.942189     0.501928      3073.84    0.0391747            0            1      1858.44      2126.21 -6.19191e-08  4.93047e-09 -2.91827e-08 -1.45301e-16
    0.501928     0.360224     0.783566     0.941939     0.504919      3072.23    0.0389613            0            1      1856.59      2125.34 -6.18223e-08  4.89367e-09 -2.90672e-08 -1.45013e-16
    0.504919     0.357778     0.785181      0.94169     0.507915      3070.61    0.0387475            0            1      1854.73      2124.47  -6.1725e-08  4.85678e-09 -2.89567e-08 -1.44727e-16
    0.507915     0.355333     0.786794     0.941441     0.510918      3068.99    0.0385333            0            1      1852.86       2123.6  -6.1627e-08  4.81988e-09 -2.88496e-08 -1.44442e-16
    0.510918     0.352888     0.788403     0.941191     0.513926      3067.37    0.0383187            0            1      1850.98      2122.72 -6.15283e-08  4.78281e-09 -2.87458e-08 -1.44159e-16
    0.513926     0.350444     0.790011     0.940941      0.51694      3065.74    0.0381037            0            1      1849.09      2121.85  -6.1429e-08  4.74573e-09 -2.86464e-08 -1.43878e-16
     0.51694     0.348001     0.791615     0.940691      0.51996      3064.11    0.0378884            0            1       1847.2      2120.97 -6.13292e-08  4.70842e-09 -2.85508e-08 -1.43598e-16
     0.51996     0.345559     0.793217     0.940441     0.522986      3062.47    0.0376727            0            1      1845.29      2120.09 -6.12286e-08  4.67115e-09  -2.8458e-08  -1.4332e-16
    0.522986     0.343118     0.794817      0.94019     0.526018      3060.82    0.0374566            0            1      1843.38      2119.21 -6.11275e-08  4.63375e-09 -2.83689e-08 -1.43044e-16
    0.526018     0.340678     0.796414      0.93994     0.529056      3059.17    0.0372401            0            1      1841.45      2118.32 -6.10257e-08  4.59627e-09 -2.82838e-08 -1.42769e-16
    0.529056     0.338239     0.798009     0.939689     0.532099      3057.52    0.0370232            0            1      1839.51      2117.44 -6.09233e-08  4.55871e-09 -2.82021e-08 -1.42496e-16
    0.532099       0.3358     0.799601     0.939438     0.535148      3055.86     0.036806            0            1      1837.57      2116.55 -6.08202e-08  4.52087e-09 -2.81236e-08 -1.42224e-16
    0.535148     0.333362     0.801191     0.939187     0.538204      3054.19    0.0365883            0            1      1835.61      2115.67 -6.07165e-08  4.48315e-09 -2.80485e-08 -1.41954e-16
    0.538204     0.330925     0.802778     0.938935     0.541264      3052.52    0.0363703            0            1      1833.65      2114.78 -6.06122e-08  4.44553e-09 -2.79763e-08 -2.83371e-16
    0.541264     0.328489     0.804363     0.938684     0.544331      3050.85    0.0361519            0            1      1831.67      2113.89 -6.05072e-08  4.40758e-09 -2.79071e-08 -1.41418e-16
    0.544331     0.326054     0.805946     0.938432     0.547403      3049.17    0.0359331            0            1      1829.69      2112.99 -6.04017e-08  4.37009e-09 -2.78403e-08 -2.82306e-16
    0.547403      0.32362     0.807526      0.93818     0.550482      3047.49     0.035714            0            1      1827.69       2112.1 -6.02954e-08   4.3322e-09 -2.77777e-08 -1.40889e-16
    0.550482     0.321187     0.809104     0.937928     0.553566       3045.8    0.0354944            0            1      1825.68       2111.2 -6.01886e-08  4.29425e-09 -2.77182e-08 -1.40626e-16
    0.553566     0.318754     0.810679     0.937676     0.556655       3044.1    0.0352745            0            1      1823.67       2110.3 -6.00812e-08  4.25621e-09 -2.76612e-08  -2.8073e-16
    0.556655     0.316323     0.812253     0.937423     0.559751       3042.4    0.0350542            0            1      1821.64       2109.4 -5.99731e-08  4.21836e-09 -2.76064e-08 -1.40105e-16
    0.559751     0.313892     0.813823     0.937171     0.562852       3040.7    0.0348335            0            1       1819.6       2108.5 -5.98644e-08  4.18025e-09 -2.75562e-08 -1.39847e-16
    0.562852     0.311462     0.815392     0.936918     0.565959      3038.99    0.0346124            0            1      1817.55       2107.6 -5.97551e-08   4.1421e-09 -2.75075e-08  -1.3959e-16
    0.565959     0.309033     0.816958     0.936665     0.569071      3037.27    0.0343909            0            1      1815.49      2106.69 -5.96451e-08   4.1041e-09 -2.74614e-08 -1.39335e-16
    0.569071     0.306605     0.818522     0.936412     0.572189      3035.55     0.034169            0            1      1813.42      2105.79 -5.95346e-08  4.06609e-09 -2.74185e-08 -1.39081e-16
    0.572189     0.304178     0.820084     0.936158     0.575313      3033.83    0.0339467            0            1      1811.34      2104.88 -5.94234e-08   4.0279e-09 -2.73784e-08 -1.38828e-16
    0.575313     0.301751     0.821644     0.935905     0.578443       3032.1     0.033724            0            1      1809.25      2103.97 -5.93117e-08  3.98977e-09 -2.73403e-08 -1.38577e-16
    0.578443     0.299326     0.823201     0.935651     0.581578      3030.36     0.033501            0            1      1807.14      2103.05 -5.91992e-08  3.95166e-09 -2.73047e-08 -1.38327e-16
    0.581578     0.296901     0.824756     0.935397     0.584719      3028.62    0.0332775            0            1      1805.03      2102.14 -5.90862e-08  3.91357e-09 -2.72722e-08 -1.38078e-16
    0.584719     0.294478      0.82631     0.935142     0.587865      3026.87    0.0330536            0            1       1802.9      2101.22 -5.89726e-08  3.87549e-09 -2.72412e-08 -1.37831e-16
    0.587865     0.292055      0.82786     0.934888     0.591017      3025.12    0.0328294            0            1      1800.76       2100.3 -5.88583e-08  3.83732e-09  -2.7227e-08 -1.37585e-16
    0.591017     0.289633     0.829409     0.934633     0.594175      3023.37    0.0326046            0            1      1798.62      2099.38 -5.87436e-08  3.80297e-09 -2.73008e-08 -2.74681e-16
    0.594175     0.287212     0.830956     0.934378     0.597338      3021.61    0.0323795            0            1      1796.46      2098.46 -5.86289e-08  3.78203e-09 -2.75287e-08 -2.74195e-16
    0.597338     0.284792       0.8325     0.934123     0.600507      3019.84    0.0321539            0            1      1794.28      2097.53 -5.85145e-08  3.77661e-09 -2.79121e-08 -2.73711e-16
    0.600507     0.282373     0.834043     0.933868     0.603682      3018.07    0.0319279            0            1       1792.1      2096.61  -5.8401e-08  3.78636e-09 -2.84214e-08 -1.36615e-16
    0.603682     0.279955     0.835583     0.933613     0.606862      3016.29    0.0317014            0            1      1789.91      2095.68 -5.82886e-08  3.80471e-09 -2.89725e-08 -1.36375e-16
    0.606862     0.277537     0.837121     0.933357     0.610047       3014.5    0.0314744            0            1       1787.7      2094.75 -5.81773e-08  3.82278e-09 -2.95079e-08 -1.36137e-16
    0.610047     0.275121     0.838657     0.933101     0.613238      3012.71    0.0312469            0            1      1785.48      2093.81 -5.80671e-08  3.83916e-09 -3.00262e-08   -1.359e-16
    0.613238     0.272705     0.840191     0.932845     0.616435      3010.91    0.0310188            0            1      1783.25      2092.88 -5.79579e-08  3.85371e-09 -3.05267e-08 -2.71329e-16
    0.616435     0.270291     0.841724     0.932588     0.619637       3009.1    0.0307901            0            1      1781.01      2091.94 -5.78496e-08  3.86652e-09   -3.101e-08  -2.7086e-16
    0.619637     0.267877     0.843254     0.932332     0.622845      3007.29    0.0305609            0            1      1778.75         2091 -5.77421e-08  3.87768e-09 -3.14766e-08 -1.35196e-16
    0.622845     0.265464     0.844782     0.932075     0.626059      3005.47     0.030331            0            1      1776.49      2090.06 -5.76355e-08  3.88706e-09 -3.19275e-08 -1.34964e-16
    0.626059     0.263052     0.846308     0.931818     0.629277      3003.64    0.0301005            0            1      1774.21      2089.12 -5.75297e-08  3.89479e-09 -3.23615e-08 -1.34733e-16
    0.629277     0.260641     0.847832     0.931561     0.632502      3001.81    0.0298694            0            1      1771.92      2088.17 -5.74245e-08  3.90072e-09 -3.27798e-08 -2.69007e-16
    0.632502     0.258231     0.849354     0.931303     0.635731      2999.97    0.0296376            0            1      1769.62      2087.22   -5.732e-08  3.90544e-09 -3.31813e-08  -2.6855e-16
    0.635731     0.255822     0.850875     0.931046     0.638967      2998.12    0.0294052            0            1       1767.3      2086.27 -5.72161e-08  3.90852e-09 -3.35684e-08 -1.34048e-16
    0.638967     0.253414     0.852393     0.930788     0.642207      2996.26     0.029172            0            1      1764.98      2085.32 -5.71128e-08  3.90984e-09 -3.39395e-08 -1.33822e-16
    0.642207     0.251007      0.85391      0.93053     0.645454      2994.39    0.0289382            0            1      1762.64      2084.37 -5.70099e-08  3.90974e-09 -3.42958e-08 -1.33596e-16
    0.645454     0.248601     0.855424     0.930271     0.648705      2992.51    0.0287036            0            1      1760.28      2083.41 -5.69075e-08  3.90811e-09  -3.4637e-08 -2.66745e-16
    0.648705     0.246195     0.856937     0.930013     0.651962      2990.63    0.0284683            0            1      1757.92      2082.45 -5.68056e-08  3.90502e-09 -3.49643e-08  -1.3315e-16
    0.651962     0.243791     0.858448     0.929754     0.655225      2988.73    0.0282322            0            1      1755.54      2081.49 -5.67039e-08  3.90044e-09 -3.52763e-08 -1.32928e-16
    0.655225     0.241387     0.859957     0.929495     0.658493      2986.83    0.0279954            0            1      1753.15      2080.53 -5.66026e-08  3.89429e-09 -3.55759e-08 -1.32707e-16
    0.658493     0.238985     0.861464     0.929236     0.661766      2984.92    0.0277578            0            1      1750.75      2079.56 -5.65016e-08  3.88694e-09 -3.58597e-08 -1.32488e-16
    0.661766     0.236583     0.862969     0.928977     0.665045      2982.99    0.0275195            0            1      1748.33      2078.59 -5.64007e-08    3.878e-09 -3.61308e-08 -1.32269e-16
    0.665045     0.234182     0.864473     0.928717     0.668329      2981.06    0.0272803            0            1       1745.9      2077.62 -5.63001e-08  3.86798e-09 -3.63889e-08 -1.32052e-16
    0.668329     0.231783     0.865975     0.928457     0.671619      2979.12    0.0270403            0            1      1743.46      2076.65 -5.61995e-08  3.85628e-09 -3.66332e-08 -2.63671e-16
    0.671619     0.229384     0.867475     0.928197     0.674914      2977.17    0.0267995            0            1         1741      2075.68 -5.60991e-08  3.84357e-09 -3.68642e-08  -1.3162e-16
    0.674914     0.226986     0.868973     0.927937     0.678214       2975.2    0.0265579            0            1      1738.54       2074.7 -5.59987e-08  3.82935e-09 -3.70842e-08 -1.31406e-16
    0.678214     0.224589      0.87047     0.927677      0.68152      2973.23    0.0263155            0            1      1736.05      2073.72 -5.58984e-08  3.81402e-09 -3.72906e-08 -1.31193e-16
     0.68152     0.222193     0.871964     0.927416     0.684831      2971.24    0.0260722            0            1      1733.56      2072.74  -5.5798e-08  3.79732e-09 -3.74846e-08 -1.30981e-16
    0.684831     0.219798     0.873458     0.927156     0.688147      2969.25    0.0258281            0            1      1731.05      2071.75 -5.56976e-08  3.77955e-09 -3.76667e-08  -1.3077e-16
    0.688147     0.217405     0.874949     0.926895     0.691469      2967.24    0.0255831            0            1      1728.52      2070.77 -5.55971e-08  3.76041e-09 -3.78377e-08  -1.3056e-16
    0.691469     0.215012     0.876439     0.926633     0.694796      2965.22    0.0253373            0            1      1725.99      2069.78 -5.54964e-08   3.7403e-09 -3.79969e-08 -2.60701e-16
    0.694796     0.212619     0.877927     0.926372     0.698128      2963.19    0.0250906            0            1      1723.43      2068.78 -5.53956e-08  3.71896e-09 -3.81444e-08 -1.30143e-16
    0.698128     0.210228     0.879413     0.926111     0.701466      2961.14     0.024843            0            1      1720.87      2067.79 -5.52946e-08  3.69645e-09 -3.82812e-08 -1.29936e-16
    0.701466     0.207838     0.880898     0.925849     0.704809      2959.09    0.0245945            0            1      1718.29      2066.79 -5.51934e-08  3.67295e-09 -3.84071e-08 -1.29729e-16
    0.704809     0.205449     0.882381     0.925587     0.708157      2957.02    0.0243452            0            1      1715.69      2065.79 -5.50918e-08  3.64836e-09 -3.85225e-08 -1.29524e-16
    0.708157     0.203061     0.883863     0.925325     0.711511      2954.94     0.024095            0            1      1713.08      2064.78   -5.499e-08  3.62259e-09  -3.8627e-08  -1.2932e-16
    0.711511     0.200674     0.885343     0.925063     0.714869      2952.85    0.0238439            0            1      1710.46      2063.78 -5.48879e-08  3.59605e-09 -3.87216e-08 -2.58234e-16
    0.714869     0.198288     0.886822       0.9248     0.718233      2950.74    0.0235919            0            1      1707.82      2062.77 -5.47854e-08  3.56836e-09 -3.88064e-08 -1.28915e-16
    0.718233     0.195903     0.888298     0.924538     0.721603      2948.62     0.023339            0            1      1705.16      2061.76 -5.46825e-08  3.53974e-09 -3.88816e-08 -2.57427e-16
    0.721603     0.193518     0.889774     0.924275     0.724977      2946.49    0.0230852            0            1      1702.49      2060.74 -5.45792e-08  3.50971e-09 -3.89472e-08 -1.28513e-16
    0.724977     0.191135     0.891248     0.924012     0.728357      2944.35    0.0228305            0            1      1699.81      2059.72 -5.44755e-08  3.47919e-09 -3.90029e-08 -2.56628e-16
    0.728357     0.188753      0.89272     0.923749     0.731742      2942.19     0.022575            0            1      1697.11       2058.7 -5.43713e-08  3.44784e-09 -3.90496e-08 -1.28115e-16
    0.731742     0.186372     0.894191     0.923486     0.735133      2940.01    0.0223185            0            1      1694.39      2057.68 -5.42666e-08  3.41621e-09  -3.9087e-08 -2.55836e-16
    0.735133     0.183992      0.89566     0.923222     0.738528      2937.83    0.0220611            0            1      1691.66      2056.65 -5.41614e-08   3.3831e-09 -3.91164e-08 -2.55442e-16
    0.738528     0.181612     0.897128     0.922959     0.741929      2935.62    0.0218029            0            1      1688.91      2055.62 -5.40556e-08  3.34931e-09 -3.91374e-08 -2.55051e-16
    0.741929     0.179234     0.898595     0.922695     0.745335      2933.41    0.0215437            0            1      1686.14      2054.58 -5.39493e-08  3.31472e-09 -3.91492e-08 -2.54661e-16
    0.745335     0.176857      0.90006     0.922431     0.748746      2931.17    0.0212837            0            1      1683.36      2053.55 -5.38424e-08  3.27924e-09 -3.91544e-08 -1.27137e-16
    0.748746     0.174481     0.901523     0.922168     0.752162      2928.93    0.0210228            0            1      1680.56      2052.51 -5.37348e-08  3.24319e-09   -3.915e-08  3.23706e-14
    0.752162     0.172106     0.902985     0.921904     0.755584      2926.67     0.020761            0            1      1677.75      2051.46 -5.36267e-08  3.20631e-09 -3.91387e-08 -1.26751e-16
    0.755584     0.169732     0.904446     0.921639      0.75901      2924.39    0.0204983            0            1      1674.92      2050.41 -5.35179e-08  3.16882e-09 -3.91199e-08  -1.2656e-16
     0.75901     0.167359     0.905906     0.921375     0.762442       2922.1    0.0202348            0            1      1672.07      2049.36 -5.34084e-08  3.13072e-09 -3.90934e-08  -1.2637e-16
    0.762442     0.164987     0.907364     0.921111     0.765879      2919.79    0.0199703            0            1      1669.21      2048.31 -5.32982e-08  3.09181e-09 -3.90605e-08  -2.5236e-16
    0.765879     0.162616      0.90882     0.920846     0.769321      2917.46    0.0197051            0            1      1666.33      2047.25 -5.31873e-08  3.05246e-09 -3.90198e-08 -1.25991e-16
    0.769321     0.160246     0.910276     0.920582     0.772769      2915.12    0.0194389            0            1      1663.43      2046.19 -5.30756e-08  3.01254e-09 -3.89729e-08 -1.25803e-16
    0.772769     0.157877      0.91173     0.920317     0.776221      2912.77     0.019172            0            1      1660.52      2045.13 -5.29632e-08  2.97191e-09 -3.89194e-08 -1.25616e-16
    0.776221     0.155509     0.913183     0.920052     0.779679      2910.39    0.0189042            0            1      1657.58      2044.06   -5.285e-08  2.93093e-09 -3.88592e-08  -2.5086e-16
    0.779679     0.153142     0.914634     0.919788     0.783141         2908    0.0186355            0            1      1654.63      2042.99  -5.2736e-08  2.88948e-09 -3.87933e-08 -1.25245e-16
    0.783141     0.150776     0.916085     0.919523     0.786609      2905.59    0.0183661            0            1      1651.67      2041.91 -5.26213e-08  2.84747e-09  -3.8721e-08  -1.2506e-16
    0.786609     0.148412     0.917534     0.919258     0.790082      2903.17    0.0180958            0            1      1648.68      2040.83 -5.25057e-08  2.80493e-09 -3.86428e-08 -1.24876e-16
    0.790082     0.146048     0.918982     0.918993      0.79356      2900.73    0.0178247            0            1      1645.68      2039.75 -5.23893e-08  2.76212e-09 -3.85588e-08 -1.24693e-16
     0.79356     0.143685     0.920428     0.918728     0.797043      2898.26    0.0175528            0            1      1642.66      2038.66  -5.2272e-08  2.71888e-09 -3.84685e-08 -1.24511e-16
    0.797043     0.141324     0.921874     0.918463     0.800531      2895.79    0.0172801            0            1      1639.62      2037.57 -5.21538e-08  2.67522e-09 -3.83746e-08  -1.2433e-16
    0.800531     0.138963     0.923318     0.918197     0.804025      2893.29    0.0170067            0            1      1636.56      2036.48 -5.20348e-08  2.63126e-09 -3.82761e-08 -1.24149e-16
    0.804025     0.136604     0.924761     0.917932     0.807523      2890.78    0.0167325            0            1      1633.48      2035.38 -5.19149e-08  2.58722e-09 -3.81717e-08 -2.47939e-16
    0.807523     0.134246     0.926203     0.917667     0.811026      2888.25    0.0164576            0            1      1630.39      2034.28 -5.17941e-08  2.54257e-09 -3.80622e-08  -1.2379e-16
    0.811026     0.131888     0.927644     0.917402     0.814535       2885.7    0.0161819            0            1      1627.28      2033.17 -5.16724e-08  2.49788e-09 -3.79482e-08 -1.23612e-16
    0.814535     0.129532     0.929083     0.917136     0.818048      2883.13    0.0159055            0            1      1624.15      2032.06 -5.15498e-08  2.45284e-09 -3.78296e-08 -1.23435e-16
    0.818048     0.127177     0.930522     0.916871     0.821567      2880.54    0.0156284            0            1      1620.99      2030.94 -5.14262e-08  2.40762e-09 -3.77083e-08 -1.23258e-16
    0.821567     0.124823     0.931959     0.916606      0.82509      2877.93    0.0153507            0            1      1617.83      2029.83 -5.13017e-08  2.36233e-09 -3.75812e-08 -1.23082e-16
     0.82509      0.12247     0.933396     0.916341     0.828619      2875.31    0.0150722            0            1      1614.64       2028.7 -5.11762e-08  2.31678e-09   -3.745e-08 -2.45813e-16
    0.828619     0.120119     0.934831     0.916075     0.832152      2872.66    0.0147931            0            1      1611.43      2027.58 -5.10498e-08   2.2712e-09  -3.7315e-08 -1.22732e-16
    0.832152     0.117768     0.936265      0.91581     0.835691         2870    0.0145133            0            1       1608.2      2026.45 -5.09224e-08  2.22557e-09 -3.71769e-08 -1.22559e-16
    0.835691     0.115419     0.937698     0.915545     0.839234      2867.31    0.0142329            0            1      1604.96      2025.31  -5.0794e-08  2.17986e-09 -3.70354e-08 -1.22386e-16
    0.839234      0.11307     0.939131      0.91528     0.842783      2864.61    0.0139519            0            1      1601.69      2024.17 -5.06647e-08  2.13403e-09 -3.68902e-08 -2.44427e-16
    0.842783     0.110723     0.940562     0.915015     0.846336      2861.88    0.0136703            0            1      1598.41      2023.03 -5.05343e-08  2.08835e-09 -3.67427e-08 -1.22042e-16
    0.846336     0.108377     0.941992     0.914749     0.849895      2859.14    0.0133881            0            1       1595.1      2021.88  -5.0403e-08  2.04257e-09 -3.65906e-08 -2.43742e-16
    0.849895     0.106032     0.943422     0.914484     0.853458      2856.37    0.0131054            0            1      1591.78      2020.73 -5.02707e-08  1.99701e-09 -3.64373e-08 -2.43402e-16
    0.853458     0.103688      0.94485     0.914219     0.857027      2853.59    0.0128222            0            1      1588.43      2019.57 -5.01373e-08  1.95149e-09 -3.62805e-08 -2.43063e-16
    0.857027     0.101345     0.946277     0.913955       0.8606      2850.78    0.0125384            0            1      1585.07      2018.41  -5.0003e-08  1.90598e-09  -3.6121e-08 -2.42726e-16
      0.8606    0.0990037     0.947704      0.91369     0.864179      2847.95    0.0122541            0            1      1581.68      2017.25 -4.98676e-08  1.86071e-09 -3.59601e-08  -2.4239e-16
    0.864179    0.0966633      0.94913     0.913425     0.867762       2845.1    0.0119694            0            1      1578.28      2016.08 -4.97313e-08  1.81565e-09 -3.57955e-08 -1.21028e-16
    0.867762     0.094324     0.950554     0.913161      0.87135      2842.23    0.0116842            0            1      1574.85       2014.9 -4.95939e-08  1.77077e-09 -3.56292e-08 -1.20861e-16
     0.87135    0.0919859     0.951978     0.912896     0.874943      2839.34    0.0113985            0            1      1571.41      2013.72 -4.94555e-08  1.72613e-09 -3.54618e-08  -2.4139e-16
    0.874943     0.089649     0.953401     0.912632     0.878542      2836.42    0.0111125            0            1      1567.94      2012.54 -4.93161e-08  1.68182e-09 -3.52913e-08  -1.2053e-16
    0.878542    0.0873133     0.954824     0.912367     0.882145      2833.48    0.0108261            0            1      1564.46      2011.35 -4.91757e-08  1.63779e-09   -3.512e-08 -2.40731e-16
    0.882145    0.0849787     0.956245     0.912103     0.885752      2830.52    0.0105393            0            1      1560.95      2010.16 -4.90342e-08   1.5941e-09 -3.49472e-08 -2.40403e-16
    0.885752    0.0826454     0.957666     0.911839     0.889365      2827.54    0.0102522            0            1      1557.42      2008.96 -4.88918e-08  1.55072e-09 -3.47724e-08 -1.20038e-16
    0.889365    0.0803132     0.959085     0.911576     0.892983      2824.54   0.00996475            0            1      1553.87      2007.76 -4.87483e-08  1.50787e-09 -3.45966e-08 -1.19876e-16
    0.892983    0.0779822     0.960505     0.911312     0.896606      2821.51   0.00967703            0            1       1550.3      2006.56 -4.86038e-08  1.46533e-09 -3.44196e-08 -1.19714e-16
    0.896606    0.0756524     0.961923     0.911049     0.900233      2818.46   0.00938905            0            1      1546.71      2005.34 -4.84583e-08  1.42332e-09 -3.42419e-08 -1.19553e-16
    0.900233    0.0733238      0.96334     0.910785     0.903866      2815.39   0.00910084            0            1      1543.09      2004.13 -4.83118e-08  1.38177e-09 -3.40627e-08 -1.19392e-16
    0.903866    0.0709965     0.964757     0.910522     0.907503      2812.29   0.00881242            0            1      1539.46      2002.91 -4.81643e-08  1.34072e-09 -3.38831e-08 -1.19232e-16
    0.907503    0.0686703     0.966174     0.910259     0.911145      2809.17   0.00852382            0            1       1535.8      2001.68 -4.80158e-08  1.30047e-09 -3.37035e-08 -3.07208e-14
    0.911145    0.0663454     0.967589     0.909997     0.914792      2806.02   0.00823506            0            1      1532.12      2000.45 -4.78663e-08  1.26056e-09 -3.35219e-08 -1.18914e-16
    0.914792    0.0640217     0.969004     0.909734     0.918444      2802.86   0.00794618            0            1      1528.42      1999.22 -4.77158e-08  1.22132e-09 -3.33414e-08 -2.37512e-16
    0.918444    0.0616993     0.970418     0.909472     0.922101      2799.66   0.00765721            0            1       1524.7      1997.98 -4.75644e-08  1.18285e-09 -3.31606e-08 -1.18599e-16
    0.922101    0.0593781     0.971832      0.90921     0.925762      2796.45   0.00736817            0            1      1520.96      1996.73 -4.74119e-08  1.14515e-09 -3.29786e-08 -2.36884e-16
    0.925762    0.0570581     0.973245     0.908948     0.929429      2793.22   0.00707908            0            1      1517.19      1995.48 -4.72585e-08  1.10795e-09 -3.27975e-08 -2.36572e-16
    0.929429    0.0547394     0.974657     0.908687       0.9331      2789.95   0.00678999            0            1      1513.41      1994.22 -4.71042e-08  1.07162e-09 -3.26164e-08  -1.1813e-16
      0.9331     0.052422     0.976069     0.908426     0.936776      2786.66   0.00650093            0            1       1509.6      1992.96 -4.69489e-08   1.0362e-09 -3.24356e-08 -2.35951e-16
    0.936776    0.0501058      0.97748     0.908165     0.940457      2783.35   0.00621192            0            1      1505.77       1991.7 -4.67926e-08  1.00162e-09 -3.22547e-08 -1.17821e-16
    0.940457    0.0477909     0.978891     0.907905     0.944142      2780.01   0.00592301            0            1      1501.91      1990.43 -4.66355e-08  9.67778e-10 -3.20754e-08 -1.17667e-16
    0.944142    0.0454773     0.980301     0.907644     0.947833      2776.64   0.00563421            0            1      1498.03      1989.15 -4.64774e-08  9.34961e-10  -3.1896e-08 -1.17514e-16
    0.947833     0.043165     0.981711     0.907384     0.951528      2773.25   0.00534556            0            1      1494.13      1987.87 -4.63184e-08  9.03025e-10 -3.17169e-08 -2.34723e-16
    0.951528     0.040854      0.98312     0.907125     0.955228      2769.83    0.0050571            0            1      1490.21      1986.58 -4.61585e-08  8.72147e-10 -3.15395e-08 -2.34419e-16
    0.955228    0.0385443     0.984529     0.906866     0.958933      2766.39   0.00476885            0            1      1486.27      1985.29 -4.59977e-08  8.42358e-10 -3.13632e-08 -2.34117e-16
    0.958933    0.0362358     0.985937     0.906607     0.962643      2762.92   0.00448087            0            1       1482.3         1984 -4.58361e-08  8.13556e-10 -3.11871e-08 -1.16908e-16
    0.962643    0.0339287     0.987345     0.906348     0.966357      2759.43   0.00419316            0            1      1478.31       1982.7 -4.56736e-08  7.85878e-10  -3.1013e-08 -1.16757e-16
    0.966357     0.031623     0.988753      0.90609     0.970076      2755.91   0.00390579            0            1       1474.3      1981.39 -4.55103e-08  7.59367e-10 -3.08399e-08 -2.33216e-16
    0.970076    0.0293185      0.99016     0.905832       0.9738      2752.36   0.00361877            0            1      1470.26      1980.08 -4.53462e-08  7.34046e-10 -3.06691e-08 -1.16459e-16
      0.9738    0.0270154     0.991567     0.905575     0.977529      2748.79   0.00333214            0            1       1466.2      1978.76 -4.51812e-08  7.09938e-10 -3.04987e-08  -1.1631e-16
    0.977529    0.0247136     0.992973     0.905318     0.981262      2745.19   0.00304595            0            1      1462.12      1977.44 -4.50155e-08  6.87095e-10  -3.0331e-08 -2.32325e-16
    0.981262    0.0224132     0.994379     0.905061        0.985      2741.56   0.00276022            0            1      1458.01      1976.11 -4.48491e-08  6.65642e-10 -3.01647e-08  -2.3203e-16
       0.985    0.0201141     0.995785     0.904805     0.988743      2737.91     0.002475            0            1      1453.88      1974.77 -4.46818e-08  6.45376e-10 -2.99999e-08 -2.31737e-16
    0.988743    0.0178164      0.99719     0.904549     0.992491      2734.23   0.00219033            0            1      1449.73      1973.43 -4.45139e-08  6.26788e-10 -2.98382e-08 -1.15722e-16
    0.992491    0.0155201     0.998595     0.904294     0.996243      2730.52   0.00190624            0            1      1445.55      1972.09 -4.43452e-08  6.09409e-10 -2.96774e-08 -2.31153e-16
    0.996243    0.0132251            1      0.90404            1      2726.78   0.00162277            0            1      1441.35      1970.74 -4.42605e-08   5.9356e-10 -2.95978e-08 -2.30863e-16
           1     0.012078            1     0.903912            1      2724.91   0.00162277            0            1      1439.24      1970.06            0            0            0            0