           0            1    0.0482285            1   0.00012547      3741.16    0.0980799            0     0.787812      2345.72       2432.7 -1.93013e-08  1.22115e-09 -3.30192e-08            0
  0.00012547     0.997663    0.0682091     0.999771  0.000354883      3740.21    0.0977897            0     0.787787      2345.18      2432.15 -1.91846e-08    1.305e-09 -3.42547e-08   1.1815e-16
 0.000354883     0.995212    0.0835432     0.999531  0.000651962      3739.22     0.097487            0     0.787762       2344.6      2431.57 -1.90989e-08  1.42735e-09 -3.57216e-08 -1.82477e-16
 0.000651962     0.992747    0.0964726      0.99929   0.00100376      3738.22    0.0971843            0     0.787739      2344.02      2430.99 -1.89676e-08  1.47409e-09 -3.72387e-08 -1.54094e-16
  0.00100376     0.990276     0.107865     0.999048    0.0014028      3737.21    0.0968827            0     0.787718      2343.44      2430.41 -1.89334e-08  1.88752e-09 -3.90817e-08            0
   0.0014028     0.987804     0.118167     0.998806   0.00184403       3736.2    0.0966163            0       0.7877      2342.85      2429.83 -1.89225e-08  2.15223e-09 -4.10994e-08            0
  0.00184403     0.985331     0.127642     0.998565   0.00232374      3735.19    0.0963635            0     0.787685      2342.26      2429.26 -1.88841e-08  2.28391e-09 -4.31788e-08            0
  0.00232374     0.982858     0.136462     0.998323   0.00283907      3734.17    0.0961175            0     0.787673      2341.66      2428.68 -1.88278e-08  2.41022e-09 -4.53324e-08            0
  0.00283907     0.980385     0.144748     0.998082    0.0033877      3733.15    0.0958784            0     0.787664      2341.06       2428.1 -1.87581e-08  2.53103e-09 -4.75653e-08  -1.9762e-16
   0.0033877     0.977912     0.152586     0.997841   0.00396772      3732.13    0.0956463            0     0.787657      2340.46      2427.53  -1.8678e-08  2.64626e-09  -4.9875e-08            0
  0.00396772     0.975439     0.160043     0.997599   0.00457751       3731.1     0.095421            0     0.787653      2339.85      2426.95 -1.85892e-08   2.7566e-09 -5.22576e-08            0
  0.00457751     0.972967     0.167168     0.997358    0.0052157      3730.07    0.0952025            0     0.787653      2339.24      2426.38 -1.84933e-08  2.86282e-09 -5.47116e-08 -1.69888e-16
   0.0052157     0.970495     0.174004     0.997117   0.00588106      3729.03     0.094991            0     0.787655      2338.63      2425.81 -1.83916e-08  2.96496e-09 -5.72304e-08 -1.62949e-16
  0.00588106     0.968023     0.180582     0.996875   0.00657253         3728    0.0947862            0     0.787661      2338.01      2425.24 -1.82847e-08  3.06305e-09 -5.98088e-08  1.09758e-15
  0.00657253     0.965552     0.186931     0.996634   0.00728916      3726.95    0.0945883            0     0.787671      2337.39      2424.67 -1.81732e-08  3.15705e-09 -6.24406e-08 -1.51292e-16
  0.00728916     0.963082     0.193072     0.996393   0.00803009      3725.91    0.0943972            0     0.787685      2336.76       2424.1 -1.80576e-08  3.24698e-09   -6.512e-08 -1.31696e-15
  0.00803009     0.960611     0.199025     0.996152   0.00879456      3724.86    0.0942129            0     0.787702      2336.13      2423.53 -1.79381e-08  3.33281e-09   -6.784e-08 -1.41825e-16
  0.00879456     0.958142     0.204806      0.99591   0.00958185      3723.81    0.0940353            0     0.787723       2335.5      2422.96 -1.78152e-08  3.41455e-09 -7.05931e-08            0
  0.00958185     0.955673      0.21043     0.995669    0.0103913      3722.75    0.0938644            0     0.787748      2334.86       2422.4  -1.7689e-08   3.4922e-09  -7.3375e-08            0
   0.0103913     0.953204     0.215909     0.995428    0.0112224      3721.69    0.0937003            0     0.787777      2334.22      2421.83 -1.75973e-08   3.8274e-09 -7.62815e-08  1.95688e-15
   0.0112224     0.950736     0.221253     0.995186    0.0120745      3720.63    0.0935428            0     0.787811      2333.58      2421.26 -1.74983e-08   3.8968e-09 -7.91896e-08 -2.54473e-16
   0.0120745     0.948269     0.226473     0.994944    0.0129472      3719.56    0.0933921            0     0.787849      2332.93       2420.7 -1.73585e-08  3.70071e-09  -8.1995e-08 -2.48484e-16
   0.0129472     0.945802     0.231576     0.994702    0.0138399      3718.49    0.0932479            0     0.787891      2332.28      2420.13 -1.72165e-08  3.76185e-09 -8.48009e-08  -1.2145e-16
   0.0138399     0.943336      0.23657      0.99446    0.0147522      3717.41    0.0931104            0     0.787938      2331.62      2419.57 -1.71082e-08  4.08035e-09 -8.77057e-08            0
   0.0147522      0.94087     0.241462     0.994218    0.0156838      3716.33    0.0929794            0      0.78799      2330.96         2419 -1.69944e-08  4.13309e-09 -9.05886e-08 -1.86219e-15
   0.0156838     0.938404     0.246257     0.993976    0.0166342      3715.25     0.092855            0     0.788046      2330.29      2418.44 -1.68134e-08   3.6928e-09 -9.32532e-08 -1.14082e-16
   0.0166342      0.93594     0.250963     0.993733     0.017603      3714.16    0.0927371            0     0.788107      2329.62      2417.87 -1.66613e-08   3.9656e-09 -9.59799e-08            0
    0.017603     0.933475     0.255583     0.993491    0.0185899      3713.06    0.0926258            0     0.788173      2328.95      2417.31 -1.65077e-08  4.00657e-09 -9.86725e-08  3.29564e-15
   0.0185899     0.931012     0.260122     0.993248    0.0195947      3711.96    0.0925209            0     0.788244      2328.27      2416.74 -1.63523e-08  4.04346e-09 -1.01324e-07  -2.1582e-16
   0.0195947     0.928549     0.264584     0.993004    0.0206169      3710.86    0.0924224            0      0.78832      2327.59      2416.18 -1.61954e-08  4.07633e-09 -1.03925e-07            0
   0.0206169     0.926086     0.268973     0.992761    0.0216562      3709.75    0.0923304            0     0.788401       2326.9      2415.61  -1.6037e-08  4.10518e-09 -1.06473e-07 -2.08624e-16
   0.0216562     0.923624     0.273292     0.992517    0.0227125      3708.64    0.0922447            0     0.788488      2326.21      2415.05 -1.58736e-08  4.09087e-09 -1.08949e-07            0
   0.0227125     0.921163     0.277546     0.992273    0.0237855      3707.53    0.0921654            0     0.788579      2325.51      2414.49 -1.57125e-08  4.15095e-09 -1.11371e-07 -2.02102e-16
   0.0237855     0.918702     0.281736     0.992028    0.0248748       3706.4    0.0920924            0     0.788676      2324.81      2413.92 -1.55502e-08  4.16795e-09 -1.13721e-07            0
   0.0248748     0.916242     0.285866     0.991783    0.0259802      3705.28    0.0920257            0     0.788778       2324.1      2413.36 -1.53865e-08  4.18107e-09 -1.15995e-07 -1.96156e-16
   0.0259802     0.913782     0.289938     0.991538    0.0271016      3704.15    0.0919653            0     0.788886      2323.39      2412.79 -1.52218e-08  4.19037e-09 -1.18186e-07            0
   0.0271016     0.911323     0.293955     0.991292    0.0282386      3703.01     0.091911            0     0.788999      2322.68      2412.23 -1.50559e-08  4.19591e-09 -1.20292e-07 -1.90706e-16
   0.0282386     0.908864     0.297918     0.991046    0.0293911      3701.87     0.091863            0     0.789117      2321.96      2411.66  -1.4889e-08  4.19772e-09 -1.22306e-07 -1.88146e-16
   0.0293911     0.906406     0.301831       0.9908    0.0305589      3700.73    0.0918211            0     0.789241      2321.23      2411.09 -1.47212e-08  4.19588e-09 -1.24227e-07            0
   0.0305589     0.903949     0.305694     0.990553    0.0317417      3699.58    0.0917853            0      0.78937       2320.5      2410.53 -1.45524e-08  4.19044e-09 -1.26048e-07 -3.11646e-15
   0.0317417     0.901492      0.30951     0.990306    0.0329395      3698.42    0.0917556            0     0.789505      2319.77      2409.96  -1.4383e-08  4.18149e-09 -1.27769e-07            0
   0.0329395     0.899036      0.31328     0.990058    0.0341519      3697.26    0.0917319            0     0.789646      2319.03      2409.39 -1.42129e-08  4.16909e-09 -1.29385e-07  5.54432e-15
   0.0341519      0.89658     0.317007     0.989809    0.0353788       3696.1    0.0917142            0     0.789792      2318.28      2408.82 -1.40421e-08  4.15332e-09 -1.30892e-07            0
   0.0353788     0.894125     0.320691     0.989561    0.0366201      3694.93    0.0917025            0     0.789944      2317.53      2408.25 -1.38707e-08  4.13425e-09 -1.32291e-07            0
   0.0366201      0.89167     0.324335     0.989311    0.0378756      3693.76    0.0916968            0     0.790101      2316.78      2407.68  -1.3699e-08  4.11197e-09 -1.33578e-07 -1.72715e-16
   0.0378756     0.889217     0.327938     0.989061    0.0391451      3692.58    0.0916969            0     0.790264      2316.02      2407.11 -1.35269e-08  4.08661e-09 -1.34752e-07 -1.70807e-16
   0.0391451     0.886763     0.331504     0.988811    0.0404285      3691.39    0.0917028            0     0.790433      2315.25      2406.54 -1.33545e-08  4.05821e-09 -1.35811e-07  -1.6896e-16
   0.0404285     0.884311     0.335032      0.98856    0.0417256       3690.2    0.0917146            0     0.790608      2314.48      2405.97 -1.31818e-08  4.02688e-09 -1.36754e-07 -1.67172e-16
   0.0417256     0.881858     0.338525     0.988308    0.0430363      3689.01    0.0917321            0     0.790788      2313.71      2405.39 -1.30091e-08   3.9927e-09 -1.37581e-07            0
   0.0430363     0.879407     0.341983     0.988055    0.0443604      3687.81    0.0917554            0     0.790974      2312.93      2404.82 -1.28362e-08  3.95584e-09 -1.38292e-07            0
   0.0443604     0.876956     0.345407     0.987802    0.0456979      3686.61    0.0917843            0     0.791165      2312.14      2404.24 -1.26635e-08  3.91633e-09 -1.38885e-07  -1.6213e-16
   0.0456979     0.874506     0.348798     0.987549    0.0470485       3685.4    0.0918189            0     0.791362      2311.35      2403.66 -1.24907e-08  3.87432e-09 -1.39362e-07 -1.60549e-16
   0.0470485     0.872056     0.352158     0.987294    0.0484122      3684.18    0.0918591            0     0.791565      2310.55      2403.08 -1.23182e-08   3.8299e-09 -1.39723e-07 -1.59012e-16
   0.0484122     0.869607     0.355487     0.987039    0.0497888      3682.96    0.0919048            0     0.791774      2309.75       2402.5 -1.21559e-08  3.96346e-09 -1.40009e-07 -1.57519e-16
   0.0497888     0.867158     0.358786     0.986783    0.0511782      3681.74    0.0919561            0     0.791988      2308.94      2401.92 -1.18896e-08   2.1509e-09 -1.39773e-07 -1.56067e-16
   0.0511782     0.864711     0.362055     0.986527    0.0525803      3680.51    0.0920127            0     0.792208      2308.13      2401.34 -1.16285e-08  2.10424e-09 -1.39436e-07 -1.54655e-16
   0.0525803     0.862263     0.365297      0.98627    0.0539949      3679.27    0.0920749            0     0.792433      2307.31      2400.76 -1.14625e-08  3.63633e-09  -1.3936e-07  -1.5328e-16
   0.0539949     0.859817      0.36851     0.986011    0.0554221      3678.03    0.0921423            0     0.792664      2306.49      2400.17  -1.1297e-08  3.58191e-09 -1.39177e-07 -1.51941e-16
   0.0554221     0.857371     0.371697     0.985753    0.0568615      3676.79    0.0922151            0     0.792901      2305.66      2399.59 -1.11318e-08  3.52578e-09 -1.38885e-07 -1.50637e-16
   0.0568615     0.854925     0.374858     0.985493    0.0583133      3675.54    0.0922932            0     0.793143      2304.82         2399 -1.09671e-08  3.46805e-09 -1.38489e-07            0
   0.0583133      0.85248     0.377993     0.985232    0.0597772      3674.29    0.0923765            0     0.793391      2303.98      2398.41 -1.07676e-08  2.77402e-09 -1.37855e-07            0
   0.0597772     0.850036     0.381103     0.984971    0.0612531      3673.03     0.092465            0     0.793644      2303.13      2397.82 -1.06052e-08  3.36055e-09 -1.37315e-07 -1.46917e-16
   0.0612531     0.847593     0.384188     0.984709     0.062741      3671.76    0.0925657            0     0.793903      2302.28      2397.22 -1.04464e-08  3.40982e-09 -1.36674e-07 -4.80932e-15
    0.062741      0.84515      0.38725     0.984445    0.0642408      3670.49    0.0926786            0     0.794168      2301.42      2396.63 -1.02877e-08  3.32132e-09 -1.35864e-07            0
   0.0642408     0.842707     0.390289     0.984181    0.0657523      3669.22    0.0927938            0     0.794438      2300.55      2396.03 -1.01291e-08  3.23315e-09 -1.34946e-07  9.03795e-15
   0.0657523     0.840266     0.393305     0.983916    0.0672754      3667.94    0.0929113            0     0.794713      2299.68      2395.43 -9.97063e-09  3.14534e-09 -1.33926e-07  -1.4236e-16
   0.0672754     0.837825     0.396299      0.98365    0.0688102      3666.66    0.0930311            0     0.794994       2298.8      2394.83 -9.81254e-09  3.05792e-09 -1.32812e-07            0
   0.0688102     0.835384     0.399272     0.983383    0.0703565      3665.37    0.0931531            0     0.795279      2297.92      2394.23 -9.65509e-09  2.97071e-09 -1.31614e-07            0
   0.0703565     0.832944     0.402223     0.983115    0.0719141      3664.07    0.0932774            0      0.79557      2297.03      2393.62 -9.49825e-09  2.88375e-09 -1.30334e-07            0
   0.0719141     0.830505     0.405154     0.982846    0.0734831      3662.77     0.093404            0     0.795866      2296.13      2393.01 -9.34208e-09  2.79708e-09  -1.2898e-07 -1.38203e-16
   0.0734831     0.828067     0.408065     0.982576    0.0750634      3661.47    0.0935327            0     0.796166      2295.23       2392.4 -9.18694e-09  2.71091e-09 -1.27553e-07            0
   0.0750634     0.825629     0.410955     0.982304    0.0766548      3660.16    0.0936636            0     0.796471      2294.33      2391.79 -9.03272e-09  2.62512e-09 -1.26061e-07 -1.36256e-16
   0.0766548     0.823192     0.413827     0.982032    0.0782573      3658.85    0.0937967            0     0.796781      2293.41      2391.18 -8.87964e-09  2.53998e-09 -1.24507e-07            0
   0.0782573     0.820755     0.416679     0.981759    0.0798708      3657.54    0.0939319            0     0.797096      2292.49      2390.56 -8.72765e-09   2.4555e-09 -1.22895e-07            0
   0.0798708     0.818319     0.419513     0.981485    0.0814953      3656.21    0.0940692            0     0.797415      2291.57      2389.95 -8.57697e-09  2.37176e-09  -1.2123e-07 -1.33485e-16
   0.0814953     0.815884     0.422329      0.98121    0.0831306      3654.89    0.0942086            0     0.797739      2290.63      2389.32 -8.42763e-09   2.2888e-09 -1.19518e-07 -1.32598e-16
   0.0831306     0.813449     0.425126     0.980933    0.0847767      3653.56      0.09435            0     0.798067       2289.7       2388.7 -8.27965e-09  2.20676e-09 -1.17759e-07            0
   0.0847767     0.811015     0.427907     0.980656    0.0864336      3652.22    0.0944935            0     0.798399      2288.75      2388.08 -8.13319e-09  2.12566e-09 -1.15961e-07 -1.30875e-16
   0.0864336     0.808582      0.43067     0.980377    0.0881011      3650.89     0.094639            0     0.798735       2287.8      2387.45 -7.98814e-09  2.04552e-09 -1.14127e-07            0
   0.0881011     0.806149     0.433417     0.980097    0.0897792      3649.54    0.0947864            0     0.799076      2286.85      2386.82 -7.84474e-09  1.96653e-09  -1.1226e-07 -1.29219e-16
   0.0897792     0.803717     0.436147     0.979816    0.0914678      3648.19    0.0949358            0     0.799421      2285.88      2386.19 -7.70297e-09  1.88864e-09 -1.10366e-07 -1.28414e-16
   0.0914678     0.801286      0.43886     0.979534    0.0931669      3646.84    0.0950871            0     0.799769      2284.92      2385.55 -7.56284e-09  1.81197e-09 -1.08446e-07 -1.27623e-16
   0.0931669     0.798855     0.441558     0.979251    0.0948763      3645.49    0.0952403            0     0.800122      2283.94      2384.91 -7.42434e-09   1.7365e-09 -1.06506e-07            0
   0.0948763     0.796425     0.444241     0.978967    0.0965961      3644.13    0.0953953            0     0.800479      2282.96      2384.27 -7.26614e-09  1.08137e-09 -1.04454e-07            0
   0.0965961     0.793996     0.446908     0.978681    0.0983262      3642.76    0.0955522            0     0.800839      2281.98      2383.63 -7.13389e-09  1.65801e-09 -1.02492e-07            0
   0.0983262     0.791567      0.44956     0.978395     0.100066      3641.39    0.0957108            0     0.801203      2280.98      2382.99 -7.00121e-09  1.51979e-09 -1.00512e-07            0
    0.100066     0.789139     0.452197     0.978107     0.101817      3640.02    0.0958712            0      0.80157      2279.99      2382.34 -6.87025e-09  1.44978e-09 -9.85252e-08            0
    0.101817     0.786712      0.45482     0.977818     0.103577      3638.64    0.0960334            0     0.801941      2278.98      2381.69 -6.74108e-09  1.38116e-09 -9.65318e-08  -1.2317e-16
    0.103577     0.784285     0.457429     0.977527     0.105348      3637.26    0.0961972            0     0.802316      2277.97      2381.03 -6.61375e-09  1.31408e-09 -9.45378e-08 -1.22472e-16
    0.105348     0.781859     0.460024     0.977236     0.107128      3635.88    0.0963628            0     0.802693      2276.96      2380.38 -6.48406e-09  1.11539e-09 -9.25256e-08 -1.21786e-16
    0.107128     0.779433     0.462604     0.976943     0.108919      3634.49    0.0965299            0     0.803074      2275.93      2379.72  -6.3606e-09  1.18486e-09 -9.05382e-08            0
    0.108919     0.777009     0.465172     0.976649     0.110719       3633.1    0.0966987            0     0.803459       2274.9      2379.06 -6.23885e-09  1.12224e-09 -8.85558e-08 -1.20448e-16
    0.110719     0.774585     0.467726     0.976354     0.112529      3631.71     0.096869            0     0.803846      2273.87      2378.39 -6.11908e-09  1.06128e-09  -8.6582e-08 -1.19795e-16
    0.112529     0.772161     0.470267     0.976057     0.114349      3630.31    0.0970409            0     0.804236      2272.83      2377.73  -6.0011e-09  1.00184e-09 -8.46193e-08            0
    0.114349     0.769739     0.472795     0.975759     0.116179       3628.9    0.0972142            0      0.80463      2271.78      2377.05 -5.88502e-09  9.43957e-10 -8.26699e-08 -2.37041e-16
    0.116179     0.767317     0.475311      0.97546     0.118018       3627.5    0.0973891            0     0.805026      2270.73      2376.38 -5.76648e-09  7.48094e-10 -8.07159e-08            0
    0.118018     0.764896     0.477814      0.97516     0.119867      3626.09    0.0975653            0     0.805425      2269.67       2375.7 -5.65422e-09  8.33961e-10 -7.87979e-08            0
    0.119867     0.762475     0.480305     0.974858     0.121725      3624.67     0.097743            0     0.805827      2268.61      2375.02 -5.54378e-09  7.81121e-10 -7.69004e-08 -1.16683e-16
    0.121725     0.760055     0.482783     0.974555     0.123593      3623.26     0.097922            0     0.806232      2267.54      2374.34 -5.43524e-09  7.29898e-10  -7.5021e-08 -1.16089e-16
    0.123593     0.757636      0.48525      0.97425      0.12547      3621.83    0.0981023            0     0.806639      2266.46      2373.66  -5.3285e-09  6.80277e-10 -7.31655e-08 -7.50776e-15
     0.12547     0.755217     0.487705     0.973944     0.127357      3620.41     0.098284            0     0.807049      2265.38      2372.97 -5.22359e-09  6.32171e-10  -7.1332e-08 -1.14928e-16
    0.127357       0.7528     0.490149     0.973637     0.129253      3618.98    0.0984668            0     0.807461      2264.29      2372.28 -5.12055e-09  5.85744e-10 -6.95238e-08            0
    0.129253     0.750382     0.492581     0.973329     0.131159      3617.55    0.0986509            0     0.807876      2263.19      2371.58  -5.0193e-09  5.40746e-10 -6.77403e-08 -1.13801e-16
    0.131159     0.747966     0.495003     0.973019     0.133073      3616.12    0.0988362            0     0.808292      2262.09      2370.88  -4.9198e-09  4.97377e-10 -6.59845e-08  -1.1325e-16
    0.133073      0.74555     0.497413     0.972707     0.134997      3614.68    0.0990227            0     0.808712      2260.98      2370.18 -4.82206e-09  4.55514e-10 -6.42562e-08            0
    0.134997     0.743135     0.499812     0.972395      0.13693      3613.24    0.0992102            0     0.809133      2259.87      2369.47 -4.72614e-09  4.15156e-10 -6.25561e-08 -2.24343e-16
     0.13693     0.740721     0.502201      0.97208     0.138873      3611.79    0.0993988            0     0.809557      2258.75      2368.77 -4.63187e-09  3.76292e-10 -6.08854e-08            0
    0.138873     0.738307     0.504579     0.971765     0.140824      3610.34    0.0995884            0     0.809983      2257.63      2368.05 -4.53938e-09  3.38928e-10 -5.92456e-08            0
    0.140824     0.735894     0.506947     0.971448     0.142784      3608.89    0.0997791            0      0.81041      2256.49      2367.34 -4.44853e-09  3.03017e-10 -5.76359e-08  -2.2122e-16
    0.142784     0.733482     0.509304     0.971129     0.144754      3607.44    0.0999707            0      0.81084      2255.36      2366.62 -4.35939e-09  2.68536e-10  -5.6057e-08            0
    0.144754     0.731071     0.511651     0.970809     0.146732      3605.98     0.100163            0     0.811272      2254.21       2365.9 -4.27191e-09  2.35382e-10 -5.45102e-08            0
    0.146732      0.72866     0.513989     0.970488     0.148719      3604.52     0.100357            0     0.811705      2253.06      2365.17 -4.18607e-09   2.0378e-10 -5.29954e-08 -2.18223e-16
    0.148719      0.72625     0.516317     0.970165     0.150716      3603.06     0.100551            0      0.81214      2251.91      2364.44  -4.1018e-09  1.73362e-10 -5.15124e-08            0
    0.150716      0.72384     0.518635     0.969841     0.152721      3601.59     0.100746            0     0.812577      2250.75      2363.71 -4.01914e-09  1.44399e-10 -5.00624e-08 -2.16292e-16
    0.152721     0.721432     0.520943     0.969515     0.154735      3600.12     0.100942            0     0.813016      2249.58      2362.97 -3.93803e-09  1.16675e-10 -4.86444e-08  1.35668e-14
    0.154735     0.719024     0.523242     0.969187     0.156757      3598.65     0.101138            0     0.813457      2248.41      2362.23 -3.85844e-09  9.01839e-11 -4.72595e-08 -2.14411e-16
    0.156757     0.716617     0.525532     0.968858     0.158789      3597.17     0.101335            0     0.813899      2247.23      2361.49 -3.78034e-09  6.49855e-11 -4.59069e-08 -2.13489e-16
    0.158789      0.71421     0.527812     0.968528     0.160829      3595.69     0.101533            0     0.814342      2246.04      2360.74 -3.70378e-09  4.10583e-11 -4.45871e-08            0
    0.160829     0.711804     0.530084     0.968196     0.162878      3594.21     0.101732            0     0.814787      2244.85      2359.99 -3.62866e-09  1.81674e-11    -4.33e-08            0
    0.162878     0.709399     0.532346     0.967862     0.164935      3592.72     0.101931            0     0.815234      2243.65      2359.23 -3.55493e-09 -3.50012e-12 -4.20378e-08 -2.10792e-16
    0.164935     0.706995       0.5346     0.967527     0.167001      3591.23     0.102131            0     0.815681      2242.45      2358.48 -3.48266e-09 -2.95985e-11 -4.07887e-08            0
    0.167001     0.704591     0.536845      0.96719     0.169075      3589.74     0.102334            0      0.81613      2241.24      2357.71 -3.41157e-09 -6.01481e-11 -3.95615e-08            0
    0.169075     0.702188     0.539082     0.966852     0.171158      3588.25     0.102532            0      0.81658      2240.02      2356.95  -3.3418e-09 -8.89141e-11 -3.83703e-08            0
    0.171158     0.699786      0.54131     0.966512      0.17325      3586.75     0.102727            0      0.81703       2238.8      2356.17 -3.27316e-09 -1.16277e-10 -3.72156e-08            0
     0.17325     0.697385     0.543529      0.96617      0.17535      3585.26     0.102918            0     0.817481      2237.57       2355.4 -3.20594e-09 -1.42308e-10 -3.60982e-08 -2.06516e-16
     0.17535     0.694984     0.545741     0.965827     0.177458      3583.75     0.103105            0     0.817933      2236.34      2354.62 -3.13981e-09 -1.67192e-10 -3.50158e-08            0
    0.177458     0.692584     0.547944     0.965482     0.179575      3582.25     0.103288            0     0.818386       2235.1      2353.84 -3.07482e-09 -1.90729e-10 -3.39678e-08            0
    0.179575     0.690185     0.550139     0.965136       0.1817      3580.75     0.103468            0     0.818839      2233.86      2353.05 -3.01108e-09  -2.1326e-10 -3.29537e-08 -2.04072e-16
      0.1817     0.687786     0.552326     0.964788     0.183834      3579.24     0.103644            0     0.819292      2232.61      2352.26 -2.94851e-09 -2.34658e-10 -3.19725e-08 -2.03276e-16
    0.183834     0.685389     0.554506     0.964439     0.185975      3577.73     0.103816            0     0.819747      2231.35      2351.47 -2.88697e-09 -2.54988e-10 -3.10226e-08  -2.0249e-16
    0.185975     0.682992     0.556677     0.964088     0.188125      3576.21     0.103984            0     0.820201      2230.09      2350.67 -2.82662e-09 -2.74289e-10 -3.01035e-08 -2.01713e-16
    0.188125     0.680595     0.558841     0.963735     0.190284       3574.7     0.104149            0     0.820657      2228.83      2349.87 -2.76721e-09 -2.92516e-10 -2.92145e-08 -2.00944e-16
    0.190284       0.6782     0.560997     0.963381      0.19245      3573.17     0.104309            0     0.821113      2227.55      2349.07 -2.70907e-09 -3.09664e-10 -2.83544e-08            0
     0.19245     0.675805     0.563146     0.963025     0.194625      3571.65     0.104466            0     0.821569      2226.28      2348.26 -2.65187e-09 -3.25959e-10 -2.75225e-08 -1.99433e-16
    0.194625     0.673411     0.565287     0.962668     0.196807      3570.13      0.10462            0     0.822026      2224.99      2347.44 -2.59568e-09 -3.41374e-10 -2.67183e-08 -1.98691e-16
    0.196807     0.671017     0.567421     0.962309     0.198998       3568.6     0.104769            0     0.822483      2223.71      2346.63 -2.54054e-09 -3.55955e-10 -2.59397e-08 -1.97956e-16
    0.198998     0.668625     0.569548     0.961949     0.201197      3567.08     0.104915            0     0.822941      2222.41      2345.81 -2.48635e-09  -3.6978e-10 -2.51876e-08  -1.9723e-16
    0.201197     0.666233     0.571667     0.961587     0.203404      3565.54     0.105057            0     0.823399      2221.11      2344.98 -2.43314e-09 -3.82734e-10 -2.44603e-08 -1.96511e-16
    0.203404     0.663842      0.57378     0.961224     0.205619      3564.01     0.105196            0     0.823857      2219.81      2344.15 -2.38094e-09 -3.95018e-10 -2.37564e-08   -1.958e-16
    0.205619     0.661452     0.575885     0.960859     0.207842      3562.47      0.10533            0     0.824316       2218.5      2343.32 -2.32958e-09 -4.06594e-10 -2.30766e-08 -1.95097e-16
    0.207842     0.659062     0.577983     0.960492     0.210073      3560.94     0.105461            0     0.824775      2217.19      2342.49 -2.27915e-09 -4.17487e-10  -2.2419e-08            0
    0.210073     0.656673     0.580075     0.960124     0.212311       3559.4     0.105589            0     0.825235      2215.87      2341.65 -2.22962e-09 -4.27749e-10 -2.17835e-08 -1.93714e-16
    0.212311     0.654285      0.58216     0.959755     0.214558      3557.85     0.105712            0     0.825695      2214.54       2340.8 -2.18093e-09 -4.37331e-10 -2.11694e-08 -1.93033e-16
    0.214558     0.651898     0.584238     0.959384     0.216813       3556.3     0.105832            0     0.826155      2213.21      2339.95 -2.13316e-09 -4.46293e-10 -2.05755e-08            0
    0.216813     0.649511      0.58631     0.959011     0.219075      3554.76     0.105949            0     0.826615      2211.88       2339.1 -2.08618e-09 -4.54775e-10 -2.00013e-08            0
    0.219075     0.647125     0.588375     0.958637     0.221345       3553.2     0.106061            0     0.827076      2210.54      2338.25 -2.04001e-09 -4.62737e-10 -1.94468e-08 -1.91032e-16
    0.221345      0.64474     0.590433     0.958262     0.223623      3551.65      0.10617            0     0.827537      2209.19      2337.39 -1.99466e-09 -4.69996e-10 -1.89107e-08 -1.90379e-16
    0.223623     0.642356     0.592485     0.957885     0.225909      3550.09     0.106276            0     0.827998      2207.84      2336.53 -1.95008e-09 -4.76831e-10 -1.83925e-08 -1.89733e-16
    0.225909     0.639972     0.594531     0.957506     0.228202      3548.54     0.106377            0     0.828459      2206.48      2335.66 -1.90621e-09  -4.8322e-10  -1.7892e-08 -1.89093e-16
    0.228202      0.63759      0.59657     0.957126     0.230504      3546.97     0.106475            0     0.828921      2205.12      2334.79 -1.86323e-09 -4.89132e-10 -1.74079e-08            0
    0.230504     0.635208     0.598604     0.956744     0.232812      3545.41      0.10657            0     0.829382      2203.76      2333.92 -1.82084e-09 -4.94611e-10 -1.69401e-08            0
    0.232812     0.632826     0.600631     0.956361     0.235129      3543.84     0.106661            0     0.829844      2202.39      2333.04 -1.77919e-09 -4.99604e-10 -1.64884e-08            0
    0.235129     0.630446     0.602652     0.955977     0.237453      3542.27     0.106748            0     0.830306      2201.01      2332.16 -1.73834e-09 -5.04363e-10 -1.60515e-08 -1.86597e-16
    0.237453     0.628066     0.604667     0.955591     0.239785      3540.71     0.106831            0     0.830768      2199.63      2331.27 -1.69805e-09 -5.08501e-10 -1.56297e-08            0
    0.239785     0.625687     0.606676     0.955203     0.242124      3539.13     0.106911            0      0.83123      2198.25      2330.38  -1.6585e-09 -5.12382e-10 -1.52218e-08            0
    0.242124     0.623309     0.608679     0.954814     0.244471      3537.55     0.106988            0     0.831693      2196.86      2329.49 -1.61957e-09 -5.16021e-10 -1.48273e-08 -1.84788e-16
    0.244471     0.620931     0.610676     0.954424     0.246826      3535.97     0.107061            0     0.832155      2195.46      2328.59 -1.58129e-09 -5.19142e-10 -1.44469e-08 -1.84196e-16
    0.246826     0.618555     0.612667     0.954032     0.249188      3534.39      0.10713            0     0.832618      2194.06      2327.69 -1.54361e-09 -5.22103e-10 -1.40784e-08 -1.83611e-16
    0.249188     0.616179     0.614653     0.953639     0.251557      3532.81     0.107196            0      0.83308      2192.66      2326.79  -1.5066e-09 -5.24658e-10 -1.37223e-08  -1.1897e-14
    0.251557     0.613804     0.616633     0.953244     0.253934      3531.22     0.107258            0     0.833543      2191.25      2325.88 -1.47016e-09 -5.26968e-10 -1.33788e-08 -1.82456e-16
    0.253934     0.611429     0.618608     0.952848     0.256318      3529.63     0.107316            0     0.834006      2189.83      2324.97 -1.43425e-09 -5.28912e-10 -1.30461e-08 -1.81887e-16
    0.256318     0.609056     0.620577      0.95245      0.25871      3528.03     0.107371            0     0.834469      2188.41      2324.05 -1.39901e-09 -5.30767e-10 -1.27247e-08 -1.81323e-16
     0.25871     0.606683      0.62254     0.952051     0.261109      3526.44     0.107423            0     0.834931      2186.99      2323.13 -1.36423e-09 -5.32287e-10 -1.24145e-08 -1.80764e-16
    0.261109     0.604311     0.624498      0.95165     0.263516      3524.84      0.10747            0     0.835394      2185.56      2322.21  -1.3301e-09 -5.33494e-10  -1.2114e-08            0
    0.263516      0.60194     0.626451     0.951248      0.26593      3523.24     0.107515            0     0.835857      2184.13      2321.29  -1.2964e-09 -5.34591e-10 -1.18238e-08   2.2817e-14
     0.26593     0.599569     0.628398     0.950844     0.268351      3521.63     0.107556            0      0.83632      2182.69      2320.36 -1.26331e-09 -5.35518e-10 -1.15428e-08 -1.79118e-16
    0.268351       0.5972      0.63034     0.950439     0.270779      3520.02     0.107593            0     0.836783      2181.25      2319.42 -1.23888e-09  1.94933e-10 -1.13227e-08            0
    0.270779     0.594831     0.632277     0.950033     0.273215      3518.41     0.107627            0     0.837245       2179.8      2318.48 -1.20654e-09 -5.41798e-10 -1.10594e-08 -1.78046e-16
    0.273215     0.592463     0.634208     0.949625     0.275658       3516.8     0.107657            0     0.837708      2178.35      2317.54 -1.17463e-09 -5.41921e-10  -1.0805e-08            0
    0.275658     0.590095     0.636134     0.949216     0.278108      3515.19     0.107683            0     0.838171      2176.89       2316.6 -1.14328e-09 -5.41963e-10 -1.05583e-08            0
    0.278108     0.587729     0.638056     0.948805     0.280566      3513.57     0.107707            0     0.838634      2175.43      2315.65 -1.11237e-09 -5.41766e-10 -1.03202e-08 -1.76472e-16
    0.280566     0.585363     0.639972     0.948393     0.283031      3511.95     0.107726            0     0.839096      2173.97       2314.7 -1.08194e-09 -5.41424e-10 -1.00895e-08 -1.75957e-16
    0.283031     0.582998     0.641883     0.947979     0.285502      3510.32     0.107743            0     0.839559       2172.5      2313.74 -1.05195e-09  -5.4102e-10 -9.86614e-09 -1.75446e-16
    0.285502     0.580634      0.64379     0.947564     0.287981      3508.69     0.107755            0     0.840021      2171.03      2312.78 -1.02239e-09 -5.40457e-10 -9.65054e-09  -1.7494e-16
    0.287981      0.57827     0.645691     0.947148     0.290468      3507.06     0.107764            0     0.840484      2169.55      2311.82 -9.93285e-10  -5.3971e-10 -9.44148e-09            0
    0.290468     0.575908     0.647587      0.94673     0.292961      3505.43      0.10777            0     0.840946      2168.07      2310.85 -9.64596e-10 -5.38973e-10 -9.23941e-09  -1.7394e-16
    0.292961     0.573546     0.649479     0.946311     0.295461       3503.8     0.107772            0     0.841408      2166.58      2309.88 -9.36334e-10 -5.37971e-10 -9.04337e-09            0
    0.295461     0.571185     0.651366      0.94589     0.297969      3502.16     0.107771            0     0.841871      2165.09       2308.9 -9.08371e-10 -5.36995e-10 -8.85448e-09 -1.72957e-16
    0.297969     0.568825     0.653248     0.945468     0.300483      3500.52     0.107767            0     0.842333      2163.59      2307.92 -8.81018e-10 -5.35874e-10  -8.6675e-09 -1.72472e-16
    0.300483     0.566465     0.655126     0.945045     0.303005      3498.87     0.107758            0     0.842795       2162.1      2306.94 -8.53878e-10 -5.41081e-10 -8.48336e-09            0
    0.303005     0.564107     0.656999      0.94462     0.305533      3497.23     0.107731            0     0.843256      2160.59      2305.96 -8.27065e-10 -5.51203e-10 -8.30806e-09            0
    0.305533     0.561749     0.658867     0.944194     0.308069      3495.58     0.107695            0     0.843717      2159.08      2304.97 -8.00667e-10 -5.50274e-10 -8.14295e-09 -1.71041e-16
    0.308069     0.559392     0.660731     0.943767     0.310611      3493.93     0.107654            0     0.844178      2157.57      2303.97 -7.74693e-10 -5.49237e-10 -7.98374e-09            0
    0.310611     0.557036      0.66259     0.943338     0.313161      3492.27     0.107608            0     0.844639      2156.06      2302.98 -7.48965e-10 -5.48181e-10  -7.8303e-09 -1.70106e-16
    0.313161      0.55468     0.664445     0.942908     0.315717      3490.61     0.107557            0     0.845099      2154.54      2301.98 -7.23713e-10 -5.47095e-10   -7.681e-09 -1.69645e-16
    0.315717     0.552326     0.666295     0.942477     0.318281      3488.95     0.107501            0      0.84556      2153.02      2300.98 -6.98699e-10 -5.45874e-10 -7.53729e-09 -1.69187e-16
    0.318281     0.549972     0.668141     0.942045     0.320851      3487.29     0.107441            0      0.84602      2151.49      2299.97 -6.74172e-10 -5.44809e-10 -7.39843e-09 -1.68733e-16
    0.320851     0.547619     0.669982     0.941611     0.323428      3485.62     0.107375            0      0.84648      2149.96      2298.96 -6.49902e-10 -5.43468e-10 -7.26348e-09 -1.68282e-16
    0.323428     0.545267      0.67182     0.941176     0.326012      3483.95     0.107304            0     0.846941      2148.42      2297.95 -6.25976e-10 -5.42108e-10 -7.13331e-09            0
    0.326012     0.542915     0.673652      0.94074     0.328603      3482.27     0.107229            0     0.847401      2146.88      2296.93 -6.02383e-10 -5.40751e-10 -7.00697e-09 -1.67392e-16
    0.328603     0.540565     0.675481     0.940302       0.3312      3480.59     0.107148            0     0.847862      2145.34      2295.91  -5.7916e-10 -5.39418e-10 -6.88521e-09 -1.66952e-16
      0.3312     0.538215     0.677306     0.939864     0.333805      3478.91     0.107063            0     0.848322      2143.79      2294.89 -5.56224e-10 -5.37833e-10 -6.76627e-09 -1.66515e-16
    0.333805     0.535866     0.679126     0.939424     0.336416      3477.23     0.106973            0     0.848783      2142.24      2293.87 -5.33591e-10 -5.36411e-10 -6.65102e-09 -1.66082e-16
    0.336416     0.533518     0.680942     0.938983     0.339034      3475.54     0.106878            0     0.849244      2140.68      2292.84 -5.11245e-10 -5.34819e-10 -6.53998e-09            0
    0.339034      0.53117     0.682754     0.938541     0.341659      3473.85     0.106779            0     0.849706      2139.12      2291.81 -4.89327e-10 -5.33197e-10 -6.43189e-09 -1.65226e-16
    0.341659     0.528824     0.684562     0.938097      0.34429      3472.15     0.106674            0     0.850167      2137.56      2290.77 -4.67584e-10 -5.31545e-10 -6.32662e-09            0
     0.34429     0.526478     0.686366     0.937653     0.346929      3470.45     0.106565            0     0.850629      2135.99      2289.73 -4.46183e-10 -5.29807e-10 -6.22469e-09            0
    0.346929     0.524133     0.688166     0.937207     0.349573      3468.75     0.106452            0     0.851091      2134.42      2288.69  -4.2504e-10 -5.28061e-10 -6.12567e-09 -1.63966e-16
    0.349573     0.521789     0.689962      0.93676     0.352225      3467.04     0.106333            0     0.851554      2132.84      2287.65  -4.0429e-10 -5.26326e-10 -6.02935e-09            0
    0.352225     0.519446     0.691754     0.936312     0.354883      3465.33      0.10621            0     0.852017      2131.26       2286.6   -3.837e-10 -5.24434e-10 -5.93591e-09            0
    0.354883     0.517104     0.693542     0.935863     0.357548      3463.62     0.106083            0      0.85248      2129.67      2285.55 -3.63477e-10  -5.2255e-10 -5.84503e-09            0
    0.357548     0.514762     0.695326     0.935413      0.36022       3461.9      0.10595            0     0.852944      2128.08       2284.5 -3.43436e-10 -5.20552e-10 -5.75633e-09            0
     0.36022     0.512421     0.697106     0.934962     0.362898      3460.18     0.105814            0     0.853408      2126.49      2283.44 -3.23743e-10 -5.18587e-10 -5.67009e-09            0
    0.362898     0.510081     0.698883     0.934509     0.365583      3458.45     0.105672            0     0.853873      2124.89      2282.38 -3.04361e-10 -5.16555e-10 -5.58624e-09            0
    0.365583     0.507742     0.700656     0.934056     0.368274      3456.72     0.105526            0     0.854338      2123.29      2281.32 -2.85109e-10 -5.14303e-10 -5.50464e-09 -1.61136e-16
    0.368274     0.505404     0.702425     0.933601     0.370972      3454.99     0.105376            0     0.854804      2121.68      2280.26 -2.66294e-10 -5.12126e-10 -5.42526e-09            0
    0.370972     0.503066      0.70419     0.933146     0.373677      3453.25     0.105221            0      0.85527      2120.07      2279.19 -2.47578e-10 -5.09833e-10 -5.34756e-09            0
    0.373677      0.50073     0.705952     0.932689     0.376388      3451.51     0.105061            0     0.855737      2118.45      2278.12 -2.29177e-10 -5.07599e-10 -5.27211e-09            0
    0.376388     0.498394      0.70771     0.932231     0.379106      3449.76     0.104897            0     0.856204      2116.83      2277.05 -2.11063e-10 -5.05242e-10 -5.19829e-09 -1.59583e-16
    0.379106     0.496059     0.709464     0.931772      0.38183      3448.01     0.104729            0     0.856672       2115.2      2275.97 -1.93108e-10 -5.02914e-10 -5.12645e-09            0
     0.38183     0.493725     0.711215     0.931313      0.38456      3446.25     0.104556            0     0.857141      2113.57      2274.89 -1.75515e-10 -5.00593e-10 -5.05658e-09            0
     0.38456     0.491391     0.712962     0.930852     0.387297      3444.49     0.104379            0      0.85761      2111.94      2273.81 -1.58084e-10 -4.98136e-10 -4.98817e-09            0
    0.387297     0.489059     0.714706      0.93039     0.390041      3442.73     0.104198            0      0.85808       2110.3      2272.73 -1.40928e-10 -4.95717e-10 -4.92137e-09            0
    0.390041     0.486727     0.716446     0.929927     0.392791      3440.96     0.104012            0     0.858551      2108.66      2271.64 -1.23951e-10 -4.93292e-10 -4.85609e-09 -1.57703e-16
    0.392791     0.484396     0.718183     0.929464     0.395547      3439.19     0.103822            0     0.859022      2107.01      2270.55 -1.07302e-10 -4.90742e-10 -4.79248e-09            0
    0.395547     0.482067     0.719916     0.928999      0.39831      3437.41     0.103627            0     0.859494      2105.36      2269.46 -9.08157e-11 -4.88248e-10 -4.73025e-09 -1.56969e-16
     0.39831     0.479737     0.721646     0.928533     0.401079      3435.63     0.103428            0     0.859967       2103.7      2268.37 -7.45554e-11 -4.85778e-10 -4.66936e-09            0
    0.401079     0.477409     0.723372     0.928067     0.403855      3433.84     0.103225            0      0.86044      2102.04      2267.27 -5.85268e-11  -4.8315e-10 -4.61014e-09            0
    0.403855     0.475082     0.725095     0.927599     0.406637      3432.05     0.103018            0     0.860914      2100.38      2266.17 -4.27475e-11 -4.80601e-10 -4.55177e-09 -1.55888e-16
    0.406637     0.472755     0.726815      0.92713     0.409425      3430.25     0.102807            0     0.861389      2098.71      2265.07 -2.71785e-11 -4.77971e-10 -4.49521e-09 -1.55533e-16
    0.409425     0.470429     0.728531     0.926661      0.41222      3428.45     0.102591            0     0.861865      2097.03      2263.97 -1.18451e-11 -4.75397e-10 -4.43957e-09            0
     0.41222     0.468104     0.730245     0.926191     0.415021      3426.64     0.102371            0     0.862341      2095.35      2262.86  3.33091e-12 -4.72658e-10 -4.38528e-09 -1.54829e-16
    0.415021      0.46578     0.731954     0.925719     0.417828      3424.83     0.102147            0     0.862819      2093.67      2261.75  1.82679e-11  -4.7008e-10 -4.33163e-09  -1.5448e-16
    0.417828     0.463457     0.733661     0.925247     0.420642      3423.01     0.101919            0     0.863297      2091.98      2260.64  3.29846e-11 -4.67274e-10 -4.27992e-09            0
    0.420642     0.461135     0.735364     0.924774     0.423462      3421.19     0.101687            0     0.863776      2090.28      2259.53  4.74839e-11 -4.64651e-10 -4.22859e-09 -1.53791e-16
    0.423462     0.458813     0.737065       0.9243     0.426288      3419.37     0.101451            0     0.864255      2088.59      2258.41  6.18056e-11 -4.61971e-10 -4.17886e-09            0
    0.426288     0.456493     0.738762     0.923825     0.429121      3417.53      0.10121            0     0.864736      2086.88       2257.3  7.59152e-11 -4.59168e-10 -4.12949e-09  -1.5311e-16
    0.429121     0.454173     0.740456      0.92335     0.431959       3415.7     0.100966            0     0.865217      2085.17      2256.18  8.98145e-11 -4.56368e-10 -4.08174e-09 -1.52773e-16
    0.431959     0.451854     0.742146     0.922873     0.434804      3413.85     0.100718            0     0.865699      2083.46      2255.05  1.03544e-10 -4.53695e-10 -4.03454e-09            0
    0.434804     0.449536     0.743834     0.922396     0.437656      3412.01     0.100465            0     0.866182      2081.75      2253.93  1.17057e-10 -4.50868e-10 -3.98851e-09            0
    0.437656     0.447219     0.745519     0.921918     0.440513      3410.15     0.100209            0     0.866666      2080.02       2252.8  1.30377e-10 -4.48082e-10 -3.94326e-09            0
    0.440513     0.444902       0.7472     0.921439     0.443376       3408.3    0.0999485            0      0.86715       2078.3      2251.67  1.43517e-10 -4.45227e-10 -3.89889e-09 -1.51448e-16
    0.443376     0.442587     0.748879     0.920959     0.446246      3406.43    0.0996842            0     0.867636      2076.56      2250.54  1.56442e-10 -4.42482e-10 -3.85519e-09            0
    0.446246     0.440272     0.750555     0.920478     0.449122      3404.56     0.099416            0     0.868122      2074.83      2249.41  1.69195e-10 -4.39564e-10 -3.81304e-09 -1.50798e-16
    0.449122     0.437959     0.752227     0.919997     0.452004      3402.69     0.099144            0     0.868609      2073.09      2248.27  1.81763e-10 -4.36749e-10 -3.77052e-09            0
    0.452004     0.435646     0.753897     0.919515     0.454892      3400.81     0.098868            0     0.869097      2071.34      2247.13  1.94202e-10 -4.33954e-10 -3.72954e-09 -1.50156e-16
    0.454892     0.433334     0.755564     0.919032     0.457787      3398.92    0.0985883            0     0.869586      2069.59      2245.99  2.06365e-10 -4.31147e-10 -3.68928e-09 -1.49838e-16
    0.457787     0.431023     0.757228     0.918548     0.460687      3397.03    0.0983047            0     0.870076      2067.83      2244.85  2.18412e-10 -4.28123e-10  -3.6495e-09            0
    0.460687     0.428712     0.758889     0.918064     0.463594      3395.14    0.0980173            0     0.870566      2066.07      2243.71  2.30256e-10 -4.25337e-10 -3.61028e-09            0
    0.463594     0.426403     0.760547     0.917578     0.466506      3393.23    0.0977261            0     0.871058      2064.31      2242.56  2.43717e-10  2.17117e-11 -3.59491e-09 -1.48897e-16
    0.466506     0.424094     0.762202     0.917092     0.469425      3391.32    0.0974271            0      0.87155      2062.54      2241.41  2.55265e-10 -4.26766e-10 -3.55637e-09 -1.48587e-16
    0.469425     0.421787     0.763855     0.916606      0.47235      3389.41    0.0971141            0     0.872043      2060.76      2240.26  2.66694e-10 -4.23196e-10 -3.51924e-09 -1.48279e-16
     0.47235      0.41948     0.765504     0.916119     0.475281      3387.49       0.0968            0     0.872536      2058.98      2239.11  2.77912e-10 -4.19671e-10 -3.48372e-09            0
    0.475281     0.417174     0.767151     0.915631     0.478217      3385.56    0.0964846            0     0.873031       2057.2      2237.96  2.88993e-10 -4.16081e-10 -3.44803e-09 -1.47669e-16
    0.478217     0.414869     0.768795     0.915142      0.48116      3383.63     0.096168            0     0.873526      2055.41      2236.81  2.99878e-10 -4.12734e-10 -3.41296e-09 -1.47367e-16
     0.48116     0.412565     0.770437     0.914653     0.484109      3381.69    0.0958502            0     0.874022      2053.61      2235.65  3.10613e-10 -4.09405e-10 -3.37879e-09 -1.47066e-16
    0.484109     0.410262     0.772076     0.914163     0.487064      3379.75     0.095531            0      0.87452      2051.81      2234.49  3.21186e-10 -4.05984e-10 -3.34519e-09 -1.46768e-16
    0.487064      0.40796     0.773712     0.913673     0.490025       3377.8    0.0952105            0     0.875018      2050.01      2233.33  3.31616e-10 -4.02819e-10 -3.31206e-09 -1.46471e-16
    0.490025     0.405658     0.775345     0.913181     0.492992      3375.85    0.0948887            0     0.875518       2048.2      2232.17  3.41832e-10 -3.99492e-10 -3.27925e-09            0
    0.492992     0.403358     0.776976      0.91269     0.495965      3373.88    0.0945655            0     0.876019      2046.38         2231  3.51944e-10 -3.96339e-10 -3.24748e-09            0
    0.495965     0.401058     0.778604     0.912197     0.498943      3371.91    0.0942409            0     0.876521      2044.56      2229.84  3.61931e-10 -3.90197e-10 -3.21592e-09            0
    0.498943     0.398759      0.78023     0.911704     0.501928      3369.94    0.0939148            0     0.877025      2042.73      2228.67  3.71725e-10 -3.90134e-10 -3.18469e-09 -1.87439e-14
    0.501928     0.396461     0.781853      0.91121     0.504919      3367.96    0.0935873            0      0.87753       2040.9       2227.5  3.81384e-10  -3.8705e-10 -3.15429e-09 -1.45013e-16
    0.504919     0.394164     0.783473     0.910716     0.507915      3365.97    0.0932583            0     0.878037      2039.05      2226.33   3.9089e-10 -3.84109e-10 -3.12376e-09            0
    0.507915     0.391868     0.785091      0.91022     0.510918      3363.97    0.0929278            0     0.878545      2037.21      2225.16  4.00246e-10 -3.81072e-10 -3.09406e-09 -1.44442e-16
    0.510918     0.389573     0.786706     0.909725     0.513926      3361.97    0.0925957            0     0.879055      2035.35      2223.99  4.09475e-10 -3.78181e-10 -3.06492e-09 -1.44159e-16
    0.513926     0.387279     0.788319     0.909228      0.51694      3359.97    0.0922621            0     0.879566      2033.49      2222.81   4.1854e-10  -3.7532e-10 -3.03571e-09 -1.43878e-16
     0.51694     0.384986     0.789929     0.908731      0.51996      3357.95    0.0919269            0      0.88008      2031.63      2221.63  4.27534e-10 -3.72323e-10 -3.00739e-09 -1.43598e-16
     0.51996     0.382693     0.791537     0.908233     0.522986      3355.92      0.09159            0     0.880595      2029.75      2220.45  4.36292e-10 -3.69637e-10 -2.97931e-09  -1.4332e-16
    0.522986     0.380402     0.793142     0.907734     0.526018      3353.89    0.0912516            0     0.881112      2027.87      2219.27  4.44976e-10 -3.66785e-10 -2.95145e-09 -1.43044e-16
    0.526018     0.378111     0.794745     0.907235     0.529056      3351.85    0.0909114            0     0.881631      2025.98      2218.09  4.53518e-10 -3.64071e-10 -2.92417e-09 -1.42769e-16
    0.529056     0.375821     0.796346     0.906735     0.532099      3349.81    0.0905696            0     0.882153      2024.09       2216.9  4.61948e-10 -3.61357e-10 -2.89689e-09 -1.42496e-16
    0.532099     0.373532     0.797944     0.906235     0.535148      3347.75     0.090226            0     0.882676      2022.18      2215.72  4.70253e-10 -3.58615e-10 -2.87067e-09 -1.42224e-16
    0.535148     0.371245      0.79954     0.905734     0.538204      3345.69    0.0898807            0     0.883201      2020.27      2214.53  4.78397e-10 -3.55923e-10   -2.844e-09 -1.41954e-16
    0.538204     0.368958     0.801133     0.905232     0.541264      3343.62    0.0895336            0     0.883728      2018.36      2213.34  4.86441e-10 -3.53352e-10 -2.81827e-09            0
    0.541264     0.366672     0.802724     0.904729     0.544331      3341.55    0.0891847            0     0.884258      2016.43      2212.15  4.94324e-10 -3.50771e-10 -2.79256e-09 -1.41418e-16
    0.544331     0.364386     0.804313     0.904226     0.547403      3339.46    0.0888341            0     0.884789       2014.5      2210.95   5.0213e-10 -3.48115e-10 -2.76714e-09            0
    0.547403     0.362102       0.8059     0.903722     0.550482      3337.37    0.0884816            0     0.885323      2012.55      2209.76  5.09811e-10 -3.45717e-10 -2.74237e-09 -1.40889e-16
    0.550482     0.359819     0.807484     0.903217     0.553566      3335.27    0.0881272            0     0.885859       2010.6      2208.56  5.17371e-10 -3.43075e-10 -2.71756e-09 -1.40626e-16
    0.553566     0.357537     0.809066     0.902712     0.556655      3333.16     0.087771            0     0.886398      2008.64      2207.36  5.24785e-10 -3.40675e-10 -2.69215e-09 -1.40365e-16
    0.556655     0.355255     0.810646     0.902206     0.559751      3331.04    0.0874129            0     0.886938      2006.68      2206.16  5.38855e-10  2.26205e-10 -2.69863e-09 -1.40105e-16
    0.559751     0.352975     0.812223     0.901699     0.562852      3328.91    0.0870529            0     0.887482       2004.7      2204.96  5.46098e-10 -3.42132e-10 -2.67394e-09 -1.39847e-16
    0.562852     0.350695     0.813798     0.901192     0.565959      3326.78    0.0866909            0     0.888027      2002.72      2203.75    5.533e-10 -3.39768e-10 -2.64981e-09  -1.3959e-16
    0.565959     0.348417     0.815371     0.900684     0.569071      3324.64     0.086327            0     0.888575      2000.72      2202.55  5.60351e-10 -3.37378e-10 -2.62645e-09  3.55304e-14
    0.569071     0.346139     0.816942     0.900175     0.572189      3322.49    0.0859611            0     0.889126      1998.72      2201.34  5.67297e-10 -3.35147e-10 -2.60269e-09            0
    0.572189     0.343862     0.818511     0.899665     0.575313      3320.33    0.0855932            0     0.889679      1996.71      2200.13   5.7415e-10 -3.32747e-10 -2.57944e-09 -1.38828e-16
    0.575313     0.341586     0.820078     0.899155     0.578443      3318.16    0.0852233            0     0.890234      1994.69      2198.92  5.80884e-10 -3.30511e-10 -2.55701e-09 -1.38577e-16
    0.578443     0.339311     0.821642     0.898645     0.581578      3315.99    0.0848514            0     0.890792      1992.66      2197.71  5.87507e-10 -3.28248e-10 -2.53378e-09 -1.38327e-16
    0.581578     0.337038     0.823204     0.898133     0.584719       3313.8    0.0844774            0     0.891353      1990.62      2196.49  5.94003e-10 -3.25916e-10 -2.51147e-09 -1.38078e-16
    0.584719     0.334765     0.824765     0.897621     0.587865      3311.61    0.0841014            0     0.891916      1988.57      2195.27  6.00459e-10 -3.23703e-10 -2.48961e-09 -1.37831e-16
    0.587865     0.332493     0.826323     0.897108     0.591017      3309.41    0.0837233            0     0.892482      1986.51      2194.05  6.06764e-10  -3.2143e-10 -2.46729e-09 -1.37585e-16
    0.591017     0.330222     0.827879     0.896595     0.594175      3307.19    0.0833432            0     0.893051      1984.44      2192.83  6.12979e-10 -3.19369e-10 -2.44578e-09            0
    0.594175     0.327951     0.829433     0.896081     0.597338      3304.97    0.0829609            0     0.893622      1982.36      2191.61  6.19122e-10 -3.17159e-10 -2.42418e-09 -1.37097e-16
    0.597338     0.325682     0.830985     0.895566     0.600507      3302.74    0.0825765            0     0.894195      1980.27      2190.39  6.25118e-10 -3.14985e-10 -2.40301e-09 -1.36855e-16
    0.600507     0.323414     0.832535      0.89505     0.603682       3300.5    0.0821899            0     0.894772      1978.17      2189.16  6.31075e-10 -3.12945e-10 -2.38201e-09 -1.36615e-16
    0.603682     0.321147     0.834083     0.894534     0.606862      3298.26    0.0818012            0     0.895351      1976.06      2187.93  6.36919e-10 -3.10848e-10 -2.36111e-09 -1.36375e-16
    0.606862     0.318881      0.83563     0.894017     0.610047         3296    0.0814103            0     0.895933      1973.94      2186.71  6.42618e-10 -3.08771e-10 -2.34077e-09 -1.36137e-16
    0.610047     0.316615     0.837174       0.8935     0.613238      3293.73    0.0810173            0     0.896517      1971.81      2185.47  6.48296e-10 -3.06806e-10  -2.3199e-09   -1.359e-16
    0.613238     0.314351     0.838716     0.892982     0.616435      3291.45    0.0806221            0     0.897104      1969.67      2184.24   6.5385e-10 -3.04707e-10 -2.30018e-09 -1.35664e-16
    0.616435     0.312088     0.840256     0.892463     0.619637      3289.16    0.0802246            0     0.897694      1967.52      2183.01  6.59319e-10  -3.0278e-10 -2.27999e-09  -1.3543e-16
    0.619637     0.309825     0.841795     0.891943     0.622845      3286.86     0.079825            0     0.898287      1965.35      2181.77  6.64661e-10 -3.00866e-10 -2.26039e-09 -1.35196e-16
    0.622845     0.307564     0.843331     0.891423     0.626059      3284.55    0.0794231            0     0.898882      1963.18      2180.53  6.69991e-10  -2.9891e-10 -2.24075e-09 -1.34964e-16
    0.626059     0.305304     0.844866     0.890903     0.629277      3282.23     0.079019            0      0.89948      1960.99      2179.29  6.75187e-10 -2.96993e-10 -2.22115e-09            0
    0.629277     0.303044     0.846398     0.890381     0.632502       3279.9    0.0786127            0     0.900081       1958.8      2178.05  6.80301e-10 -2.95169e-10 -2.20221e-09            0
    0.632502     0.300786     0.847929     0.889859     0.635731      3277.56    0.0782041            0     0.900684      1956.59      2176.81  6.85332e-10 -2.93214e-10 -2.18311e-09            0
    0.635731     0.298528     0.849458     0.889336     0.638967      3275.21    0.0777932            0      0.90129      1954.37      2175.56   6.9026e-10 -2.91421e-10 -2.16436e-09 -1.34048e-16
    0.638967     0.296272     0.850986     0.888813     0.642207      3272.84    0.0773801            0     0.901899      1952.13      2174.31  6.95165e-10 -2.89608e-10 -2.14565e-09 -1.33822e-16
    0.642207     0.294016     0.852511     0.888289     0.645454      3270.47    0.0769647            0      0.90251      1949.89      2173.06  6.99901e-10 -2.87827e-10 -2.12721e-09 -1.33596e-16
    0.645454     0.291762     0.854035     0.887764     0.648705      3268.08    0.0765469            0     0.903124      1947.63      2171.81  7.04643e-10  -2.8606e-10 -2.10897e-09            0
    0.648705     0.289508     0.855557     0.887239     0.651962      3265.68    0.0761269            0     0.903741      1945.37      2170.56  7.09265e-10 -2.84328e-10 -2.09073e-09 -2.66299e-16
    0.651962     0.287256     0.857077     0.886713     0.655225      3263.27    0.0757046            0      0.90436      1943.09      2169.31  7.13818e-10  -2.8262e-10 -2.07293e-09            0
    0.655225     0.285005     0.858595     0.886186     0.658493      3260.85      0.07528            0     0.904982      1940.79      2168.05  7.18286e-10  -2.8078e-10 -2.05542e-09 -1.32707e-16
    0.658493     0.282754     0.860112     0.885659     0.661766      3258.42    0.0748511            0     0.905607      1938.49      2166.79  7.22656e-10 -2.79306e-10 -2.03787e-09 -1.32488e-16
    0.661766     0.280505     0.861627     0.885131     0.665045      3255.97    0.0744142            0     0.906234      1936.17      2165.53  7.26974e-10 -2.77514e-10 -2.02007e-09 -1.32269e-16
    0.665045     0.278256      0.86314     0.884603     0.668329      3253.52     0.073979            0     0.906863      1933.84      2164.27  7.31246e-10  -2.7582e-10 -2.00297e-09 -1.32052e-16
    0.668329     0.276009     0.864652     0.884074     0.671619      3251.05    0.0735452            0     0.907495       1931.5      2163.01  7.35383e-10 -2.74333e-10 -1.98575e-09            0
    0.671619     0.273762     0.866162     0.883544     0.674914      3248.57    0.0731128            0      0.90813      1929.14      2161.74  7.39488e-10 -2.72649e-10 -1.96842e-09 -2.63241e-16
    0.674914     0.271517      0.86767     0.883014     0.678214      3246.08    0.0726816            0     0.908768      1926.77      2160.48  7.43529e-10 -2.71138e-10 -1.95124e-09 -1.31406e-16
    0.678214     0.269273     0.869177     0.882483      0.68152      3243.57    0.0722516            0     0.909408      1924.39      2159.21  7.47482e-10 -2.69713e-10 -1.93462e-09 -1.31193e-16
     0.68152     0.267029     0.870682     0.881952     0.684831      3241.05    0.0718226            0     0.910052      1921.99      2157.94  7.51387e-10 -2.68072e-10 -1.91765e-09 -1.30981e-16
    0.684831     0.264787     0.872185     0.881419     0.688147      3238.52    0.0713946            0     0.910698      1919.58      2156.67   7.5522e-10 -2.66762e-10 -1.90123e-09  -1.3077e-16
    0.688147     0.262546     0.873687     0.880886     0.691469      3235.98    0.0709674            0     0.911348      1917.15      2155.39  7.58985e-10 -2.65311e-10 -1.88473e-09            0
    0.691469     0.260305     0.875188     0.880352     0.694796      3233.42    0.0705409            0        0.912      1914.71      2154.11  7.62687e-10 -2.63922e-10 -1.86792e-09            0
    0.694796     0.258066     0.876686     0.879817     0.698128      3230.85     0.070115            0     0.912656      1912.26      2152.83  7.66354e-10 -2.62586e-10 -1.85193e-09 -1.30143e-16
    0.698128     0.255828     0.878184     0.879282     0.701466      3228.28    0.0696896            0     0.913315      1909.78      2151.55  7.69906e-10 -2.61326e-10 -1.83585e-09 -1.29936e-16
    0.701466     0.253591     0.879679     0.878745     0.704809      3225.68    0.0692646            0     0.913977      1907.29      2150.27  7.73425e-10 -2.60007e-10 -1.81959e-09            0
    0.704809     0.251355     0.881174     0.878208     0.708157      3223.07    0.0688399            0     0.914643      1904.79      2148.98  7.76915e-10 -2.58806e-10 -1.80382e-09 -1.29524e-16
    0.708157      0.24912     0.882666      0.87767     0.711511      3220.44    0.0684154            0     0.915312      1902.27      2147.69  7.80313e-10 -2.57494e-10 -1.78793e-09  -1.2932e-16
    0.711511     0.246886     0.884158     0.877131     0.714869       3217.8     0.067991            0     0.915985      1899.73       2146.4  7.83646e-10 -2.56338e-10 -1.77234e-09 -2.58234e-16
    0.714869     0.244653     0.885647     0.876591     0.718233      3215.15    0.0675666            0      0.91666      1897.17      2145.11  7.86948e-10 -2.55224e-10 -1.75669e-09            0
    0.718233     0.242421     0.887136      0.87605     0.721603      3212.48    0.0671421            0      0.91734       1894.6      2143.81  7.90178e-10 -2.53997e-10 -1.74113e-09            0
    0.721603      0.24019     0.888623     0.875508     0.724977       3209.8    0.0667174            0     0.918023      1892.01      2142.51  7.93356e-10 -2.52876e-10 -1.72599e-09 -1.28513e-16
    0.724977      0.23796     0.890108     0.874965     0.728357      3207.11    0.0662924            0     0.918709       1889.4       2141.2  7.96491e-10 -2.51889e-10 -1.71057e-09            0
    0.728357     0.235732     0.891592     0.874421     0.731742       3204.4     0.065867            0     0.919399      1886.77       2139.9  7.99567e-10 -2.50802e-10 -1.69538e-09 -1.28115e-16
    0.731742     0.233504     0.893075     0.873876     0.735133      3201.67    0.0654411            0     0.920093      1884.12      2138.59  8.02585e-10 -2.49731e-10 -1.68077e-09 -1.27918e-16
    0.735133     0.231278     0.894557      0.87333     0.738528      3198.93    0.0650147            0      0.92079      1881.45      2137.28   8.0556e-10 -2.48679e-10 -1.66541e-09            0
    0.738528     0.229052     0.896037     0.872783     0.741929      3196.18    0.0645876            0      0.92149      1878.77      2135.96  8.08485e-10 -2.47742e-10 -1.65058e-09 -1.27525e-16
    0.741929     0.226828     0.897515     0.872235     0.745335      3193.41    0.0641597            0     0.922195      1876.06      2134.64  8.11355e-10 -2.46787e-10 -1.63604e-09 -1.27331e-16
    0.745335     0.224604     0.898993     0.871686     0.748746      3190.63     0.063731            0     0.922903      1873.34      2133.32  8.14179e-10 -2.45863e-10 -1.62116e-09            0
    0.748746     0.222382     0.900469     0.871136     0.752162      3187.83    0.0633014            0     0.923614      1870.59         2132  8.16952e-10 -2.44892e-10 -1.60691e-09 -1.26944e-16
    0.752162     0.220161     0.901943     0.870584     0.755584      3185.01    0.0628707            0     0.924329      1867.82      2130.67  8.19666e-10 -2.44077e-10 -1.59254e-09 -1.26751e-16
    0.755584     0.217941     0.903417     0.870032      0.75901      3182.19    0.0624389            0     0.925048      1865.03      2129.34  8.22375e-10 -2.43163e-10 -1.57804e-09  -1.2656e-16
     0.75901     0.215722     0.904889     0.869478     0.762442      3179.35    0.0620059            0      0.92577      1862.23         2128  8.24987e-10 -2.42337e-10 -1.56389e-09            0
    0.762442     0.213505      0.90636     0.868923     0.765879      3176.49    0.0615716            0     0.926496      1859.39      2126.66   8.2759e-10 -2.41475e-10 -1.54981e-09  -1.2618e-16
    0.765879     0.211288      0.90783     0.868367     0.769321      3173.62    0.0611359            0     0.927226      1856.54      2125.32  8.30125e-10 -2.40746e-10 -1.53597e-09 -1.25991e-16
    0.769321     0.209072     0.909298     0.867809     0.772769      3170.73    0.0606987            0     0.927959      1853.67      2123.97  8.32622e-10 -2.39959e-10 -1.52191e-09 -1.25803e-16
    0.772769     0.206858     0.910765      0.86725     0.776221      3167.83      0.06026            0     0.928695      1850.77      2122.62  8.35083e-10 -2.39254e-10 -1.50812e-09 -1.25616e-16
    0.776221     0.204644     0.912231     0.866691     0.779679      3164.91    0.0598196            0     0.929436      1847.85      2121.27  8.37506e-10 -2.38459e-10 -1.49466e-09  -1.2543e-16
    0.779679     0.202432     0.913696     0.866129     0.783141      3161.98    0.0593775            0     0.930179      1844.91      2119.91  8.39865e-10 -2.37761e-10 -1.48095e-09 -1.25245e-16
    0.783141     0.200221      0.91516     0.865567     0.786609      3159.03    0.0589336            0     0.930926      1841.94      2118.55  8.42195e-10 -2.37058e-10 -1.46751e-09            0
    0.786609     0.198011     0.916622     0.865003     0.790082      3156.07    0.0584879            0     0.931676      1838.95      2117.18  8.44477e-10 -2.36447e-10 -1.45418e-09 -1.24876e-16
    0.790082     0.195802     0.918084     0.864438      0.79356      3153.09    0.0580401            0      0.93243      1835.94      2115.82  8.46721e-10 -2.35795e-10 -1.44075e-09            0
     0.79356     0.193595     0.919544     0.863871     0.797043       3150.1    0.0575903            0     0.933187       1832.9      2114.44  8.48933e-10  -2.3507e-10 -1.42783e-09 -1.24511e-16
    0.797043     0.191388     0.921003     0.863303     0.800531      3147.09    0.0571383            0     0.933948      1829.84      2113.06  8.51105e-10  -2.3461e-10 -1.41471e-09            0
    0.800531     0.189183     0.922461     0.862734     0.804025      3144.06    0.0566842            0     0.934711      1826.76      2111.68   8.5323e-10 -2.34055e-10 -1.40169e-09            0
    0.804025     0.186979     0.923918     0.862163     0.807523      3141.02    0.0562278            0     0.935478      1823.64      2110.29    8.553e-10 -2.33435e-10 -1.38897e-09            0
    0.807523     0.184776     0.925374     0.861591     0.811026      3137.97     0.055769            0     0.936248      1820.51       2108.9  8.57365e-10 -2.32907e-10 -1.37611e-09  -1.2379e-16
    0.811026     0.182574     0.926829     0.861018     0.814535       3134.9    0.0553077            0     0.937022      1817.35      2107.51  8.59365e-10  -2.3243e-10 -1.36341e-09 -1.23612e-16
    0.814535     0.180373     0.928283     0.860443     0.818048      3131.81    0.0548439            0     0.937798      1814.16      2106.11   8.6134e-10 -2.31871e-10 -1.35103e-09 -1.23435e-16
    0.818048     0.178173     0.929736     0.859867     0.821567      3128.71    0.0543776            0     0.938577      1810.94       2104.7  8.63267e-10 -2.31438e-10 -1.33848e-09 -1.23258e-16
    0.821567     0.175975     0.931188     0.859289      0.82509      3125.59    0.0539085            0     0.939359       1807.7       2103.3  8.65169e-10 -2.31001e-10 -1.32624e-09            0
     0.82509     0.173778     0.932638      0.85871     0.828619      3122.46    0.0534367            0     0.940145      1804.44      2101.88  8.67034e-10  -2.3058e-10 -1.31377e-09 -1.22907e-16
    0.828619     0.171582     0.934088     0.858129     0.832152      3119.32    0.0529621            0     0.940933      1801.14      2100.46  8.68845e-10 -2.30143e-10 -1.30197e-09            0
    0.832152     0.169387     0.935537     0.857547     0.835691      3116.15    0.0524846            0     0.941723      1797.82      2099.04  8.70648e-10 -2.29855e-10 -1.28966e-09 -1.22559e-16
    0.835691     0.167193     0.936985     0.856963     0.839234      3112.97    0.0520041            0     0.942517      1794.47      2097.61  8.72396e-10 -2.29483e-10 -1.27783e-09 -2.44771e-16
    0.839234        0.165     0.938432     0.856377     0.842783      3109.78    0.0515206            0     0.943313       1791.1      2096.18  8.74124e-10  -2.2924e-10 -1.26562e-09 -1.22213e-16
    0.842783     0.162809     0.939878      0.85579     0.846336      3106.56    0.0510339            0     0.944112      1787.69      2094.74  8.75802e-10  -2.2891e-10 -1.25152e-09 -1.22042e-16
    0.846336     0.160619     0.941323     0.855202     0.849895      3103.33    0.0505439            0     0.944913      1784.26       2093.3  8.77458e-10 -2.28594e-10 -1.23921e-09            0
    0.849895      0.15843     0.942767     0.854612     0.853458      3100.08    0.0500499            0     0.945716       1780.8      2091.85  8.79072e-10 -2.28329e-10 -1.23078e-09 -1.21701e-16
    0.853458     0.156242      0.94421      0.85402     0.857027      3096.81     0.049552            0     0.946522      1777.31       2090.4  8.80657e-10  -2.2794e-10 -1.22301e-09 -1.21532e-16
    0.857027     0.154056     0.945653     0.853427       0.8606      3093.52    0.0490499            0      0.94733      1773.79      2088.94  8.82205e-10 -2.27607e-10 -1.21485e-09 -1.21363e-16
      0.8606     0.151871     0.947094     0.852833     0.864179      3090.21    0.0485436            0     0.948139      1770.24      2087.48  8.83697e-10 -2.27306e-10 -1.20696e-09 -1.21195e-16
    0.864179     0.149687     0.948535     0.852236     0.867762      3086.88    0.0480331            0     0.948949      1766.66      2086.01  8.85196e-10 -2.27037e-10 -1.19888e-09 -1.21028e-16
    0.867762     0.147504     0.949975     0.851638      0.87135      3083.52    0.0475182            0     0.949761      1763.06      2084.54  8.86633e-10 -2.26829e-10 -1.19068e-09            0
     0.87135     0.145322     0.951414     0.851039     0.874943      3080.14     0.046999            0     0.950573      1759.42      2083.06  8.88034e-10 -2.26535e-10 -1.18258e-09 -1.20695e-16
    0.874943     0.143142     0.952852     0.850438     0.878542      3076.74    0.0464753            0     0.951386      1755.75      2081.58  8.89417e-10 -2.26479e-10 -1.17422e-09  -1.2053e-16
    0.878542     0.140963      0.95429     0.849835     0.882145      3073.31    0.0459458            0       0.9522      1752.05      2080.09  8.90769e-10 -2.26189e-10 -1.16623e-09 -2.40731e-16
    0.882145     0.138785     0.955726     0.849231     0.885752      3069.86    0.0454106            0     0.953013      1748.32      2078.59  8.92086e-10 -2.26105e-10 -1.15761e-09 -1.20201e-16
    0.885752     0.136609     0.957162     0.848625     0.889365      3066.39    0.0448736            0     0.953826      1744.56      2077.09  8.93365e-10 -2.26009e-10 -1.14917e-09 -1.20038e-16
    0.889365     0.134433     0.958598     0.848018     0.892983      3062.89    0.0443344            0     0.954639      1740.77      2075.58  8.94612e-10 -2.25936e-10 -1.14049e-09 -1.19876e-16
    0.892983     0.132259     0.960032     0.847409     0.896606      3059.36     0.043793            0     0.955451      1736.95      2074.07   8.9584e-10 -2.25858e-10 -1.13171e-09 -1.19714e-16
    0.896606     0.130086     0.961466     0.846798     0.900233       3055.8    0.0432491            0     0.956263      1733.09      2072.55  8.97027e-10 -2.25875e-10 -1.12304e-09 -1.19553e-16
    0.900233     0.127915     0.962899     0.846186     0.903866      3052.21    0.0427024            0     0.957074       1729.2      2071.03  8.98196e-10 -2.25908e-10 -1.11433e-09 -1.19392e-16
    0.903866     0.125745     0.964332     0.845572     0.907503       3048.6    0.0421528            0     0.957884      1725.28       2069.5  8.99343e-10 -2.25944e-10 -1.10516e-09            0
    0.907503     0.123576     0.965764     0.844956     0.911145      3044.95    0.0416001            0     0.958693      1721.32      2067.96  9.00436e-10  -2.2592e-10 -1.09636e-09 -1.19073e-16
    0.911145     0.121408     0.967195     0.844338     0.914792      3041.28    0.0410439            0       0.9595      1717.33      2066.42  9.01521e-10 -2.26008e-10 -1.08711e-09 -1.18914e-16
    0.914792     0.119242     0.968626     0.843719     0.918444      3037.57    0.0404843            0     0.960306       1713.3      2064.87  9.02559e-10 -2.26187e-10 -1.07814e-09            0
    0.918444     0.117077     0.970056     0.843097     0.922101      3033.83    0.0399208            0      0.96111      1709.24      2063.31   9.0359e-10 -2.26319e-10 -1.06878e-09 -1.18599e-16
    0.922101     0.114913     0.971486     0.842474     0.925762      3030.05    0.0393534            0     0.961913      1705.14      2061.75  9.04575e-10 -2.26505e-10 -1.05939e-09            0
    0.925762      0.11275     0.972915     0.841849     0.929429      3026.25    0.0387818            0     0.962713      1701.01      2060.18   9.0554e-10 -2.26575e-10 -1.05031e-09 -1.18286e-16
    0.929429     0.110589     0.974344     0.841222       0.9331      3022.41    0.0382059            0     0.963512      1696.83       2058.6  9.06476e-10 -2.26814e-10 -1.04079e-09  -1.1813e-16
      0.9331      0.10843     0.975772     0.840593     0.936776      3018.52    0.0376254            0     0.964308      1692.62      2057.01  9.07377e-10 -2.27075e-10 -1.03107e-09 -1.17975e-16
    0.936776     0.106271       0.9772     0.839963     0.940457      3014.61    0.0370401            0     0.965101      1688.37      2055.42  9.08266e-10 -2.27254e-10 -1.02153e-09 -1.17821e-16
    0.940457     0.104114     0.978627      0.83933     0.944142      3010.66    0.0364498            0     0.965892      1684.09      2053.82  9.09115e-10 -2.27662e-10 -1.01189e-09 -1.17667e-16
    0.944142     0.101958     0.980054     0.838695     0.947833      3006.68    0.0358545            0      0.96668      1679.76      2052.21  9.09944e-10 -2.27782e-10 -1.00193e-09 -1.17514e-16
    0.947833    0.0998037      0.98148     0.838059     0.951528      3002.65    0.0352537            0     0.967465      1675.39      2050.59  9.10735e-10 -2.28266e-10 -9.91981e-10 -1.17362e-16
    0.951528    0.0976506     0.982906      0.83742     0.955228      2998.59    0.0346475            0     0.968247      1670.99      2048.96  9.11509e-10 -2.28556e-10 -9.82035e-10            0
    0.955228    0.0954989     0.984332      0.83678     0.958933      2994.49    0.0340356            0     0.969025      1666.54      2047.33  9.12256e-10 -2.28819e-10 -9.71824e-10            0
    0.958933    0.0933486     0.985758     0.836137     0.962643      2990.35    0.0334178            0       0.9698      1662.05      2045.69  9.12972e-10 -2.29319e-10 -9.61693e-10 -1.16908e-16
    0.962643    0.0911996     0.987183     0.835493     0.966357      2986.17     0.032794            0     0.970571      1657.52      2044.04  9.13658e-10 -2.29741e-10 -9.51003e-10            0
    0.966357     0.089052     0.988608     0.834846     0.970076      2981.94     0.032164            0     0.971338      1652.95      2042.38  9.14327e-10 -2.30214e-10 -9.40422e-10            0
    0.970076    0.0869058     0.990032     0.834198       0.9738      2977.68    0.0315276            0       0.9721      1648.34      2040.71   9.1496e-10 -2.30526e-10 -9.29681e-10            0
      0.9738     0.084761     0.991457     0.833548     0.977529      2973.37    0.0308847            0     0.972859      1643.68      2039.03  9.15577e-10 -2.31206e-10 -9.18537e-10  -1.1631e-16
    0.977529    0.0826176     0.992881     0.832896     0.981262      2969.02    0.0302352            0     0.973613      1638.98      2037.34  9.16162e-10 -2.31714e-10 -9.07297e-10            0
    0.981262    0.0804756     0.994305     0.832241        0.985      2964.62    0.0295789            0     0.974362      1634.24      2035.65  9.16721e-10 -2.32237e-10 -8.95749e-10 -1.16015e-16
       0.985     0.078335     0.995729     0.831586     0.988743      2960.18    0.0289157            0     0.975107      1629.45      2033.94  9.17256e-10 -2.32888e-10 -8.83941e-10            0
    0.988743    0.0761959     0.997153     0.830928     0.992491      2955.69    0.0282454            0     0.975846      1624.62      2032.23  9.17765e-10 -2.33413e-10 -8.71877e-10 -1.15722e-16
    0.992491    0.0740582     0.998576     0.830268     0.996243      2951.15    0.0275679            0      0.97658      1619.74       2030.5  9.18254e-10 -2.34136e-10 -8.59396e-10 -1.15577e-16
    0.996243    0.0719219            1     0.829607            1      2946.57    0.0268832            0     0.977309      1614.81      2028.77   9.1849e-10 -2.34775e-10 -8.52948e-10 -2.96659e-14
           1    0.0708542            1     0.829276            1      2944.26    0.0268832            0     0.977673      1612.33      2027.89            0            0            0            0