       0.001            1     0.053762      1.53633 -5.62916e-15 -1.39545e-15
       0.002     0.982743    0.0678572      1.51996           -0 -3.45145e-16
       0.003     0.973676    0.0777729      1.51132 -1.29864e-14 -2.57387e-15
       0.004     0.965795    0.0856887      1.50378 -2.43265e-16 -1.53662e-15
       0.005     0.958664    0.0923908      1.49694 -8.41668e-15  1.01975e-15
       0.006     0.952069    0.0982638      1.49059  1.07977e-14 -3.55399e-15
       0.007     0.945883     0.103528      1.48462  8.58967e-15 -3.37121e-16
       0.008     0.940027     0.108323      1.47896 -7.29963e-15  8.39586e-16
       0.009     0.934442     0.112742      1.47355 -6.96609e-15 -4.85178e-15
        0.01     0.929088     0.116854      1.46835 -6.56233e-15 -5.00136e-16
       0.011     0.923933     0.120708      1.46333  2.02036e-14            0
       0.012     0.918953     0.124342      1.45847 -1.86959e-14  1.49032e-15
       0.013     0.914128     0.127787      1.45375   5.5531e-15 -9.07803e-15
       0.014     0.909443     0.131065      1.44916 -5.13563e-15 -2.79708e-15
       0.015     0.904883     0.134196      1.44468 -8.77998e-15  1.14818e-14
       0.016     0.900437     0.137196      1.44031  1.79849e-15 -8.83059e-15
       0.017     0.896097     0.140079      1.43604  1.47162e-14  2.93479e-15
       0.018     0.891853     0.142856      1.43185 -4.17609e-15  -1.5444e-14
       0.019     0.887699     0.145537      1.42774 -2.06692e-14  9.40191e-15
        0.02     0.883628     0.148129      1.42371  3.28039e-14  3.23288e-15
       0.021     0.879636     0.150641      1.41975 -2.23506e-14 -7.57613e-15
       0.022     0.875716     0.153078      1.41585  5.40574e-15  9.48436e-15
       0.023     0.871866     0.155446      1.41201 -1.83273e-15 -1.12222e-14
       0.024     0.868079      0.15775      1.40824  5.23925e-15  2.71809e-15
       0.025     0.864355     0.159995      1.40452 -1.12356e-14  4.78395e-16
       0.026     0.860688     0.162184      1.40085 -3.24198e-15 -6.04384e-15
       0.027     0.857076     0.164321      1.39723  2.07131e-15  1.07873e-14
       0.028     0.853516     0.166409      1.39365 -1.64357e-14 -8.06981e-15
       0.029     0.850007     0.168451      1.39012  4.12174e-14 -2.36746e-15
        0.03     0.846545      0.17045      1.38664 -4.06257e-15 -3.93588e-15
       0.031     0.843129     0.172408      1.38319  8.74496e-15 -8.00924e-15
       0.032     0.839757     0.174326      1.37978 -2.18775e-14 -1.56657e-16
       0.033     0.836427     0.176208      1.37641  1.31819e-15  4.53196e-15
       0.034     0.833137     0.178056      1.37308 -1.86749e-15 -5.30046e-15
       0.035     0.829886     0.179869      1.36978 -1.65979e-14  1.25972e-14
       0.036     0.826672     0.181652      1.36651 -1.63766e-14 -6.51631e-15
       0.037     0.823494     0.183404      1.36328  4.12561e-14 -3.71479e-15
       0.038     0.820351     0.185127      1.36007   -3.947e-14 -9.11073e-15
       0.039     0.817242     0.186823       1.3569  2.56513e-14  9.24352e-16
        0.04     0.814164     0.188492      1.35375  1.85114e-15  3.38143e-15
       0.041     0.811119     0.190136      1.35063  1.00683e-15  5.36716e-15
       0.042     0.808104     0.191755      1.34754 -2.41121e-14 -9.48578e-15
       0.043     0.805118     0.193352      1.34448  2.69853e-14 -9.61684e-15
       0.044     0.802161     0.194926      1.34143  1.92466e-15  6.39673e-15
       0.045     0.799232     0.196478      1.33842 -1.94256e-14 -1.06372e-15
       0.046     0.796329      0.19801      1.33543 -2.26186e-15 -2.12269e-15
       0.047     0.793453     0.199521      1.33246  1.52141e-16 -1.72463e-14
       0.048     0.790603     0.201014      1.32951  1.70361e-14  1.28306e-14
       0.049     0.787777     0.202488      1.32658 -2.08986e-14  4.97035e-15
        0.05     0.784976     0.203943      1.32368   3.1692e-14  1.65315e-15
       0.051     0.782198     0.205382      1.32079 -3.96701e-14 -2.99918e-15
       0.052     0.779443     0.206803      1.31793 -6.34852e-16  1.04744e-15
       0.053      0.77671     0.208209      1.31508 -2.71991e-15  4.47933e-15
       0.054        0.774     0.209598      1.31226  1.04823e-14 -1.69849e-14
       0.055     0.771311     0.210973      1.30945 -2.63294e-14 -5.79818e-15
       0.056     0.768642     0.212332      1.30666  3.37386e-14  1.29068e-14
       0.057     0.765994     0.213677      1.30389 -1.32018e-15 -7.99415e-15
       0.058     0.763366     0.215008      1.30113 -8.14658e-15 -9.30681e-15
       0.059     0.760758     0.216326      1.29839  5.35944e-15  6.04407e-15
        0.06     0.758168     0.217631      1.29567  8.94109e-15  9.56197e-15
       0.061     0.755598     0.218922      1.29297 -2.49766e-14   6.0188e-15
       0.062     0.753045     0.220202      1.29028 -3.42221e-15   2.7834e-15
       0.063     0.750511     0.221469       1.2876  4.47992e-15 -2.07591e-14
       0.064     0.747994     0.222725      1.28494  4.68427e-15  1.45889e-16
       0.065     0.745494     0.223969       1.2823  1.57204e-14  1.81986e-14
       0.066     0.743011     0.225202      1.27967 -3.23553e-14 -1.99048e-14
       0.067     0.740545     0.226424      1.27705 -2.46044e-14  6.08973e-15
       0.068     0.738095     0.227635      1.27445  2.40529e-14  9.26068e-15
       0.069     0.735661     0.228836      1.27187  4.84171e-14 -1.44404e-14
        0.07     0.733242     0.230027      1.26929 -4.52978e-14 -1.06643e-14
       0.071     0.730839     0.231208      1.26673  2.23381e-14  1.42383e-14
       0.072     0.728451      0.23238      1.26418 -2.77774e-14 -1.89462e-14
       0.073     0.726078     0.233542      1.26164 -1.37907e-14 -3.43785e-15
       0.074      0.72372     0.234695      1.25912 -9.80497e-15 -3.28802e-15
       0.075     0.721375     0.235839      1.25661  5.26715e-14 -1.42672e-15
       0.076     0.719045     0.236975      1.25411  -3.6323e-14  2.64842e-14
       0.077     0.716729     0.238101      1.25162 -5.46187e-15 -2.17422e-14
       0.078     0.714426      0.23922      1.24915 -9.66163e-15  8.93496e-15
       0.079     0.712137      0.24033      1.24668  3.65841e-14 -1.34468e-14
        0.08     0.709861     0.241432      1.24423 -4.02436e-15  1.65282e-14
       0.081     0.707598     0.242527      1.24179  1.34908e-15 -7.61341e-15
       0.082     0.705348     0.243614      1.23935 -1.93811e-14 -2.63133e-14
       0.083      0.70311     0.244693      1.23693 -6.04163e-15  4.91533e-15
       0.084     0.700885     0.245765      1.23452  4.48766e-14   1.8782e-14
       0.085     0.698672     0.246829      1.23212 -5.63534e-14   -2.588e-14
       0.086     0.696471     0.247887      1.22973  3.60557e-14  1.99657e-14
       0.087     0.694282     0.248938      1.22735 -2.13114e-14 -6.82817e-15
       0.088     0.692104     0.249982      1.22498  1.38161e-14  2.08622e-15
       0.089     0.689938     0.251019      1.22262 -8.05157e-15  1.34649e-14
        0.09     0.687784      0.25205      1.22027 -4.24919e-15 -5.40331e-14
       0.091     0.685641     0.253074      1.21793 -1.64747e-14  4.82599e-14
       0.092     0.683508     0.254092       1.2156  2.16704e-14  8.14292e-15
       0.093     0.681387     0.255104      1.21327 -2.75344e-14 -5.81313e-14
       0.094     0.679276      0.25611      1.21096   2.1478e-14  3.32724e-14
       0.095     0.677176     0.257109      1.20865 -2.88502e-14 -1.92118e-15
       0.096     0.675087     0.258103      1.20636  -5.2147e-15  1.34227e-14
       0.097     0.673008     0.259092      1.20407  1.48829e-14 -2.74781e-14
       0.098     0.670939     0.260074      1.20179 -6.74062e-15  5.59438e-15
       0.099      0.66888     0.261052      1.19952  5.43987e-14  1.52533e-14
         0.1     0.666831     0.262023      1.19726 -5.52991e-14  5.43734e-15
       0.101     0.664792      0.26299        1.195 -3.03464e-14 -5.26429e-14
       0.102     0.662763     0.263951      1.19276  2.16869e-14  3.72412e-14
       0.103     0.660743     0.264907      1.19052  5.02662e-14 -4.16319e-14
       0.104     0.658733     0.265858      1.18829 -2.99108e-14 -1.44359e-14
       0.105     0.656732     0.266803      1.18607  4.13729e-14  7.86431e-14
       0.106      0.65474     0.267744      1.18385 -1.96881e-15 -3.54846e-14
       0.107     0.652758     0.268681      1.18164 -8.92222e-14  3.74309e-14
       0.108     0.650785     0.269612      1.17945  6.77731e-14 -2.31666e-14
       0.109      0.64882     0.270539      1.17725 -6.43094e-15 -2.75344e-14
        0.11     0.646864     0.271461      1.17507  1.43675e-14  1.60097e-15
       0.111     0.644917     0.272378      1.17289 -7.88701e-14  3.40907e-14
       0.112     0.642979     0.273292      1.17072   7.6635e-14 -3.56227e-14
       0.113     0.641049       0.2742      1.16856 -2.57326e-14  5.17432e-15
       0.114     0.639128     0.275105       1.1664  1.22424e-14 -1.66862e-14
       0.115     0.637215     0.276005      1.16425  6.14779e-15  4.81157e-14
       0.116     0.635311     0.276901      1.16211 -6.27722e-14  1.26665e-14
       0.117     0.633414     0.277793      1.15997  5.06398e-14 -4.68852e-14
       0.118     0.631526     0.278681      1.15784 -3.52876e-14 -1.84042e-15
       0.119     0.629645     0.279564      1.15572  2.07295e-14 -2.92615e-14
        0.12     0.627773     0.280444       1.1536  3.48884e-16   3.9817e-14
       0.121     0.625908      0.28132      1.15149 -1.82179e-14 -6.75913e-14
       0.122     0.624052     0.282192      1.14939  6.28552e-14  1.01137e-13
       0.123     0.622202     0.283061      1.14729 -4.76896e-14 -4.97596e-14
       0.124     0.620361     0.283925       1.1452  9.45888e-16  9.75174e-15
       0.125     0.618527     0.284786      1.14312  4.54695e-14 -1.47957e-14
       0.126       0.6167     0.285643      1.14104 -3.33765e-14   -2.306e-14
       0.127     0.614881     0.286497      1.13897 -4.15301e-14  6.29766e-14
       0.128      0.61307     0.287347       1.1369 -2.88394e-15  1.76841e-14
       0.129     0.611265     0.288194      1.13484  5.85125e-14 -4.26483e-14
        0.13     0.609468     0.289038      1.13279 -1.09011e-14  1.62053e-14
       0.131     0.607677     0.289878      1.13074   -5.691e-14 -2.91425e-14
       0.132     0.605894     0.290714      1.12869  3.16189e-14 -2.38357e-14
       0.133     0.604118     0.291548      1.12666  8.45649e-15  1.13847e-14
       0.134     0.602349     0.292378      1.12462  2.46069e-16 -4.21367e-15
       0.135     0.600586     0.293204       1.1226  2.05028e-14  3.12269e-14
       0.136     0.598831     0.294028      1.12058 -4.66188e-14  4.07128e-15
       0.137     0.597082     0.294849      1.11856  3.38534e-14 -3.87346e-14
       0.138      0.59534     0.295666      1.11655 -5.30974e-14 -3.49887e-14
       0.139     0.593604     0.296481      1.11455   2.8844e-14  1.39197e-14
        0.14     0.591875     0.297292      1.11255  5.08562e-14   2.1979e-14
       0.141     0.590152     0.298101      1.11056 -4.15705e-14  3.27833e-15
       0.142     0.588436     0.298907      1.10857  7.99005e-15  3.39832e-15
       0.143     0.586726     0.299709      1.10658  -2.3932e-14  3.31686e-14
       0.144     0.585023     0.300509      1.10461   2.7598e-14 -9.90771e-14
       0.145     0.583326     0.301306      1.10263 -4.23189e-14  8.32514e-14
       0.146     0.581635       0.3021      1.10066 -6.04932e-15  1.63706e-14
       0.147      0.57995     0.302892       1.0987    1.886e-14 -5.78811e-14
       0.148     0.578272     0.303681      1.09674 -1.52984e-14  4.60729e-14
       0.149     0.576599     0.304467      1.09479  2.12089e-14 -2.29954e-14
        0.15     0.574933      0.30525      1.09284  3.08178e-14  1.38968e-14
       0.151     0.573272     0.306031       1.0909 -4.54749e-14  -3.3937e-14
       0.152     0.571617      0.30681      1.08896  2.84081e-14  5.81097e-15
       0.153     0.569969     0.307585      1.08703  -7.3648e-14  1.27121e-14
       0.154     0.568326     0.308359       1.0851  8.74184e-14 -5.17436e-15
       0.155     0.566689     0.309129      1.08317 -5.35661e-14 -3.50495e-14
       0.156     0.565057     0.309898      1.08125  4.89519e-14  4.28441e-14
       0.157     0.563432     0.310663      1.07934 -6.71924e-14 -6.16402e-14
       0.158     0.561812     0.311427      1.07743   -4.701e-15  5.50477e-14
       0.159     0.560197     0.312188      1.07552  1.42866e-14  2.82078e-14
        0.16     0.558588     0.312946      1.07362 -2.20447e-14  2.04785e-14
       0.161     0.556985     0.313703      1.07172  1.32993e-14 -3.50439e-14
       0.162     0.555387     0.314457      1.06983  2.96853e-14 -4.85862e-15
       0.163     0.553795     0.315209      1.06794  3.53883e-14 -5.82005e-14
       0.164     0.552208     0.315958      1.06605 -5.71697e-14  8.69046e-14
       0.165     0.550626     0.316705      1.06417 -4.95218e-15 -8.61472e-14
       0.166      0.54905     0.317451       1.0623   4.1821e-14  4.05252e-14
       0.167     0.547479     0.318193      1.06043 -3.15747e-14 -8.18707e-15
       0.168     0.545913     0.318934      1.05856  5.48843e-14  1.33407e-14
       0.169     0.544352     0.319673       1.0567 -4.01499e-14 -5.69879e-14
        0.17     0.542797     0.320409      1.05484  1.76237e-14 -5.38936e-15
       0.171     0.541247     0.321144      1.05298 -1.29106e-14 -9.56423e-15
       0.172     0.539701     0.321876      1.05113 -6.40611e-14  6.20582e-14
       0.173     0.538161     0.322607      1.04928  7.31699e-14 -1.31046e-14
       0.174     0.536626     0.323335      1.04744  -1.5447e-14 -5.49428e-14
       0.175     0.535096     0.324061       1.0456 -3.90984e-14  8.54748e-15
       0.176     0.533571     0.324786      1.04377  5.34886e-14  5.09579e-15
       0.177     0.532051     0.325508      1.04194 -1.86026e-15 -2.12938e-15
       0.178     0.530535     0.326229      1.04011  1.30637e-14 -7.32166e-15
       0.179     0.529025     0.326947      1.03829 -3.38439e-14  3.65441e-14
        0.18     0.527519     0.327664      1.03647 -1.61814e-14 -2.37709e-14
       0.181     0.526018     0.328379      1.03465  9.71072e-15  5.21574e-14
       0.182     0.524522     0.329092      1.03284  9.59611e-15 -2.46258e-15
       0.183     0.523031     0.329803      1.03103 -2.26075e-14  2.98504e-14
       0.184     0.521544     0.330512      1.02923 -4.97469e-15 -1.21296e-13
       0.185     0.520062      0.33122      1.02743  1.86402e-14  5.79756e-14
       0.186     0.518585     0.331925      1.02563  4.26975e-15  4.49486e-14
       0.187     0.517112     0.332629      1.02383 -1.86091e-14 -2.30162e-14
       0.188     0.515644     0.333332      1.02205  6.37047e-15  4.06141e-15
       0.189      0.51418     0.334032      1.02026  1.38207e-14 -7.11242e-14
        0.19     0.512721     0.334731      1.01848 -2.22112e-14  2.04674e-14
       0.191     0.511266     0.335428       1.0167   1.6448e-15 -3.46299e-16
       0.192     0.509816     0.336123      1.01492 -1.87482e-14 -4.95496e-15
       0.193      0.50837     0.336817      1.01315 -1.85046e-14 -2.99079e-15
       0.194     0.506929     0.337509      1.01138  4.16491e-14  3.19226e-14
       0.195     0.505492       0.3382      1.00962 -6.75071e-14 -8.13867e-15
       0.196     0.504059     0.338889      1.00785  4.09913e-14  2.75774e-14
       0.197     0.502631     0.339576       1.0061 -4.43129e-14 -4.94613e-14
       0.198     0.501207     0.340262      1.00434  3.55876e-14  4.81207e-14
       0.199     0.499787     0.340946      1.00259  2.69623e-14 -3.22143e-14
         0.2     0.498372     0.341629      1.00084 -2.91942e-15 -2.52265e-14
       0.201     0.496961      0.34231     0.999095 -9.24672e-16  1.97376e-14
       0.202     0.495554     0.342989     0.997354 -1.73119e-14 -2.43459e-14
       0.203     0.494151     0.343667     0.995615  1.95336e-14  4.69114e-14
       0.204     0.492752     0.344344      0.99388  1.53933e-14 -1.04944e-14
       0.205     0.491358     0.345019     0.992148 -2.69786e-14 -2.05016e-14
       0.206     0.489967     0.345693     0.990419   1.4702e-14  6.08352e-14
       0.207     0.488581     0.346365     0.988694 -2.25883e-14 -3.07575e-14
       0.208     0.487198     0.347036     0.986971 -4.09037e-15 -4.26942e-14
       0.209      0.48582     0.347705     0.985252  -5.6801e-15 -5.50366e-14
        0.21     0.484446     0.348373     0.983536  7.59548e-15   7.5376e-14
       0.211     0.483075      0.34904     0.981823 -1.87264e-14  6.24252e-15
       0.212     0.481709     0.349705     0.980113 -2.38735e-15 -1.64694e-14
       0.213     0.480347     0.350369     0.978406  3.71905e-14 -4.65449e-14
       0.214     0.478988     0.351031     0.976703  9.44443e-15  8.09513e-14
       0.215     0.477633     0.351692     0.975002 -5.28158e-14   -1.014e-13
       0.216     0.476283     0.352352     0.973304  5.42548e-14  1.15148e-13
       0.217     0.474936      0.35301     0.971609 -6.78102e-15 -6.94978e-14
       0.218     0.473593     0.353668     0.969918  -2.7687e-14  1.18932e-14
       0.219     0.472254     0.354323     0.968229  3.91316e-14  1.80285e-14
        0.22     0.470918     0.354978     0.966543 -1.07469e-14   4.8724e-14
       0.221     0.469586     0.355631      0.96486    -3.87e-14 -6.59477e-14
       0.222     0.468258     0.356283      0.96318  1.37551e-14 -2.18714e-16
       0.223     0.466934     0.356934     0.961503 -1.54359e-14 -2.77283e-14
       0.224     0.465614     0.357584     0.959829 -1.76199e-14   5.5578e-14
       0.225     0.464297     0.358232     0.958157  1.23849e-14 -5.13473e-14
       0.226     0.462984     0.358879     0.956489  3.90798e-14  3.10588e-14
       0.227     0.461674     0.359525     0.954823 -5.13104e-14  -3.4257e-14
       0.228     0.460368      0.36017      0.95316  1.01573e-14 -3.67946e-14
       0.229     0.459066     0.360813       0.9515  2.13728e-14  5.12066e-14
        0.23     0.457768     0.361456     0.949843 -2.89664e-14 -2.56666e-14
       0.231     0.456473     0.362097     0.948188 -1.17528e-15 -4.02629e-14
       0.232     0.455181     0.362737     0.946537  4.36049e-14  5.33038e-14
       0.233     0.453893     0.363376     0.944887 -1.89079e-14  -8.5824e-16
       0.234     0.452609     0.364014     0.943241 -2.20067e-14 -4.86203e-14
       0.235     0.451328     0.364651     0.941597   4.5831e-15  3.74173e-14
       0.236      0.45005     0.365286     0.939956 -1.49782e-14 -5.76289e-15
       0.237     0.448776     0.365921     0.938318  2.08216e-14 -3.92046e-14
       0.238     0.447506     0.366554     0.936683 -5.13396e-15 -8.72058e-15
       0.239     0.446239     0.367186      0.93505   1.9047e-14 -8.28072e-15
        0.24     0.444975     0.367818     0.933419 -1.56573e-14   7.2065e-14
       0.241     0.443715     0.368448     0.931791  3.79547e-15 -7.34205e-14
       0.242     0.442458     0.369077     0.930166 -1.45307e-14  3.97088e-14
       0.243     0.441204     0.369705     0.928544  6.24415e-15 -2.15066e-14
       0.244     0.439954     0.370332     0.926924 -1.56521e-14  3.97809e-14
       0.245     0.438707     0.370958     0.925306   7.4982e-15 -8.61466e-15
       0.246     0.437464     0.371583     0.923691  3.47934e-14  5.99876e-14
       0.247     0.436224     0.372207     0.922079 -2.87502e-14  -4.5645e-14
       0.248     0.434987      0.37283     0.920469  1.21282e-14 -2.88441e-14
       0.249     0.433753     0.373452     0.918862  1.58613e-15 -4.54858e-14
        0.25     0.432523     0.374073     0.917257 -1.60799e-14 -2.12452e-14
       0.251     0.431295     0.374693     0.915654 -1.71853e-14  1.00842e-13
       0.252     0.430071     0.375312     0.914055  7.28299e-15  3.69455e-14
       0.253     0.428851      0.37593     0.912457 -8.72691e-15 -8.72295e-14
       0.254     0.427633     0.376548     0.910862  3.48206e-14  7.94242e-14
       0.255     0.426419     0.377164     0.909269  1.79034e-15 -1.17689e-14
       0.256     0.425208     0.377779     0.907679  6.10304e-15 -9.74905e-14
       0.257        0.424     0.378393     0.906092 -4.55321e-14  1.58428e-14
       0.258     0.422795     0.379007     0.904506 -5.05222e-15  2.91655e-14
       0.259     0.421593     0.379619     0.902923  4.34171e-15 -2.05031e-15
        0.26     0.420394     0.380231     0.901343  7.07355e-15  1.76018e-14
       0.261     0.419199     0.380842     0.899764 -3.00039e-14 -1.22588e-15
       0.262     0.418006     0.381452     0.898188  3.64622e-15  -6.9345e-15
       0.263     0.416817     0.382061     0.896615  9.13902e-16 -5.45644e-14
       0.264     0.415631     0.382669     0.895043  3.02363e-14  5.12169e-14
       0.265     0.414447     0.383276     0.893474 -5.14416e-14  4.80839e-14
       0.266     0.413267     0.383883     0.891908  2.96547e-14   -1.361e-13
       0.267      0.41209     0.384488     0.890343  3.39777e-14  5.27675e-14
       0.268     0.410916     0.385093     0.888781 -4.16548e-14  3.73367e-14
       0.269     0.409744     0.385697     0.887221  8.72338e-15  1.61172e-15
        0.27     0.408576       0.3863     0.885664   9.1177e-15 -3.62001e-14
       0.271     0.407411     0.386902     0.884108 -2.23857e-14 -3.63373e-14
       0.272     0.406248     0.387503     0.882555  2.13203e-14   7.1545e-14
       0.273     0.405089     0.388104     0.881004 -1.61244e-14  1.32036e-14
       0.274     0.403932     0.388704     0.879456  8.64645e-15 -2.49628e-14
       0.275     0.402779     0.389303     0.877909   5.6532e-16  1.19611e-15
       0.276     0.401628     0.389901     0.876365  2.24807e-14  3.18401e-14
       0.277      0.40048     0.390498     0.874823 -1.13633e-14 -5.76085e-14
       0.278     0.399335     0.391095     0.873283 -2.63909e-14 -7.93202e-15
       0.279     0.398193     0.391691     0.871745  2.13179e-14 -2.77132e-15
        0.28     0.397054     0.392286     0.870209  3.81627e-16  8.10171e-15
       0.281     0.395917     0.392881     0.868676 -2.67805e-15 -3.05744e-14
       0.282     0.394784     0.393474     0.867144 -9.20476e-15  3.81999e-14
       0.283     0.393653     0.394067     0.865615 -2.65295e-14 -6.48646e-15
       0.284     0.392525     0.394659     0.864088  5.64669e-14 -6.53388e-14
       0.285       0.3914     0.395251     0.862563 -4.48218e-14  8.99026e-14
       0.286     0.390278     0.395841      0.86104  3.56362e-14 -1.17508e-13
       0.287     0.389158     0.396431     0.859519 -5.61104e-14  1.21399e-13
       0.288     0.388041     0.397021        0.858  3.13358e-14  3.93557e-14
       0.289     0.386927     0.397609     0.856483  2.92668e-14 -1.45864e-13
        0.29     0.385816     0.398197     0.854969 -2.60137e-14  1.34346e-13
       0.291     0.384707     0.398784     0.853456 -2.29404e-14 -3.23643e-14
       0.292     0.383601     0.399371     0.851945  1.55276e-14 -8.80221e-14
       0.293     0.382498     0.399957     0.850437 -3.50719e-14   8.0528e-14
       0.294     0.381397     0.400542      0.84893  2.96272e-14  1.11807e-14
       0.295       0.3803     0.401126     0.847425 -3.84113e-14 -2.63628e-14
       0.296     0.379204      0.40171     0.845923  1.94509e-14  1.17174e-14
       0.297     0.378112     0.402293     0.844422  5.57093e-15  2.03252e-14
       0.298     0.377022     0.402876     0.842924  1.45595e-14 -7.94338e-14
       0.299     0.375935     0.403457     0.841427 -2.91896e-14  2.50298e-14
         0.3      0.37485     0.404039     0.839932 -2.50516e-14  8.01055e-14
       0.301     0.373768     0.404619     0.838439  5.42424e-14 -2.58928e-14
       0.302     0.372689     0.405199     0.836949  2.07424e-14 -1.01487e-13
       0.303     0.371612     0.405778      0.83546 -3.16934e-14  2.25757e-14
       0.304     0.370538     0.406357     0.833973 -3.98639e-14  2.10205e-14
       0.305     0.369466     0.406935     0.832488  5.59842e-14 -3.95087e-14
       0.306     0.368397     0.407513     0.831005 -2.03329e-16 -3.26451e-14
       0.307     0.367331     0.408089     0.829523 -2.03816e-14  1.36375e-13
       0.308     0.366267     0.408666     0.828044 -3.59576e-14 -4.41866e-14
       0.309     0.365206     0.409241     0.826567  2.41656e-14 -9.96647e-14
        0.31     0.364147     0.409816     0.825091  8.00601e-15  1.23656e-13
       0.311     0.363091     0.410391     0.823617  -3.7039e-15 -1.16702e-13
       0.312     0.362037     0.410965     0.822146  3.03205e-14  2.35228e-14
       0.313     0.360985     0.411538     0.820676 -6.82285e-14 -6.70877e-15
       0.314     0.359937     0.412111     0.819208  8.43484e-14  3.57161e-14
       0.315      0.35889     0.412683     0.817741 -5.56733e-14  6.74049e-14
       0.316     0.357847     0.413255     0.816277  5.66381e-14 -1.46987e-13
       0.317     0.356805     0.413826     0.814814 -4.82146e-14   1.1638e-13
       0.318     0.355766     0.414396     0.813353  2.92901e-14  1.84692e-16
       0.319      0.35473     0.414966     0.811894 -3.77476e-14 -2.67323e-14
        0.32     0.353696     0.415536     0.810437 -6.93671e-15 -5.33687e-14
       0.321     0.352664     0.416105     0.808982   1.1167e-14 -7.34797e-15
       0.322     0.351635     0.416673     0.807528 -3.80149e-15  6.43626e-14
       0.323     0.350608     0.417241     0.806076  6.77408e-15 -5.49119e-16
       0.324     0.349584     0.417808     0.804626 -1.31556e-14 -1.77229e-14
       0.325     0.348562     0.418375     0.803178 -1.36118e-14  2.18858e-14
       0.326     0.347543     0.418941     0.801732  3.34696e-14 -1.42001e-14
       0.327     0.346525     0.419507     0.800287 -5.51296e-14  4.54312e-15
       0.328     0.345511     0.420072     0.798844   4.6477e-14  3.13817e-14
       0.329     0.344498     0.420637     0.797402 -2.85524e-14  -9.0535e-14
        0.33     0.343488     0.421201     0.795963  2.77582e-14  1.30677e-13
       0.331      0.34248     0.421765     0.794525 -2.54503e-14 -5.10579e-14
       0.332     0.341475     0.422329     0.793089  1.94564e-15 -2.10706e-14
       0.333     0.340472     0.422891     0.791654 -1.95016e-15  2.26504e-14
       0.334     0.339471     0.423454     0.790222 -2.84514e-14 -9.65384e-14
       0.335     0.338473     0.424016     0.788791 -8.27222e-15  5.21223e-14
       0.336     0.337477     0.424577     0.787361   6.4149e-14  2.52094e-14
       0.337     0.336483     0.425138     0.785934  1.92454e-14 -4.35456e-14
       0.338     0.335491     0.425698     0.784508 -2.89348e-14  2.86808e-14
       0.339     0.334502     0.426258     0.783083 -2.85622e-15 -1.12026e-14
        0.34     0.333515     0.426818     0.781661  5.28517e-15 -6.44308e-14
       0.341     0.332531     0.427377      0.78024  4.85589e-15  5.24431e-14
       0.342     0.331548     0.427936      0.77882 -5.95109e-14 -2.67044e-14
       0.343     0.330568     0.428494     0.777403  6.43041e-15  4.73097e-14
       0.344      0.32959     0.429052     0.775987  8.77877e-15  1.58586e-14
       0.345     0.328614     0.429609     0.774572  5.61347e-14 -1.44754e-13
       0.346     0.327641     0.430166      0.77316 -2.76851e-14  2.03655e-13
       0.347      0.32667     0.430723     0.771748 -2.58464e-14 -9.56835e-14
       0.348     0.325701     0.431279     0.770339  2.70269e-14  1.83671e-14
       0.349     0.324734     0.431835     0.768931  7.30606e-15 -3.56194e-14
        0.35     0.323769      0.43239     0.767524 -3.41352e-14 -1.18514e-14
       0.351     0.322807     0.432945      0.76612  1.88566e-14  7.60233e-14
       0.352     0.321847     0.433499     0.764717 -1.93523e-14 -1.07662e-14
       0.353     0.320889     0.434053     0.763315  1.24771e-14 -7.74783e-14
       0.354     0.319933     0.434607     0.761915 -6.82118e-15  1.79932e-14
       0.355     0.318979      0.43516     0.760517 -1.41291e-14 -4.24828e-14
       0.356     0.318028     0.435713      0.75912  4.85363e-14  5.08512e-14
       0.357     0.317078     0.436265     0.757724 -2.24345e-14  6.53828e-15
       0.358     0.316131     0.436818     0.756331  -6.5391e-14 -7.33345e-14
       0.359     0.315186     0.437369     0.754938  6.20895e-14  2.34856e-14
        0.36     0.314243     0.437921     0.753548 -4.25237e-14  2.51534e-14
       0.361     0.313302     0.438472     0.752158  2.52946e-14  2.52778e-14
       0.362     0.312364     0.439022     0.750771 -1.11131e-14  4.43251e-15
       0.363     0.311427     0.439573     0.749385  4.47846e-14 -8.44025e-14
       0.364     0.310493     0.440122        0.748  2.32567e-15  6.84503e-14
       0.365      0.30956     0.440672     0.746617 -5.08137e-14  2.54307e-14
       0.366      0.30863     0.441221     0.745236  2.86178e-14 -7.47971e-14
       0.367     0.307702      0.44177     0.743856  2.62236e-14  5.79364e-14
       0.368     0.306776     0.442319     0.742477 -3.54344e-14 -8.05897e-14
       0.369     0.305852     0.442867       0.7411 -1.42291e-14  1.08207e-13
        0.37      0.30493     0.443415     0.739724  4.40793e-14 -1.73012e-14
       0.371      0.30401     0.443962      0.73835   -4.028e-14 -7.27648e-14
       0.372     0.303092     0.444509     0.736978  1.69294e-14 -1.27185e-14
       0.373     0.302176     0.445056     0.735607  -8.8989e-15 -3.65813e-14
       0.374     0.301262     0.445602     0.734237 -6.54044e-15  1.16709e-14
       0.375     0.300351     0.446149     0.732869 -1.53745e-14  7.55529e-14
       0.376     0.299441     0.446695     0.731502  2.04257e-14  3.82043e-14
       0.377     0.298533      0.44724     0.730137 -4.39353e-14  -1.3131e-13
       0.378     0.297627     0.447785     0.728773  1.16382e-14  9.20102e-14
       0.379     0.296724      0.44833      0.72741 -7.21489e-15  4.87271e-14
        0.38     0.295822     0.448875     0.726049  5.73654e-14 -3.59411e-14
       0.381     0.294923     0.449419      0.72469 -4.81926e-14 -5.06841e-14
       0.382     0.294025     0.449963     0.723331  4.70891e-14  6.11011e-14
       0.383     0.293129     0.450507     0.721975 -3.22712e-14 -3.31163e-14
       0.384     0.292236      0.45105     0.720619 -3.28291e-14  3.55087e-14
       0.385     0.291344     0.451594     0.719266  9.74868e-15 -2.40091e-14
       0.386     0.290454     0.452136     0.717913 -9.15962e-15 -5.16773e-14
       0.387     0.289566     0.452679     0.716562  3.05996e-14 -5.87394e-14
       0.388     0.288681     0.453221     0.715212 -2.99313e-14  1.06864e-13
       0.389     0.287797     0.453763     0.713864  8.60581e-15 -1.25628e-13
        0.39     0.286915     0.454305     0.712517 -1.66336e-14  1.32672e-13
       0.391     0.286035     0.454847     0.711171  3.81564e-14  1.61489e-15
       0.392     0.285157     0.455388     0.709827 -3.96019e-15 -9.68715e-14
       0.393     0.284281     0.455929     0.708484 -5.28361e-14  5.53423e-14
       0.394     0.283407      0.45647     0.707143  2.99567e-14 -3.74138e-14
       0.395     0.282534      0.45701     0.705803 -1.37033e-14  3.10924e-14
       0.396     0.281664      0.45755     0.704464 -2.62183e-15  6.07871e-15
       0.397     0.280796      0.45809     0.703127   2.3273e-14  -1.2294e-14
       0.398     0.279929      0.45863     0.701791 -1.19129e-14   4.1274e-14
       0.399     0.279065     0.459169     0.700456 -1.13106e-14 -4.10364e-14
         0.4     0.278202     0.459709     0.699123  1.82627e-14 -5.39761e-15
       0.401     0.277341     0.460248     0.697791  2.81483e-14 -8.08098e-15
       0.402     0.276482     0.460786      0.69646  2.08729e-14  1.29682e-14
       0.403     0.275625     0.461325     0.695131 -9.31828e-14  5.74562e-14
       0.404      0.27477     0.461863     0.693802  3.68465e-14 -2.44195e-14
       0.405     0.273917     0.462401     0.692476  1.12055e-14 -6.58851e-14
       0.406     0.273065     0.462939      0.69115 -2.02905e-14  2.25998e-14
       0.407     0.272216     0.463477     0.689826  2.40437e-14  1.15915e-14
       0.408     0.271368     0.464014     0.688503 -4.43473e-14  -1.8292e-14
       0.409     0.270522     0.464552     0.687182 -3.59663e-15 -2.15337e-14
        0.41     0.269678     0.465089     0.685862 -2.08545e-14  1.05904e-14
       0.411     0.268836     0.465625     0.684543  9.03085e-14 -3.48191e-14
       0.412     0.267995     0.466162     0.683225 -1.29293e-16  6.03507e-14
       0.413     0.267157     0.466698     0.681909 -6.80268e-14  5.62085e-14
       0.414      0.26632     0.467235     0.680594  5.66176e-14 -1.17455e-13
       0.415     0.265485     0.467771      0.67928 -2.40758e-14  5.24441e-14
       0.416     0.264652     0.468306     0.677967 -3.49533e-14  7.38956e-15
       0.417     0.263821     0.468842     0.676656 -1.43777e-14    4.671e-14
       0.418     0.262991     0.469378     0.675346  5.97315e-14  -9.6153e-14
       0.419     0.262163     0.469913     0.674037 -2.25792e-14  -3.2448e-14
        0.42     0.261337     0.470448      0.67273  3.68367e-15  -1.5276e-14
       0.421     0.260513     0.470983     0.671423 -2.42595e-14  5.33621e-14
       0.422     0.259691     0.471518     0.670118  -1.7177e-14  3.04334e-15
       0.423      0.25887     0.472052     0.668814  6.50169e-14  3.20448e-14
       0.424     0.258052     0.472586     0.667512 -5.60012e-14   5.9569e-14
       0.425     0.257235     0.473121      0.66621  1.78209e-14 -3.82737e-14
       0.426     0.256419     0.473655      0.66491  1.65267e-14  2.11378e-14
       0.427     0.255606     0.474189     0.663611 -6.14413e-14 -2.95351e-14
       0.428     0.254794     0.474722     0.662314  1.20471e-14 -6.31658e-15
       0.429     0.253984     0.475256     0.661017   7.6061e-14 -6.46933e-14
        0.43     0.253176     0.475789     0.659722 -3.84488e-14 -2.09729e-15
       0.431      0.25237     0.476323     0.658428 -1.38768e-14  4.02188e-14
       0.432     0.251565     0.476856     0.657135 -2.36281e-14 -2.56656e-14
       0.433     0.250762     0.477389     0.655844  5.50708e-14  1.06333e-13
       0.434     0.249961     0.477922     0.654553 -5.01724e-14 -1.04637e-13
       0.435     0.249161     0.478454     0.653264  1.26381e-14  9.56791e-14
       0.436     0.248363     0.478987     0.651976  2.24708e-14 -7.74287e-14
       0.437     0.247567      0.47952     0.650689 -1.66506e-14 -4.58041e-15
       0.438     0.246773     0.480052     0.649403  2.31148e-14 -2.53637e-14
       0.439      0.24598     0.480584     0.648119 -8.90947e-15 -2.08983e-14
        0.44     0.245189     0.481116     0.646835  1.14012e-14   1.9535e-14
       0.441       0.2444     0.481648     0.645553 -4.21238e-14  5.42379e-14
       0.442     0.243612      0.48218     0.644272 -3.31094e-15 -4.43283e-14
       0.443     0.242826     0.482712     0.642992  1.61755e-14  2.10251e-14
       0.444     0.242042     0.483243     0.641714  -2.0921e-14 -7.27128e-14
       0.445     0.241259     0.483775     0.640436   1.4579e-14  6.82052e-14
       0.446     0.240479     0.484306      0.63916  1.86456e-14  6.71985e-14
       0.447     0.239699     0.484837     0.637885 -1.95223e-14 -1.11098e-13
       0.448     0.238922     0.485369     0.636611  8.66415e-15  2.96344e-14
       0.449     0.238146       0.4859     0.635338 -3.31905e-14 -4.78974e-14
        0.45     0.237372     0.486431     0.634066  2.94725e-14  5.90319e-14
       0.451     0.236599     0.486962     0.632795  -1.1111e-14  5.56087e-14
       0.452     0.235828     0.487492     0.631526 -1.64909e-14 -4.30211e-15
       0.453     0.235059     0.488023     0.630257   1.6385e-14 -9.96084e-14
       0.454     0.234292     0.488554      0.62899 -4.10504e-15  2.28524e-14
       0.455     0.233526     0.489084     0.627724  1.41856e-15 -5.27399e-15
       0.456     0.232761     0.489615     0.626459 -8.52963e-16  7.73856e-14
       0.457     0.231999     0.490145     0.625195  3.36218e-14 -9.65368e-14
       0.458     0.231238     0.490675     0.623932  -2.7983e-14 -2.59273e-14
       0.459     0.230478     0.491206      0.62267 -1.03015e-14  3.11064e-15
        0.46     0.229721     0.491736     0.621409  1.73493e-14  6.20868e-15
       0.461     0.228964     0.492266      0.62015 -2.93126e-14  5.82996e-14
       0.462      0.22821     0.492796     0.618891  1.87196e-15 -3.69606e-14
       0.463     0.227457     0.493326     0.617634 -2.16457e-15 -2.06166e-14
       0.464     0.226706     0.493856     0.616378  1.34491e-14  1.69356e-14
       0.465     0.225956     0.494386     0.615123 -9.41998e-15  6.67665e-14
       0.466     0.225208     0.494916     0.613868  1.07472e-14 -1.02873e-13
       0.467     0.224461     0.495445     0.612615  1.67375e-14  1.13096e-13
       0.468     0.223716     0.495975     0.611363 -4.85695e-14 -4.63676e-14
       0.469     0.222973     0.496505     0.610113  4.44345e-14  1.93958e-14
        0.47     0.222231     0.497034     0.608863 -1.49408e-14 -4.68692e-14
       0.471     0.221491     0.497564     0.607614 -6.31202e-15 -5.58794e-14
       0.472     0.220752     0.498093     0.606366  1.61815e-15  3.78649e-14
       0.473     0.220015     0.498623      0.60512   1.5479e-14  1.34797e-13
       0.474      0.21928     0.499152     0.603874 -2.62966e-14 -1.38496e-13
       0.475     0.218546     0.499682      0.60263  1.05115e-14  2.91473e-14
       0.476     0.217814     0.500211     0.601386  1.23143e-14 -1.43114e-13
       0.477     0.217083     0.500741     0.600144 -3.64271e-14  1.33552e-13
       0.478     0.216354      0.50127     0.598902  2.23499e-15 -1.82234e-14
       0.479     0.215626     0.501799     0.597662  1.71715e-14  6.29713e-14
        0.48       0.2149     0.502329     0.596423 -2.48396e-14  -1.7701e-13
       0.481     0.214175     0.502858     0.595184 -1.49955e-16  9.79847e-14
       0.482     0.213452     0.503387     0.593947  1.42761e-14 -5.85337e-14
       0.483     0.212731     0.503917     0.592711 -2.22882e-14  8.29072e-14
       0.484     0.212011     0.504446     0.591476 -5.73485e-15  5.60069e-14
       0.485     0.211293     0.504975     0.590241  8.62062e-15 -1.30946e-13
       0.486     0.210576     0.505504     0.589008  4.53169e-14  6.27282e-14
       0.487      0.20986     0.506034     0.587776 -2.24789e-14  8.95578e-14
       0.488     0.209146     0.506563     0.586545 -9.74135e-15 -4.39526e-14
       0.489     0.208434     0.507092     0.585315  1.63211e-14   1.1736e-13
        0.49     0.207723     0.507621     0.584086 -2.72088e-14 -1.24673e-14
       0.491     0.207014     0.508151     0.582858  2.68073e-14 -1.74705e-13
       0.492     0.206306      0.50868      0.58163 -9.36417e-15 -6.59047e-14
       0.493       0.2056     0.509209     0.580404 -1.18455e-14  1.77001e-13
       0.494     0.204895     0.509739     0.579179  1.54166e-14 -2.58957e-13
       0.495     0.204192     0.510268     0.577955  4.48035e-15  9.60669e-14
       0.496      0.20349     0.510797     0.576732 -2.07464e-14  1.12365e-13
       0.497      0.20279     0.511327      0.57551  1.28778e-14 -9.48764e-14
       0.498     0.202091     0.511856     0.574288  -2.5966e-14  6.02478e-14
       0.499     0.201394     0.512386     0.573068  4.59658e-14 -1.60189e-13
         0.5     0.200698     0.512915     0.571849 -4.98114e-14  2.31397e-13
       0.501     0.200004     0.513445     0.570631  9.23241e-15  -1.7117e-13
       0.502     0.199311     0.513974     0.569413 -7.37031e-15 -6.51669e-14
       0.503     0.198619     0.514504     0.568197 -1.77579e-14  -1.0967e-14
       0.504     0.197929     0.515034     0.566982  1.10239e-15  7.05535e-14
       0.505     0.197241     0.515563     0.565767  2.74607e-14  1.19222e-13
       0.506     0.196554     0.516093     0.564554  1.20199e-14 -8.88398e-14
       0.507     0.195869     0.516623     0.563341 -4.27933e-15 -2.01347e-13
       0.508     0.195184     0.517153      0.56213   6.9886e-15  1.51132e-13
       0.509     0.194502     0.517683     0.560919 -3.48583e-14  1.93985e-13
        0.51     0.193821     0.518213     0.559709  3.17425e-14 -5.90996e-14
       0.511     0.193141     0.518743     0.558501  -1.8063e-14 -6.97518e-14
       0.512     0.192463     0.519273     0.557293 -3.57226e-14 -5.01127e-14
       0.513     0.191786     0.519803     0.556086  2.77721e-14 -1.16298e-13
       0.514     0.191111     0.520333      0.55488   -9.009e-15  1.14533e-13
       0.515     0.190437     0.520864     0.553675 -1.61218e-14 -3.77177e-14
       0.516     0.189764     0.521394     0.552471 -2.90812e-15  7.75295e-14
       0.517     0.189093     0.521924     0.551268  4.97054e-14  3.27969e-14
       0.518     0.188423     0.522455     0.550066 -5.45168e-14  5.43341e-14
       0.519     0.187755     0.522986     0.548865  2.09752e-14 -4.32478e-14
        0.52     0.187088     0.523516     0.547664  3.47074e-14 -4.57647e-14
       0.521     0.186423     0.524047     0.546465 -4.47424e-14  3.00294e-14
       0.522     0.185759     0.524578     0.545266  1.80006e-14 -2.23364e-13
       0.523     0.185096     0.525109     0.544069  1.59072e-14  1.60855e-13
       0.524     0.184435      0.52564     0.542872 -5.63692e-14 -8.08668e-14
       0.525     0.183776     0.526171     0.541676  3.88675e-14 -3.87453e-14
       0.526     0.183117     0.526702     0.540481 -2.90478e-14  1.27025e-13
       0.527      0.18246     0.527234     0.539287  8.76605e-15  2.59612e-14
       0.528     0.181805     0.527765     0.538094  1.20998e-14    6.256e-14
       0.529     0.181151     0.528297     0.536902  5.31535e-15  4.35243e-14
        0.53     0.180498     0.528829     0.535711 -2.19727e-14 -1.96094e-13
       0.531     0.179847      0.52936      0.53452 -1.00089e-15  9.90428e-14
       0.532     0.179197     0.529892     0.533331   1.9392e-14  2.09513e-14
       0.533     0.178548     0.530424     0.532142 -1.55803e-14  -2.1388e-14
       0.534     0.177901     0.530957     0.530954 -3.86143e-15  1.83261e-14
       0.535     0.177255     0.531489     0.529767 -9.42185e-15  9.31097e-14
       0.536     0.176611     0.532021     0.528581 -3.37215e-15 -2.90466e-14
       0.537     0.175968     0.532554     0.527396  3.05833e-14  -1.6371e-13
       0.538     0.175326     0.533086     0.526212 -1.91343e-14  1.53663e-13
       0.539     0.174686     0.533619     0.525028  1.15391e-14 -1.53318e-13
        0.54     0.174047     0.534152     0.523846 -9.35308e-15 -2.09356e-14
       0.541     0.173409     0.534685     0.522664 -1.78941e-14  5.94606e-14
       0.542     0.172773     0.535219     0.521483  2.52763e-14  2.84198e-14
       0.543     0.172138     0.535752     0.520303 -1.67728e-14   1.2311e-13
       0.544     0.171505     0.536285     0.519124  2.95012e-14 -1.65268e-13
       0.545     0.170873     0.536819     0.517946  -2.8705e-14  8.85621e-14
       0.546     0.170242     0.537353     0.516768  1.58475e-14 -7.63916e-14
       0.547     0.169613     0.537887     0.515592  5.17873e-15  4.68311e-15
       0.548     0.168984     0.538421     0.514416 -2.42193e-14 -1.35734e-13
       0.549     0.168358     0.538955     0.513241  1.36959e-14  8.54268e-14
        0.55     0.167732      0.53949     0.512067 -5.45539e-14   -1.593e-14
       0.551     0.167108     0.540025     0.510894  3.20366e-14 -1.51394e-13
       0.552     0.166486     0.540559     0.509721  1.74486e-14  2.95612e-13
       0.553     0.165864     0.541094      0.50855 -7.16929e-15  -1.0855e-14
       0.554     0.165244      0.54163     0.507379  -5.2571e-16  -1.2443e-14
       0.555     0.164626     0.542165     0.506209  8.25384e-15 -1.43914e-13
       0.556     0.164008       0.5427      0.50504  -2.0767e-14  2.25694e-13
       0.557     0.163392     0.543236     0.503872 -2.50445e-14 -3.07094e-13
       0.558     0.162777     0.543772     0.502704  2.29775e-14  1.11069e-13
       0.559     0.162164     0.544308     0.501538 -1.06278e-15  3.20021e-14
        0.56     0.161552     0.544844     0.500372  1.77512e-16  9.01021e-14
       0.561     0.160941     0.545381     0.499207   1.5121e-14  7.31155e-14
       0.562     0.160332     0.545917     0.498043 -9.98355e-15  -2.1974e-13
       0.563     0.159723     0.546454     0.496879 -3.93057e-14 -1.79398e-14
       0.564     0.159117     0.546991     0.495717 -4.11809e-15  6.40494e-14
       0.565     0.158511     0.547529     0.494555  1.65079e-14  1.28697e-13
       0.566     0.157907     0.548066     0.493394 -1.63637e-14 -1.67048e-13
       0.567     0.157304     0.548604     0.492234  4.72149e-14 -1.41953e-14
       0.568     0.156702     0.549142     0.491074  -3.1063e-14  -6.8133e-14
       0.569     0.156102      0.54968     0.489916  1.19453e-14  1.49405e-13
        0.57     0.155503     0.550218     0.488758  1.32408e-14  1.10985e-14
       0.571     0.154905     0.550757     0.487601  1.09064e-15 -1.22016e-13
       0.572     0.154309     0.551295     0.486445 -5.95683e-14   8.1519e-14
       0.573     0.153714     0.551834     0.485289  7.22938e-14  2.27006e-14
       0.574      0.15312     0.552374     0.484135 -2.17717e-14 -4.68322e-14
       0.575     0.152527     0.552913     0.482981  4.03374e-15  2.67601e-14
       0.576     0.151936     0.553453     0.481828 -3.17886e-14 -2.18822e-16
       0.577     0.151346     0.553993     0.480675 -1.84148e-16 -1.37528e-14
       0.578     0.150757     0.554533     0.479524  1.10728e-14 -1.18034e-13
       0.579     0.150169     0.555073     0.478373  1.09119e-14  1.14275e-13
        0.58     0.149583     0.555614     0.477223 -3.29922e-14  1.27438e-13
       0.581     0.148998     0.556155     0.476073 -5.57255e-16 -9.29697e-14
       0.582     0.148415     0.556696     0.474925  1.11693e-15 -9.27454e-14
       0.583     0.147832     0.557238     0.473777 -2.25738e-14 -4.97033e-14
       0.584     0.147251     0.557779      0.47263  4.52458e-14  1.48105e-13
       0.585     0.146671     0.558321     0.471484  3.93483e-15  7.02327e-14
       0.586     0.146092     0.558864     0.470338  1.05157e-14  2.73413e-14
       0.587     0.145515     0.559406     0.469194 -1.69371e-14 -5.54018e-14
       0.588     0.144939     0.559949     0.468049  -4.3378e-15 -3.69862e-14
       0.589     0.144364     0.560492     0.466906 -1.00176e-14 -4.89825e-14
        0.59      0.14379     0.561035     0.465764  -1.2502e-14 -3.36327e-14
       0.591     0.143218     0.561579     0.464622   1.8604e-14  1.71338e-13
       0.592     0.142647     0.562123     0.463481 -4.87044e-14 -4.06245e-14
       0.593     0.142077     0.562667      0.46234  8.10337e-14 -1.10025e-13
       0.594     0.141508     0.563211     0.461201 -5.48412e-14  1.52902e-14
       0.595     0.140941     0.563756     0.460062  6.51108e-15  1.00081e-13
       0.596     0.140375     0.564301     0.458924  3.45459e-14 -9.75406e-14
       0.597      0.13981     0.564847     0.457786 -7.69367e-15  8.21219e-14
       0.598     0.139246     0.565392      0.45665 -1.61921e-14 -3.02785e-14
       0.599     0.138684     0.565938     0.455514 -6.37513e-15 -3.33063e-14
         0.6     0.138123     0.566485     0.454378 -9.29326e-15 -5.20017e-14
       0.601     0.137563     0.567031     0.453244 -1.33884e-14  1.02509e-13
       0.602     0.137004     0.567578      0.45211  2.13907e-15 -1.33462e-13
       0.603     0.136446     0.568125     0.450977  5.45686e-15   1.5668e-13
       0.604      0.13589     0.568673     0.449845 -1.93363e-14 -1.85093e-13
       0.605     0.135335     0.569221     0.448713  5.87238e-16 -3.87187e-14
       0.606     0.134781     0.569769     0.447582  3.13883e-15  1.55907e-13
       0.607     0.134228     0.570317     0.446452  3.32269e-14 -1.14151e-13
       0.608     0.133677     0.570866     0.445322 -8.86691e-15 -8.19083e-14
       0.609     0.133127     0.571415     0.444193 -2.17225e-15  1.87609e-13
        0.61     0.132578     0.571965     0.443065 -3.76034e-15 -1.29182e-13
       0.611      0.13203     0.572515     0.441937  3.76864e-15  9.15218e-14
       0.612     0.131483     0.573065      0.44081  -3.0017e-14  8.20795e-15
       0.613     0.130938     0.573616     0.439684   7.9691e-15 -2.63581e-14
       0.614     0.130394     0.574167     0.438559  1.15808e-14  1.39022e-13
       0.615     0.129851     0.574718     0.437434  1.28071e-14 -2.05018e-13
       0.616     0.129309      0.57527      0.43631 -3.20886e-14 -5.74635e-15
       0.617     0.128768     0.575822     0.435187  4.04007e-14 -3.77492e-14
       0.618     0.128229     0.576374     0.434064 -1.47054e-14  8.96941e-14
       0.619     0.127691     0.576927     0.432942 -1.95835e-14  4.69922e-14
        0.62     0.127154      0.57748      0.43182  1.63895e-14  4.90278e-14
       0.621     0.126618     0.578033       0.4307  -7.9088e-15  -1.0719e-13
       0.622     0.126083     0.578587      0.42958 -1.07718e-14 -1.87485e-13
       0.623      0.12555     0.579142      0.42846 -1.22216e-14  2.63079e-13
       0.624     0.125017     0.579696     0.427341  1.63318e-14 -7.97656e-14
       0.625     0.124486     0.580251     0.426223   9.6163e-15  3.75524e-14
       0.626     0.123956     0.580807     0.425106 -3.28094e-15 -1.69701e-13
       0.627     0.123428     0.581363     0.423989   -1.192e-14  2.44737e-13
       0.628       0.1229     0.581919     0.422873 -8.85695e-15 -6.49121e-14
       0.629     0.122374     0.582476     0.421758  1.03218e-14 -9.42382e-14
        0.63     0.121848     0.583033     0.420643  1.65518e-15  1.40984e-13
       0.631     0.121324      0.58359     0.419529  6.22084e-16  1.08601e-14
       0.632     0.120802     0.584148     0.418415 -1.05991e-14 -1.39857e-13
       0.633      0.12028     0.584706     0.417302   -1.708e-14  5.98875e-14
       0.634     0.119759     0.585265      0.41619  7.72411e-15 -5.19784e-14
       0.635      0.11924     0.585824     0.415078  1.23445e-14 -2.95957e-14
       0.636     0.118722     0.586384     0.413967 -6.29097e-15 -9.47535e-14
       0.637     0.118205     0.586944     0.412857 -5.88478e-15 -1.31249e-14
       0.638     0.117689     0.587504     0.411747  8.42576e-16  2.00084e-13
       0.639     0.117174     0.588065     0.410638  2.74454e-15 -9.39915e-14
        0.64     0.116661     0.588627      0.40953  1.60812e-14  4.42651e-14
       0.641     0.116148     0.589188     0.408422 -1.67537e-14  1.03129e-13
       0.642     0.115637     0.589751     0.407315  -2.4656e-14  -4.0326e-14
       0.643     0.115127     0.590313     0.406208  2.21553e-14  -8.3938e-14
       0.644     0.114618     0.590877     0.405102  6.40542e-16  1.04131e-13
       0.645      0.11411      0.59144     0.403997  1.54078e-14 -8.54993e-14
       0.646     0.113604     0.592004     0.402892 -1.95179e-14 -6.29428e-14
       0.647     0.113098     0.592569     0.401788 -1.91323e-14  4.32458e-14
       0.648     0.112594     0.593134     0.400684  2.86558e-14 -6.36897e-14
       0.649     0.112091     0.593699     0.399581  2.37542e-15  1.51527e-13
        0.65     0.111588     0.594265     0.398479 -3.78767e-14  -5.8091e-14
       0.651     0.111088     0.594832     0.397377   2.2127e-14 -1.22719e-14
       0.652     0.110588     0.595399     0.396276 -9.78415e-15  8.35054e-14
       0.653     0.110089     0.595967     0.395175 -7.40933e-15 -1.74982e-13
       0.654     0.109592     0.596535     0.394075  2.62103e-14 -8.53683e-14
       0.655     0.109095     0.597103     0.392976  -1.8608e-14  2.94475e-14
       0.656       0.1086     0.597672     0.391877  1.25069e-14  1.67293e-13
       0.657     0.108106     0.598242     0.390779 -8.79684e-15 -1.66114e-13
       0.658     0.107613     0.598812     0.389681  9.03742e-15  7.20282e-14
       0.659     0.107121     0.599382     0.388584 -2.31977e-14  1.99947e-13
        0.66      0.10663     0.599953     0.387488  1.55006e-15  -2.4848e-13
       0.661     0.106141     0.600525     0.386392 -1.88655e-14  8.79153e-14
       0.662     0.105652     0.601097     0.385297  1.99099e-14  6.75432e-14
       0.663     0.105165      0.60167     0.384202 -2.73137e-14 -7.15389e-14
       0.664     0.104678     0.602243     0.383108  6.14579e-15 -7.67288e-14
       0.665     0.104193     0.602817     0.382014  7.61596e-15  8.72662e-14
       0.666     0.103709     0.603391     0.380921 -1.20116e-14 -1.06046e-13
       0.667     0.103226     0.603966     0.379829 -2.47538e-15 -1.94924e-14
       0.668     0.102745     0.604542     0.378737  4.28556e-15  6.03731e-14
       0.669     0.102264     0.605118     0.377645  1.70689e-14 -7.82074e-14
        0.67     0.101784     0.605694     0.376554  -9.7439e-15  9.32015e-14
       0.671     0.101306     0.606271     0.375464 -1.15835e-14  5.89988e-14
       0.672     0.100829     0.606849     0.374374  -6.4882e-15    -7.77e-14
       0.673     0.100352     0.607427     0.373285  3.01205e-14 -5.76393e-15
       0.674    0.0998771     0.608006     0.372197 -4.10547e-14 -8.11358e-14
       0.675    0.0994031     0.608586     0.371109  1.60475e-15  2.97639e-13
       0.676    0.0989302     0.609166     0.370021  2.35529e-14 -1.99301e-13
       0.677    0.0984583     0.609747     0.368934 -6.33384e-15  1.80955e-14
       0.678    0.0979876     0.610328     0.367847  1.82379e-14 -1.93787e-14
       0.679     0.097518      0.61091     0.366762 -3.85282e-14 -2.19865e-14
        0.68    0.0970494     0.611492     0.365676  8.81383e-15  -3.9359e-14
       0.681     0.096582     0.612076     0.364591  6.27715e-15   1.8876e-13
       0.682    0.0961156     0.612659     0.363507  1.32829e-14 -2.08669e-13
       0.683    0.0956504     0.613244     0.362423 -9.10966e-15 -1.36613e-14
       0.684    0.0951862     0.613829      0.36134  -9.1311e-15  1.53764e-13
       0.685    0.0947231     0.614415     0.360257  4.22429e-15 -1.24671e-13
       0.686    0.0942611     0.615001     0.359175  4.82234e-15  1.75353e-13
       0.687    0.0938002     0.615588     0.358093  1.86276e-14 -3.52902e-14
       0.688    0.0933404     0.616175     0.357012 -1.79626e-14  -9.0148e-14
       0.689    0.0928817     0.616764     0.355931 -1.23193e-14 -6.43351e-14
        0.69    0.0924241     0.617353     0.354851  8.78642e-15  2.67518e-14
       0.691    0.0919675     0.617942     0.353771 -1.32109e-14  1.65967e-13
       0.692     0.091512     0.618533     0.352692   2.9825e-15  4.48489e-14
       0.693    0.0910576     0.619124     0.351613 -3.34834e-15 -3.67275e-15
       0.694    0.0906043     0.619715     0.350535 -9.46961e-15 -1.26242e-13
       0.695     0.090152     0.620308     0.349457  -1.7903e-14 -2.16316e-13
       0.696    0.0897009     0.620901      0.34838  4.67312e-14  9.74613e-14
       0.697    0.0892508     0.621495     0.347303 -3.29591e-14  1.95424e-13
       0.698    0.0888018     0.622089     0.346227    1.307e-14 -3.30201e-14
       0.699    0.0883538     0.622684     0.345151 -1.69831e-14 -1.60669e-13
         0.7    0.0879069      0.62328     0.344075  1.00927e-14  1.40636e-13
       0.701    0.0874611     0.623877     0.343001 -1.13359e-14  8.41177e-15
       0.702    0.0870164     0.624474     0.341926 -1.50287e-14 -1.11185e-13
       0.703    0.0865727     0.625072     0.340852 -3.67437e-16  5.32505e-14
       0.704    0.0861301     0.625671     0.339779   4.4076e-14 -2.70043e-14
       0.705    0.0856885     0.626271     0.338706 -4.35671e-14  6.69131e-14
       0.706    0.0852481     0.626871     0.337633   2.4797e-14 -6.33278e-14
       0.707    0.0848087     0.627472     0.336561 -4.08101e-15 -1.14637e-14
       0.708    0.0843703     0.628074      0.33549  -1.1157e-14  2.36162e-14
       0.709     0.083933     0.628677     0.334419 -2.36109e-14 -1.13148e-13
        0.71    0.0834968      0.62928     0.333348  2.19243e-14  7.64518e-14
       0.711    0.0830616     0.629884     0.332278  1.24873e-15  3.66696e-14
       0.712    0.0826275     0.630489     0.331208  -1.5522e-14  7.79165e-14
       0.713    0.0821944     0.631095     0.330139  2.22105e-14 -1.74371e-13
       0.714    0.0817624     0.631702      0.32907   1.7359e-14   1.2957e-13
       0.715    0.0813314     0.632309     0.328001 -1.21054e-14  7.50766e-14
       0.716    0.0809015     0.632917     0.326933    -2.92e-14 -1.02449e-13
       0.717    0.0804727     0.633526     0.325866  5.06868e-15 -7.48838e-14
       0.718    0.0800449     0.634136     0.324798 -3.30274e-15  6.01829e-14
       0.719    0.0796181     0.634747     0.323732  2.67417e-14  -9.7476e-14
        0.72    0.0791924     0.635358     0.322665 -4.59559e-15  1.30126e-13
       0.721    0.0787677     0.635971       0.3216 -3.40401e-14 -1.15383e-13
       0.722    0.0783441     0.636584     0.320534  7.44063e-15   3.9304e-14
       0.723    0.0779216     0.637198     0.319469  1.92906e-14  1.15054e-13
       0.724       0.0775     0.637813     0.318404 -6.44616e-16 -1.72801e-13
       0.725    0.0770796     0.638429      0.31734 -1.60262e-14 -6.34128e-15
       0.726    0.0766601     0.639046     0.316276  1.71025e-14  1.22666e-13
       0.727    0.0762417     0.639663     0.315213 -4.54606e-15 -5.26806e-14
       0.728    0.0758243     0.640282      0.31415 -1.75785e-14 -5.94938e-14
       0.729     0.075408     0.640901     0.313087 -7.70166e-15  3.71112e-14
        0.73    0.0749927     0.641521     0.312025  1.03382e-14 -1.06421e-13
       0.731    0.0745785     0.642143     0.310963 -1.12824e-14    1.408e-13
       0.732    0.0741653     0.642765     0.309902  6.97057e-15  1.84372e-14
       0.733    0.0737531     0.643388     0.308841 -2.13598e-14 -5.32988e-14
       0.734    0.0733419     0.644012      0.30778 -7.40224e-15  -7.6319e-14
       0.735    0.0729318     0.644637      0.30672  2.76959e-14  4.62465e-14
       0.736    0.0725227     0.645263      0.30566  2.12561e-15 -2.91512e-15
       0.737    0.0721147     0.645889     0.304601 -2.25086e-14  6.73688e-14
       0.738    0.0717077     0.646517     0.303542  1.85599e-14  2.17808e-14
       0.739    0.0713017     0.647146     0.302483  2.81112e-15  7.65165e-14
        0.74    0.0708967     0.647776     0.301424  6.44175e-15 -4.53112e-14
       0.741    0.0704928     0.648407     0.300366 -3.94217e-14 -1.00808e-13
       0.742    0.0700898     0.649038     0.299309 -1.26795e-14  6.14408e-14
       0.743     0.069688     0.649671     0.298252  3.63775e-14  -4.4157e-14
       0.744    0.0692871     0.650305     0.297195  4.06736e-16 -2.56444e-15
       0.745    0.0688873      0.65094     0.296138 -5.57297e-15  2.97225e-14
       0.746    0.0684884     0.651576     0.295082  6.26865e-15   2.4122e-15
       0.747    0.0680906     0.652212     0.294026 -9.01727e-15 -6.87688e-14
       0.748    0.0676939      0.65285      0.29297 -4.93118e-15 -8.99434e-14
       0.749    0.0672981     0.653489     0.291915 -8.23984e-16  2.29219e-13
        0.75    0.0669033     0.654129      0.29086   -9.638e-15 -9.53719e-14
       0.751    0.0665096      0.65477     0.289806   1.3114e-14 -8.66027e-14
       0.752    0.0661169     0.655413     0.288751   -1.038e-14  1.34284e-13
       0.753    0.0657252     0.656056     0.287698  1.52636e-15 -9.85159e-14
       0.754    0.0653346       0.6567     0.286644  7.92991e-15  1.41895e-14
       0.755    0.0649449     0.657346     0.285591 -2.20385e-14  9.24767e-14
       0.756    0.0645562     0.657992     0.284538  2.83892e-14 -6.65497e-14
       0.757    0.0641686      0.65864     0.283485 -8.13243e-15  5.90938e-14
       0.758     0.063782     0.659289     0.282433 -2.40395e-14 -1.78932e-13
       0.759    0.0633964     0.659939     0.281381  8.73898e-15  1.05298e-13
        0.76    0.0630118      0.66059     0.280329  2.21876e-14  6.97666e-14
       0.761    0.0626282     0.661242     0.279278 -3.25898e-14 -7.16611e-14
       0.762    0.0622456     0.661896     0.278227  9.80277e-15  2.69139e-14
       0.763     0.061864     0.662551     0.277176   1.0256e-14 -4.56942e-14
       0.764    0.0614835     0.663207     0.276125 -1.55677e-14  3.91255e-14
       0.765    0.0611039     0.663864     0.275075  1.14562e-14  -1.7577e-13
       0.766    0.0607253     0.664522     0.274025 -3.01525e-15  7.54157e-14
       0.767    0.0603478     0.665181     0.272975 -7.34228e-15  2.10752e-15
       0.768    0.0599712     0.665842     0.271926  9.96021e-15 -3.53196e-14
       0.769    0.0595957     0.666504     0.270877 -2.05527e-14  1.01736e-13
        0.77    0.0592211     0.667167     0.269828  1.37869e-14  2.57339e-14
       0.771    0.0588476     0.667832     0.268779  -1.3533e-14 -4.54085e-14
       0.772    0.0584751     0.668498     0.267731   5.8363e-15 -3.65985e-14
       0.773    0.0581035     0.669165     0.266683  -2.4286e-14   2.1316e-14
       0.774     0.057733     0.669833     0.265635  2.50852e-14  6.63509e-15
       0.775    0.0573635     0.670503     0.264587  2.35351e-15  7.75046e-14
       0.776    0.0569949     0.671174      0.26354 -7.66967e-15 -1.94251e-13
       0.777    0.0566274     0.671846     0.262493 -1.33105e-15   1.3745e-13
       0.778    0.0562608      0.67252     0.261446 -1.60162e-14 -4.14387e-14
       0.779    0.0558953     0.673195     0.260399  6.39424e-15  9.34255e-15
        0.78    0.0555307     0.673871     0.259353  1.93844e-15 -1.13545e-13
       0.781    0.0551672     0.674549     0.258306 -4.48558e-16   1.4652e-13
       0.782    0.0548046     0.675228      0.25726 -1.21444e-14 -8.75092e-14
       0.783     0.054443     0.675908     0.256215  1.15765e-14  3.61879e-14
       0.784    0.0540825      0.67659     0.255169 -6.18111e-15  1.73827e-14
       0.785    0.0537229     0.677274     0.254124   7.5588e-16 -4.61641e-16
       0.786    0.0533643     0.677958     0.253079 -8.48933e-15 -3.58599e-14
       0.787    0.0530067     0.678645     0.252034 -9.57704e-15  4.01758e-14
       0.788    0.0526501     0.679332     0.250989 -2.43904e-15  5.40296e-14
       0.789    0.0522945     0.680022     0.249944 -2.14012e-15  -2.4337e-13
        0.79    0.0519399     0.680712       0.2489  6.13173e-15  6.92921e-14
       0.791    0.0515862     0.681405     0.247856  1.26053e-14  8.61111e-14
       0.792    0.0512336     0.682098     0.246811    8.941e-15 -5.46996e-14
       0.793    0.0508819     0.682793     0.245768 -1.32947e-14  8.68367e-14
       0.794    0.0505312      0.68349     0.244724 -1.27121e-14  6.43508e-14
       0.795    0.0501816     0.684189      0.24368  1.71011e-14 -1.31694e-13
       0.796    0.0498329     0.684888     0.242637 -1.90205e-14  5.00278e-14
       0.797    0.0494851      0.68559     0.241594  1.28206e-14 -5.99069e-14
       0.798    0.0491384     0.686293     0.240551 -1.92857e-14 -3.62696e-14
       0.799    0.0487927     0.686998     0.239508  1.32084e-14  1.11818e-13
         0.8    0.0484479     0.687704     0.238465 -4.73078e-15 -4.76514e-14
       0.801    0.0481042     0.688412     0.237422  4.11178e-15 -8.84166e-15
       0.802    0.0477614     0.689122     0.236379 -9.67464e-15 -6.56992e-14
       0.803    0.0474196     0.689833     0.235337  5.08986e-15  1.29536e-13
       0.804    0.0470787     0.690546     0.234295 -1.88231e-14  2.48987e-14
       0.805    0.0467389     0.691261     0.233252  7.19912e-15 -1.55084e-13
       0.806    0.0464001     0.691977      0.23221 -2.08579e-15  1.69577e-13
       0.807    0.0460622     0.692695     0.231168  2.09187e-14 -1.26192e-13
       0.808    0.0457253     0.693415     0.230126 -3.87319e-15 -2.88453e-14
       0.809    0.0453894     0.694137     0.229085 -2.96196e-14  2.66339e-14
        0.81    0.0450545      0.69486     0.228043  1.44474e-14 -3.66622e-14
       0.811    0.0447205     0.695586     0.227001  1.35131e-14  1.70515e-13
       0.812    0.0443875     0.696313      0.22596 -2.05744e-14 -2.44234e-14
       0.813    0.0440555     0.697042     0.224918 -8.67993e-15 -1.22167e-13
       0.814    0.0437245     0.697773     0.223877  1.85612e-14 -2.66385e-14
       0.815    0.0433945     0.698505     0.222835 -7.57835e-15  1.92281e-14
       0.816    0.0430655      0.69924     0.221794 -1.09057e-14 -8.29995e-14
       0.817    0.0427374     0.699976     0.220753  3.97757e-15  1.00656e-13
       0.818    0.0424103     0.700715     0.219711  5.15311e-15 -1.12354e-13
       0.819    0.0420842     0.701455      0.21867 -9.50356e-15   1.9981e-13
        0.82     0.041759     0.702198     0.217629 -1.17062e-15 -1.00813e-13
       0.821    0.0414349     0.702942     0.216588 -1.20771e-14 -4.20995e-14
       0.822    0.0411117     0.703688     0.215547 -6.39335e-15 -1.56625e-15
       0.823    0.0407895     0.704437     0.214505  1.50194e-14  1.05406e-13
       0.824    0.0404682     0.705187     0.213464 -1.62501e-14 -1.15752e-13
       0.825     0.040148      0.70594     0.212423  1.08666e-14  1.39498e-13
       0.826    0.0398287     0.706694     0.211382 -1.05593e-14 -3.66716e-14
       0.827    0.0395104     0.707451     0.210341  1.31543e-14 -9.03678e-14
       0.828    0.0391931      0.70821       0.2093  -7.5399e-15 -1.32124e-13
       0.829    0.0388767     0.708971     0.208258  9.79782e-15  1.09524e-13
        0.83    0.0385614     0.709734     0.207217  -4.1382e-15  6.64399e-14
       0.831     0.038247     0.710499     0.206176 -9.68585e-15  -2.9214e-14
       0.832    0.0379335     0.711267     0.205134  4.51104e-15 -7.65789e-14
       0.833    0.0376211     0.712037     0.204093 -3.65494e-15 -3.41095e-14
       0.834    0.0373096     0.712809     0.203051 -4.36478e-15  1.45148e-13
       0.835    0.0369991     0.713584      0.20201  1.75141e-16 -1.45504e-13
       0.836    0.0366896      0.71436     0.200968  9.31182e-15  2.73809e-15
       0.837    0.0363811      0.71514     0.199927 -2.32652e-14  4.72142e-15
       0.838    0.0360735     0.715921     0.198885   1.9803e-14  1.76311e-13
       0.839    0.0357669     0.716705     0.197843 -5.49866e-15 -6.07387e-14
        0.84    0.0354613     0.717491     0.196801 -7.29569e-15  4.05771e-14
       0.841    0.0351566      0.71828     0.195759 -5.53397e-15 -1.52025e-13
       0.842    0.0348529     0.719071     0.194716  -8.9545e-16  1.71555e-13
       0.843    0.0345503     0.719865     0.193674  1.00614e-14 -5.27741e-14
       0.844    0.0342485     0.720661     0.192631 -1.09953e-14 -9.39572e-14
       0.845    0.0339478      0.72146     0.191589 -1.08503e-14  2.50588e-14
       0.846     0.033648     0.722262     0.190546  2.43113e-14 -1.99033e-14
       0.847    0.0333492     0.723066     0.189503 -2.29348e-14  1.18422e-13
       0.848    0.0330514     0.723873     0.188459  7.48742e-15 -6.67592e-14
       0.849    0.0327545     0.724682     0.187416 -2.38189e-15  -8.5966e-14
        0.85    0.0324587     0.725494     0.186372 -3.86039e-15  1.45075e-13
       0.851    0.0321638     0.726309     0.185329 -1.75217e-14 -4.88168e-14
       0.852    0.0318699     0.727127     0.184284  1.27687e-14 -1.19011e-13
       0.853    0.0315769     0.727947      0.18324 -2.78508e-15  9.05417e-14
       0.854    0.0312849      0.72877     0.182196 -2.60813e-15 -8.19167e-14
       0.855     0.030994     0.729597     0.181151  8.41149e-15  -3.7515e-14
       0.856    0.0307039     0.730426     0.180106 -5.62662e-15 -1.14513e-15
       0.857    0.0304149     0.731258     0.179061  6.02208e-15  2.66731e-14
       0.858    0.0301268     0.732093     0.178015  -2.4548e-15  2.34452e-14
       0.859    0.0298398     0.732931     0.176969 -5.68428e-15   1.3872e-13
        0.86    0.0295537     0.733772     0.175923 -2.85189e-15 -6.51947e-14
       0.861    0.0292685     0.734616     0.174877  -5.9142e-15 -1.20401e-13
       0.862    0.0289844     0.735463      0.17383   2.8716e-15 -4.34197e-14
       0.863    0.0287012     0.736314     0.172783 -1.22947e-14  9.82436e-14
       0.864     0.028419     0.737168     0.171736  6.16874e-15  2.27741e-14
       0.865    0.0281378     0.738024     0.170688  3.86894e-16 -7.47272e-14
       0.866    0.0278576     0.738885      0.16964  7.18267e-15  7.58091e-14
       0.867    0.0275783     0.739748     0.168591 -2.27928e-14   2.2204e-14
       0.868       0.0273     0.740615     0.167542  8.99299e-15 -8.67418e-14
       0.869    0.0270228     0.741486     0.166493 -3.13911e-15  7.51591e-14
        0.87    0.0267465     0.742359     0.165443  -3.3472e-15 -7.42344e-14
       0.871    0.0264711     0.743237     0.164393   1.1856e-15  2.00086e-14
       0.872    0.0261968     0.744118     0.163343           -0  3.78328e-14
       0.873    0.0259234     0.745002     0.162292 -1.59221e-15  -1.8721e-14
       0.874     0.025651      0.74589      0.16124 -6.19221e-15  2.27004e-14
       0.875    0.0253797     0.746782     0.160188  2.80667e-15 -1.62668e-13
       0.876    0.0251092     0.747678     0.159136 -3.01815e-15  8.58585e-14
       0.877    0.0248398     0.748577     0.158083  1.02994e-14  6.93523e-14
       0.878    0.0245714      0.74948     0.157029 -1.33778e-14 -3.06654e-14
       0.879    0.0243039     0.750388     0.155975  1.01723e-15 -2.86178e-14
        0.88    0.0240375     0.751299     0.154921  4.28828e-15  3.51786e-15
       0.881     0.023772     0.752214     0.153866 -8.40367e-15  6.42878e-15
       0.882    0.0235075     0.753133      0.15281           -0 -2.81758e-14
       0.883     0.023244     0.754056     0.151754  -1.4456e-15  5.95459e-14
       0.884    0.0229815     0.754984     0.150697 -3.93865e-15 -9.30768e-15
       0.885      0.02272     0.755916     0.149639  4.16175e-15 -8.80742e-14
       0.886    0.0224595     0.756852     0.148581 -5.01322e-15  2.09182e-14
       0.887       0.0222     0.757792     0.147522 -8.38751e-16  5.45356e-14
       0.888    0.0219415     0.758737     0.146462  2.10498e-15 -4.13728e-14
       0.889    0.0216839     0.759687     0.145402 -1.33129e-14 -3.22247e-14
        0.89    0.0214274     0.760641     0.144341  5.93995e-15  1.65192e-14
       0.891    0.0211719       0.7616     0.143279 -7.66704e-15  4.03435e-14
       0.892    0.0209173     0.762563     0.142217  -3.2072e-15  -7.9572e-14
       0.893    0.0206638     0.763532     0.141153  1.28796e-15  6.78229e-14
       0.894    0.0204112     0.764505     0.140089  1.03447e-14 -3.13018e-14
       0.895    0.0201597     0.765483     0.139024 -1.99068e-14 -5.42986e-15
       0.896    0.0199092     0.766466     0.137959  6.51749e-15 -6.26539e-14
       0.897    0.0196596     0.767454     0.136892  6.54386e-16  4.52594e-14
       0.898    0.0194111     0.768448     0.135825  2.40918e-15 -2.71412e-14
       0.899    0.0191636     0.769446     0.134756  4.17833e-15 -2.98653e-14
         0.9    0.0189171      0.77045     0.133687 -1.19241e-14  4.67496e-14
       0.901    0.0186716      0.77146     0.132616 -9.53439e-15  2.37297e-14
       0.902    0.0184271     0.772475     0.131545  8.01548e-15  3.95486e-14
       0.903    0.0181836     0.773496     0.130473 -5.14242e-15 -3.44859e-14
       0.904    0.0179412     0.774522     0.129399 -9.87906e-15 -1.81001e-14
       0.905    0.0176997     0.775555     0.128325  3.38211e-15 -5.82787e-15
       0.906    0.0174593     0.776593     0.127249  5.43441e-15 -2.65835e-15
       0.907    0.0172199     0.777637     0.126173 -1.20524e-14 -4.81331e-14
       0.908    0.0169815     0.778688     0.125095  -7.9934e-16 -6.81742e-16
       0.909    0.0167441     0.779745     0.124016  6.99586e-15  2.55701e-14
        0.91    0.0165078     0.780808     0.122936  1.15186e-16  -6.4876e-14
       0.911    0.0162725     0.781878     0.121855 -9.02396e-15 -2.12506e-14
       0.912    0.0160382     0.782954     0.120772   8.8314e-15  2.21588e-14
       0.913    0.0158049     0.784037     0.119688 -9.10408e-15 -1.00015e-14
       0.914    0.0155727     0.785127     0.118603 -4.92412e-15  1.52972e-14
       0.915    0.0153415     0.786224     0.117516 -1.17769e-15 -7.04482e-15
       0.916    0.0151114     0.787328     0.116428 -1.65623e-15  1.48052e-15
       0.917    0.0148823      0.78844     0.115338 -8.31894e-16 -9.42856e-15
       0.918    0.0146542     0.789559     0.114247  1.67143e-15  7.45075e-14
       0.919    0.0144271     0.790685     0.113155 -7.55622e-15 -1.05656e-13
        0.92    0.0142012     0.791819     0.112061  1.20499e-16  5.04853e-14
       0.921    0.0139762     0.792961     0.110965  4.60042e-15   2.5399e-14
       0.922    0.0137523     0.794112     0.109868 -8.27123e-15 -8.16306e-14
       0.923    0.0135295      0.79527     0.108769 -3.05536e-15  1.18356e-13
       0.924    0.0133077     0.796437     0.107668   1.4736e-15 -2.50355e-14
       0.925     0.013087     0.797613     0.106566 -6.04628e-15  -1.4519e-14
       0.926    0.0128673     0.798797     0.105461 -9.91951e-16  -7.9123e-14
       0.927    0.0126487      0.79999     0.104355  3.11505e-15  9.47858e-16
       0.928    0.0124312     0.801193     0.103247 -3.13044e-15  3.09472e-14
       0.929    0.0122147     0.802405     0.102137 -6.92128e-15 -7.58866e-14
        0.93    0.0119993     0.803626     0.101025  8.85314e-16  6.25809e-14
       0.931     0.011785     0.804858    0.0999107  4.32186e-15  1.65163e-14
       0.932    0.0115718     0.806099    0.0987943 -8.81562e-15 -3.12277e-14
       0.933    0.0113596     0.807351    0.0976757 -4.62313e-15  8.33956e-15
       0.934    0.0111486     0.808613    0.0965549    2.969e-15 -1.33305e-14
       0.935    0.0109386     0.809887    0.0954317   -4.931e-15  -8.5467e-14
       0.936    0.0107297     0.811171    0.0943061  1.82628e-15  4.53988e-14
       0.937    0.0105219     0.812467     0.093178 -1.57373e-15  1.08331e-14
       0.938    0.0103152     0.813775    0.0920474 -6.46064e-15  4.61508e-14
       0.939    0.0101097     0.815094    0.0909141 -6.76085e-15 -9.36426e-14
        0.94    0.0099052     0.816426    0.0897782  3.19902e-15  6.36054e-14
       0.941   0.00970185     0.817771    0.0886394  2.94866e-15 -5.49086e-14
       0.942   0.00949962     0.819129    0.0874978 -4.71727e-15 -1.35106e-14
       0.943   0.00929851       0.8205    0.0863532  -3.3885e-15 -1.53732e-14
       0.944   0.00909854     0.821885    0.0852056 -2.72626e-16   1.5788e-14
       0.945   0.00889969     0.823284    0.0840548  4.11295e-16 -4.65716e-14
       0.946   0.00870199     0.824698    0.0829008 -1.13075e-14  3.41856e-14
       0.947   0.00850543     0.826127    0.0817433 -4.02254e-15  2.50956e-14
       0.948   0.00831002     0.827571    0.0805825   5.8604e-15   7.3193e-16
       0.949   0.00811576     0.829031     0.079418 -7.15902e-15 -6.03051e-14
        0.95   0.00792267     0.830508    0.0782498 -8.47363e-16 -1.62049e-14
       0.951   0.00773074     0.832003    0.0770778  1.42097e-15 -3.08043e-15
       0.952   0.00753999     0.833514    0.0759018 -7.43506e-15  2.16477e-14
       0.953   0.00735042     0.835045    0.0747217  3.16544e-15 -2.74194e-14
       0.954   0.00716204     0.836594    0.0735374 -4.19926e-15 -2.80535e-15
       0.955   0.00697485     0.838162    0.0723486  1.74886e-15  3.49599e-14
       0.956   0.00678887     0.839751    0.0711553 -8.06813e-15 -5.10579e-14
       0.957   0.00660409     0.841361    0.0699572  2.65801e-15 -3.83794e-14
       0.958   0.00642054     0.842993    0.0687541 -5.79776e-15  5.15831e-14
       0.959   0.00623821     0.844648     0.067546   1.7961e-15  3.64431e-14
        0.96   0.00605712     0.846326    0.0663325 -7.68626e-15 -5.43453e-14
       0.961   0.00587727     0.848029    0.0651134  1.06239e-15 -4.43569e-14
       0.962   0.00569868     0.849757    0.0638886 -7.48972e-15  2.93632e-14
       0.963   0.00552135     0.851512    0.0626578  2.46333e-15 -5.66843e-14
       0.964   0.00534529     0.853295    0.0614206 -9.30545e-16  1.79638e-14
       0.965   0.00517052     0.855108    0.0601769 -4.06252e-15 -3.80424e-14
       0.966   0.00499705     0.856951    0.0589263           -0 -1.96964e-14
       0.967   0.00482489     0.858826    0.0576686 -5.55299e-15  4.67233e-14
       0.968   0.00465405     0.860734    0.0564033 -2.87832e-15 -5.98379e-14
       0.969   0.00448454     0.862678    0.0551301 -4.19093e-15  2.92436e-14
        0.97   0.00431639     0.864659    0.0538487  2.60012e-15 -1.02517e-13
       0.971   0.00414959      0.86668    0.0525585  -5.7352e-15 -1.94774e-14
       0.972   0.00398418     0.868742    0.0512591 -2.14835e-15  3.12874e-14
       0.973   0.00382016     0.870847    0.0499501 -4.00067e-15  1.90552e-14
       0.974   0.00365756        0.873    0.0486308 -8.40879e-16 -8.88726e-14
       0.975   0.00349639     0.875202    0.0473006  -7.2973e-15  1.99349e-14
       0.976   0.00333667     0.877456     0.045959 -3.42569e-16 -2.98891e-14
       0.977   0.00317843     0.879767    0.0446052 -3.11254e-15  8.10297e-16
       0.978   0.00302168     0.882139    0.0432383 -3.66686e-15 -8.05889e-14
       0.979   0.00286645     0.884575    0.0418576  -2.2928e-15  2.64614e-14
        0.98   0.00271276     0.887082    0.0404619 -5.52402e-15 -2.64611e-14
       0.981   0.00256065     0.889664    0.0390503 -2.16113e-15 -3.91582e-14
       0.982   0.00241015     0.892328    0.0376215 -2.73114e-15 -4.63366e-14
       0.983   0.00226128     0.895082     0.036174 -2.94635e-15 -4.98109e-14
       0.984   0.00211409     0.897935    0.0347062 -6.33475e-15 -1.00876e-15
       0.985   0.00196861     0.900897    0.0332164 -3.77189e-15 -5.37034e-14
       0.986   0.00182489     0.903979    0.0317024 -3.24692e-15 -6.05853e-14
       0.987   0.00168297     0.907196    0.0301617 -4.83831e-15 -6.46543e-14
       0.988   0.00154292     0.910565    0.0285914 -5.10184e-15 -6.00416e-14
       0.989   0.00140479     0.914108    0.0269879 -5.77374e-15 -6.60872e-14
        0.99   0.00126864      0.91785    0.0253469 -4.44774e-15 -9.43006e-14
       0.991   0.00113457     0.921824    0.0236633 -5.75364e-15  -8.7005e-14
       0.992   0.00100267     0.926075    0.0219303 -6.90006e-15 -1.26049e-13
       0.993  0.000873036      0.93066    0.0201393 -6.81758e-15  -1.4795e-13
       0.994  0.000745812     0.935659    0.0182789 -8.26292e-15 -2.26461e-13
       0.995  0.000621159     0.941192    0.0163332 -9.11882e-15 -2.54814e-13
       0.996   0.00049929     0.947441    0.0142792 -1.11792e-14 -4.08391e-13
       0.997  0.000380485     0.954724    0.0120803 -1.41004e-14 -6.41673e-13
       0.998  0.000265147     0.963665   0.00967286  -2.1323e-14 -1.25659e-12
       0.999   0.00015392      0.97589    0.0069216 -4.14781e-14 -3.34623e-12
           1  4.80568e-05            1   0.00338146 -3.85342e-11 -1.26687e-07