       0.001            1    0.0497198      1.94233  -2.0438e-13 -3.35862e-13
       0.002     0.982006    0.0627654      1.91979 -2.01618e-13 -3.34798e-13
       0.003     0.972559     0.071945      1.90789 -2.02029e-13 -3.37273e-13
       0.004      0.96435     0.079275      1.89753 -2.09114e-13 -3.34363e-13
       0.005     0.956926    0.0854826      1.88812 -1.86624e-13 -3.35922e-13
       0.006     0.950061    0.0909234       1.8794 -1.98248e-13 -3.37998e-13
       0.007     0.943625    0.0958012      1.87121 -2.12423e-13 -3.34612e-13
       0.008     0.937533     0.100245      1.86343 -2.11032e-13 -3.38934e-13
       0.009     0.931725     0.104342        1.856 -1.92756e-13 -3.38426e-13
        0.01     0.926159     0.108154      1.84887 -2.10781e-13 -3.33136e-13
       0.011     0.920801     0.111728      1.84199 -2.06832e-13 -3.39425e-13
       0.012     0.915627     0.115099      1.83532 -1.83423e-13 -3.34447e-13
       0.013     0.910614     0.118294      1.82886 -2.17247e-13 -3.36176e-13
       0.014     0.905747     0.121335      1.82257 -1.91234e-13 -3.34812e-13
       0.015     0.901012     0.124241      1.81644 -2.02595e-13 -3.35336e-13
       0.016     0.896397     0.127025      1.81045 -2.21019e-13 -3.47181e-13
       0.017     0.891892     0.129702       1.8046 -2.00702e-13 -3.38887e-13
       0.018     0.887488      0.13228      1.79886 -2.02261e-13 -3.19837e-13
       0.019     0.883178     0.134769      1.79324 -2.07271e-13 -3.38587e-13
        0.02     0.878956     0.137176      1.78773 -1.86432e-13 -3.40996e-13
       0.021     0.874815     0.139509      1.78231 -1.98481e-13 -3.33285e-13
       0.022     0.870751     0.141773      1.77698 -2.29218e-13 -3.42376e-13
       0.023     0.866759     0.143973      1.77174 -1.89199e-13  -3.3674e-13
       0.024     0.862835     0.146114      1.76658 -2.12006e-13 -3.31346e-13
       0.025     0.858975     0.148201      1.76149 -1.79101e-13 -3.47192e-13
       0.026     0.855175     0.150235      1.75648 -2.21045e-13 -3.27857e-13
       0.027     0.851434     0.152222      1.75154 -2.08695e-13 -3.43241e-13
       0.028     0.847748     0.154163      1.74666   -1.839e-13 -3.47639e-13
       0.029     0.844113     0.156062      1.74184 -2.21198e-13 -3.28289e-13
        0.03      0.84053     0.157921      1.73708 -2.04572e-13 -3.26997e-13
       0.031     0.836993     0.159742      1.73238 -1.76198e-13 -3.45978e-13
       0.032     0.833503     0.161526      1.72774  -2.1784e-13 -3.31515e-13
       0.033     0.830057     0.163277      1.72314 -2.03603e-13 -3.36893e-13
       0.034     0.826653     0.164996      1.71859  -1.8853e-13 -3.50054e-13
       0.035      0.82329     0.166684       1.7141 -2.40203e-13 -3.35709e-13
       0.036     0.819966     0.168343      1.70964 -1.78826e-13 -3.26102e-13
       0.037      0.81668     0.169974      1.70524 -2.00452e-13  -3.3107e-13
       0.038     0.813431     0.171578      1.70087  -1.8727e-13 -3.49534e-13
       0.039     0.810216     0.173157      1.69655 -2.38369e-13  -3.4094e-13
        0.04     0.807036     0.174711      1.69226 -1.61359e-13 -3.31049e-13
       0.041     0.803889     0.176242      1.68802 -2.19395e-13 -3.38651e-13
       0.042     0.800774     0.177751      1.68381 -2.14849e-13 -3.38763e-13
       0.043     0.797689     0.179238      1.67964  -2.1171e-13 -3.45742e-13
       0.044     0.794635     0.180704       1.6755 -1.85941e-13 -3.19399e-13
       0.045      0.79161      0.18215       1.6714 -2.04053e-13 -3.42718e-13
       0.046     0.788613     0.183578      1.66733  -1.9178e-13 -3.48509e-13
       0.047     0.785644     0.184987      1.66329 -2.13721e-13 -3.30668e-13
       0.048     0.782702     0.186378      1.65928 -2.09388e-13 -3.60768e-13
       0.049     0.779785     0.187751       1.6553 -1.85576e-13 -3.10287e-13
        0.05     0.776895     0.189109      1.65136 -2.34543e-13 -3.47233e-13
       0.051     0.774029      0.19045      1.64744 -1.94265e-13 -3.26769e-13
       0.052     0.771187     0.191775      1.64355  -1.9789e-13 -3.55854e-13
       0.053     0.768369     0.193086      1.63968 -1.68955e-13 -3.46082e-13
       0.054     0.765573     0.194382      1.63585  -2.4008e-13 -3.45086e-13
       0.055       0.7628     0.195664      1.63204 -1.88866e-13 -3.30014e-13
       0.056      0.76005     0.196932      1.62825 -2.43102e-13 -3.14829e-13
       0.057      0.75732     0.198188      1.62449 -1.78694e-13  -3.4767e-13
       0.058     0.754612      0.19943      1.62075  -2.1394e-13 -3.39509e-13
       0.059     0.751924      0.20066      1.61704 -1.69708e-13 -3.47727e-13
        0.06     0.749256     0.201877      1.61335 -2.57925e-13 -3.17076e-13
       0.061     0.746608     0.203083      1.60968 -1.52258e-13 -3.58755e-13
       0.062     0.743979     0.204277      1.60603 -2.17991e-13 -3.38432e-13
       0.063     0.741368     0.205461      1.60241 -2.38286e-13 -3.25842e-13
       0.064     0.738777     0.206633       1.5988 -1.83679e-13 -3.36001e-13
       0.065     0.736203     0.207795      1.59522 -2.16516e-13 -3.66038e-13
       0.066     0.733647     0.208946      1.59166 -1.89129e-13 -3.50221e-13
       0.067     0.731109     0.210088      1.58812 -1.90238e-13 -3.30149e-13
       0.068     0.728588     0.211219      1.58459  -2.1991e-13 -3.35893e-13
       0.069     0.726083     0.212342      1.58109 -1.71515e-13 -3.22046e-13
        0.07     0.723595     0.213454       1.5776 -2.66675e-13 -3.57518e-13
       0.071     0.721123     0.214558      1.57414 -1.50268e-13 -3.18485e-13
       0.072     0.718667     0.215653      1.57069 -2.09873e-13 -3.44359e-13
       0.073     0.716227      0.21674      1.56726 -2.14062e-13 -3.40938e-13
       0.074     0.713802     0.217817      1.56385 -1.80491e-13 -3.36999e-13
       0.075     0.711392     0.218887      1.56045  -1.9555e-13 -3.20676e-13
       0.076     0.708996     0.219949      1.55707 -2.29903e-13 -3.67184e-13
       0.077     0.706616     0.221002      1.55371 -2.19201e-13 -3.37813e-13
       0.078      0.70425     0.222048      1.55036 -2.09454e-13 -3.46943e-13
       0.079     0.701897     0.223087      1.54703 -2.06061e-13 -3.27755e-13
        0.08     0.699559     0.224118      1.54371 -1.42349e-13 -3.43878e-13
       0.081     0.697235     0.225141      1.54041 -2.69092e-13 -3.35273e-13
       0.082     0.694924     0.226158      1.53713 -1.71371e-13 -3.37351e-13
       0.083     0.692626     0.227168      1.53386 -2.46946e-13 -3.47604e-13
       0.084     0.690341     0.228171      1.53061 -1.85543e-13 -3.48431e-13
       0.085     0.688069     0.229167      1.52737 -1.71035e-13 -3.29312e-13
       0.086      0.68581     0.230157      1.52414 -2.22366e-13 -3.55438e-13
       0.087     0.683563     0.231141      1.52093 -1.97971e-13 -3.18599e-13
       0.088     0.681329     0.232118      1.51773 -2.30667e-13 -3.35161e-13
       0.089     0.679106     0.233089      1.51455 -2.18574e-13 -3.59735e-13
        0.09     0.676896     0.234054      1.51138 -1.37096e-13 -3.36331e-13
       0.091     0.674697     0.235013      1.50822 -2.21314e-13 -3.01895e-13
       0.092     0.672511     0.235967      1.50507 -2.05737e-13 -3.43644e-13
       0.093     0.670335     0.236915      1.50194 -2.41483e-13 -3.80615e-13
       0.094     0.668171     0.237857      1.49882 -1.76463e-13  -3.2554e-13
       0.095     0.666018     0.238794      1.49572 -2.19691e-13 -3.22658e-13
       0.096     0.663876     0.239725      1.49262 -2.32414e-13 -3.42496e-13
       0.097     0.661745     0.240651      1.48954 -2.04547e-13 -3.37053e-13
       0.098     0.659625     0.241572      1.48647  -1.5521e-13 -3.63193e-13
       0.099     0.657516     0.242488      1.48341 -2.04538e-13 -3.45604e-13
         0.1     0.655416     0.243398      1.48037 -1.98492e-13 -3.07245e-13
       0.101     0.653328     0.244304      1.47733 -1.99052e-13 -3.65825e-13
       0.102     0.651249     0.245205      1.47431 -2.19943e-13 -3.21889e-13
       0.103     0.649181     0.246101       1.4713 -2.40392e-13 -3.55811e-13
       0.104     0.647122     0.246993       1.4683 -1.75288e-13 -3.48917e-13
       0.105     0.645074      0.24788      1.46531 -1.73786e-13 -3.27078e-13
       0.106     0.643035     0.248763      1.46233 -2.63306e-13  -3.3322e-13
       0.107     0.641006     0.249641      1.45936 -1.96263e-13 -3.49113e-13
       0.108     0.638986     0.250514       1.4564 -1.41738e-13 -3.03098e-13
       0.109     0.636976     0.251384      1.45346 -2.35812e-13 -3.66348e-13
        0.11     0.634975     0.252249      1.45052 -2.43217e-13 -3.87017e-13
       0.111     0.632983      0.25311      1.44759  -1.8068e-13 -3.46462e-13
       0.112     0.631001     0.253967      1.44468 -2.02599e-13 -2.97377e-13
       0.113     0.629027      0.25482      1.44177 -2.25149e-13 -3.13475e-13
       0.114     0.627062     0.255669      1.43887 -1.67848e-13 -4.29979e-13
       0.115     0.625106     0.256514      1.43599 -2.32854e-13 -3.02599e-13
       0.116     0.623159     0.257355      1.43311 -1.99438e-13 -2.52365e-13
       0.117     0.621221     0.258192      1.43024 -2.30654e-13 -3.94273e-13
       0.118     0.619291     0.259026      1.42738 -1.91607e-13 -3.18126e-13
       0.119     0.617369     0.259856      1.42453 -1.29429e-13 -3.90597e-13
        0.12     0.615456     0.260682      1.42169 -2.56112e-13 -3.65767e-13
       0.121     0.613551     0.261505      1.41886 -1.96628e-13 -3.10267e-13
       0.122     0.611654     0.262324      1.41604 -1.94028e-13 -3.00808e-13
       0.123     0.609765      0.26314      1.41323 -2.57578e-13  -3.4594e-13
       0.124     0.607885     0.263952      1.41043 -2.15597e-13 -3.27799e-13
       0.125     0.606012     0.264761      1.40763 -1.41624e-13  -4.0594e-13
       0.126     0.604147     0.265566      1.40485 -2.11109e-13 -3.09594e-13
       0.127      0.60229     0.266369      1.40207 -2.33915e-13 -3.36044e-13
       0.128      0.60044     0.267168       1.3993 -2.22523e-13 -3.66678e-13
       0.129     0.598599     0.267964      1.39654 -1.48015e-13 -3.55014e-13
        0.13     0.596765     0.268757      1.39379 -2.43826e-13 -2.82787e-13
       0.131     0.594938     0.269546      1.39104 -2.35762e-13 -4.01313e-13
       0.132     0.593119     0.270333      1.38831 -1.76762e-13 -3.52764e-13
       0.133     0.591307     0.271117      1.38558 -2.04031e-13 -2.72312e-13
       0.134     0.589502     0.271897      1.38286 -1.87599e-13 -3.77128e-13
       0.135     0.587705     0.272675      1.38015 -1.55887e-13 -3.42385e-13
       0.136     0.585915      0.27345      1.37744 -2.45159e-13  -3.2936e-13
       0.137     0.584131     0.274222      1.37475 -2.12433e-13 -3.91149e-13
       0.138     0.582355     0.274991      1.37206 -2.57271e-13 -2.90841e-13
       0.139     0.580586     0.275757      1.36938 -2.07584e-13 -3.56971e-13
        0.14     0.578824     0.276521       1.3667 -1.34029e-13 -2.89551e-13
       0.141     0.577069     0.277282      1.36404 -2.24579e-13 -3.22747e-13
       0.142      0.57532      0.27804      1.36138 -2.42501e-13 -4.06048e-13
       0.143     0.573578     0.278795      1.35873 -1.76202e-13 -3.87517e-13
       0.144     0.571843     0.279548      1.35608  -1.7098e-13 -3.02081e-13
       0.145     0.570114     0.280299      1.35345 -2.53355e-13 -3.44828e-13
       0.146     0.568392     0.281047      1.35082 -1.84164e-13 -3.37563e-13
       0.147     0.566677     0.281792      1.34819 -2.42588e-13 -3.86197e-13
       0.148     0.564968     0.282535      1.34558 -1.34612e-13 -2.61548e-13
       0.149     0.563265     0.283275      1.34297 -2.44411e-13 -4.28309e-13
        0.15     0.561569     0.284013      1.34037 -2.34928e-13 -2.95233e-13
       0.151     0.559879     0.284748      1.33777 -1.66643e-13 -3.56935e-13
       0.152     0.558195     0.285482      1.33519 -2.60582e-13 -3.16527e-13
       0.153     0.556517     0.286212      1.33261 -1.65149e-13 -3.97769e-13
       0.154     0.554846     0.286941      1.33003 -2.06118e-13 -2.69399e-13
       0.155     0.553181     0.287667      1.32746 -2.19154e-13 -3.71969e-13
       0.156     0.551521     0.288391       1.3249 -1.95029e-13 -3.06869e-13
       0.157     0.549868     0.289113      1.32235 -2.31933e-13 -3.80745e-13
       0.158     0.548221     0.289833       1.3198 -1.40427e-13 -2.90103e-13
       0.159     0.546579      0.29055      1.31726 -2.25648e-13 -3.62379e-13
        0.16     0.544944     0.291265      1.31472 -2.04899e-13  -4.0079e-13
       0.161     0.543314     0.291978      1.31219 -2.34603e-13 -2.26305e-13
       0.162      0.54169     0.292689      1.30967 -1.74867e-13  -4.3583e-13
       0.163     0.540072     0.293398      1.30715 -1.81266e-13 -2.98454e-13
       0.164     0.538459     0.294105      1.30464 -2.25086e-13 -3.98162e-13
       0.165     0.536852      0.29481      1.30214 -1.48416e-13 -2.95979e-13
       0.166     0.535251     0.295513      1.29964  -2.0723e-13 -3.78486e-13
       0.167     0.533655     0.296214      1.29715 -3.00402e-13 -3.06627e-13
       0.168     0.532065     0.296912      1.29466 -1.12887e-13 -3.58368e-13
       0.169      0.53048     0.297609      1.29218 -2.99187e-13 -3.69272e-13
        0.17     0.528901     0.298304      1.28971 -1.72358e-13  -3.0106e-13
       0.171     0.527327     0.298997      1.28724 -2.37925e-13 -3.98843e-13
       0.172     0.525759     0.299689      1.28478 -1.13473e-13 -3.08224e-13
       0.173     0.524195     0.300378      1.28232 -2.55416e-13 -3.21903e-13
       0.174     0.522638     0.301066      1.27987  -2.2779e-13 -3.93217e-13
       0.175     0.521085     0.301751      1.27742 -1.63116e-13 -2.36988e-13
       0.176     0.519538     0.302435      1.27498 -2.62511e-13 -4.66122e-13
       0.177     0.517995     0.303117      1.27255 -1.79168e-13  -3.0818e-13
       0.178     0.516458     0.303798      1.27012 -1.88967e-13 -3.35135e-13
       0.179     0.514926     0.304476       1.2677 -1.90874e-13 -3.91637e-13
        0.18       0.5134     0.305153      1.26528 -2.64889e-13 -2.74097e-13
       0.181     0.511878     0.305829      1.26287 -2.11869e-13 -3.53439e-13
       0.182     0.510361     0.306502      1.26046 -1.99084e-13  -3.7051e-13
       0.183     0.508849     0.307174      1.25806 -1.77433e-13 -3.17383e-13
       0.184     0.507342     0.307844      1.25566 -1.96494e-13 -3.77654e-13
       0.185      0.50584     0.308513      1.25327 -2.65357e-13 -3.22579e-13
       0.186     0.504343      0.30918      1.25089 -1.60575e-13 -3.50653e-13
       0.187     0.502851     0.309845      1.24851 -1.80194e-13 -3.27164e-13
       0.188     0.501364     0.310509      1.24613 -2.28164e-13 -3.40265e-13
       0.189     0.499881     0.311171      1.24376 -1.93684e-13 -3.55575e-13
        0.19     0.498403     0.311831       1.2414 -2.11528e-13 -3.50812e-13
       0.191      0.49693     0.312491      1.23904 -2.08661e-13 -3.16945e-13
       0.192     0.495462     0.313148      1.23668 -2.26956e-13 -3.03425e-13
       0.193     0.493998     0.313804      1.23433 -1.89782e-13 -3.18404e-13
       0.194     0.492539     0.314459      1.23199 -2.08125e-13 -4.00327e-13
       0.195     0.491085     0.315112      1.22965 -1.96968e-13 -4.04871e-13
       0.196     0.489635     0.315764      1.22731 -2.14242e-13 -3.05167e-13
       0.197      0.48819     0.316414      1.22498 -1.89331e-13 -3.48955e-13
       0.198     0.486749     0.317062      1.22266  -2.2027e-13 -3.08035e-13
       0.199     0.485313      0.31771      1.22034 -2.31862e-13 -4.03053e-13
         0.2     0.483881     0.318356      1.21802 -1.81389e-13 -2.58189e-13
       0.201     0.482453        0.319      1.21571 -2.27517e-13 -4.14223e-13
       0.202      0.48103     0.319644       1.2134 -1.87255e-13 -3.36977e-13
       0.203     0.479612     0.320285       1.2111 -2.31687e-13 -3.62464e-13
       0.204     0.478198     0.320926       1.2088   -2.061e-13 -3.94166e-13
       0.205     0.476788     0.321565      1.20651 -1.81586e-13  -3.0479e-13
       0.206     0.475382     0.322203      1.20422 -1.93749e-13 -2.72082e-13
       0.207     0.473981     0.322839      1.20194 -2.33147e-13 -3.50443e-13
       0.208     0.472584     0.323474      1.19966 -1.75782e-13 -3.73751e-13
       0.209     0.471191     0.324108      1.19739 -2.31445e-13 -3.52514e-13
        0.21     0.469803     0.324741      1.19512 -2.09903e-13 -2.98248e-13
       0.211     0.468419     0.325372      1.19285 -2.08652e-13 -4.00477e-13
       0.212     0.467039     0.326002      1.19059 -1.87534e-13 -2.77653e-13
       0.213     0.465663     0.326631      1.18834 -2.01059e-13 -3.94643e-13
       0.214     0.464291     0.327259      1.18609 -2.15614e-13 -3.73561e-13
       0.215     0.462923     0.327885      1.18384 -1.94792e-13 -2.55513e-13
       0.216     0.461559     0.328511       1.1816 -2.10684e-13 -3.98307e-13
       0.217       0.4602     0.329135      1.17936 -2.32587e-13  -2.9244e-13
       0.218     0.458844     0.329758      1.17712 -1.88355e-13 -3.83568e-13
       0.219     0.457493     0.330379      1.17489 -2.02268e-13 -3.73904e-13
        0.22     0.456145        0.331      1.17267 -2.03673e-13  -3.2167e-13
       0.221     0.454802     0.331619      1.17044   -2.292e-13 -3.82854e-13
       0.222     0.453462     0.332237      1.16823 -2.18835e-13 -3.74038e-13
       0.223     0.452126     0.332855      1.16601 -1.58095e-13  -2.3578e-13
       0.224     0.450794     0.333471       1.1638 -2.39551e-13 -3.77907e-13
       0.225     0.449466     0.334086       1.1616 -1.64916e-13 -4.18207e-13
       0.226     0.448142     0.334699       1.1594 -2.07772e-13 -2.81567e-13
       0.227     0.446822     0.335312       1.1572 -2.40167e-13 -3.64989e-13
       0.228     0.445506     0.335924      1.15501 -2.39046e-13 -3.77543e-13
       0.229     0.444193     0.336534      1.15282 -1.67502e-13 -2.26698e-13
        0.23     0.442884     0.337144      1.15064 -1.69979e-13 -4.15305e-13
       0.231     0.441579     0.337752      1.14845 -2.32623e-13 -3.82702e-13
       0.232     0.440278      0.33836      1.14628 -2.41981e-13 -3.22761e-13
       0.233     0.438981     0.338966      1.14411 -1.86866e-13 -2.74476e-13
       0.234     0.437687     0.339572      1.14194 -1.96981e-13  -3.4306e-13
       0.235     0.436397     0.340176      1.13977 -2.08836e-13 -4.09054e-13
       0.236      0.43511      0.34078      1.13761 -1.87118e-13 -3.96267e-13
       0.237     0.433827     0.341382      1.13545 -2.40876e-13 -3.27576e-13
       0.238     0.432548     0.341983       1.1333  -2.1266e-13 -3.06625e-13
       0.239     0.431272     0.342584      1.13115 -2.02692e-13 -3.25179e-13
        0.24         0.43     0.343183        1.129 -1.93349e-13 -3.95833e-13
       0.241     0.428732     0.343782      1.12686 -1.69207e-13 -2.83261e-13
       0.242     0.427467      0.34438      1.12472  -2.7077e-13 -3.48744e-13
       0.243     0.426206     0.344976      1.12259   -2.105e-13  -3.9575e-13
       0.244     0.424948     0.345572      1.12046 -1.78414e-13 -3.10656e-13
       0.245     0.423694     0.346167      1.11833  -2.0093e-13  -3.0994e-13
       0.246     0.422443     0.346761      1.11621 -2.34695e-13 -3.36598e-13
       0.247     0.421196     0.347354      1.11409 -1.84269e-13 -4.67762e-13
       0.248     0.419952     0.347946      1.11197 -2.21142e-13 -2.74594e-13
       0.249     0.418711     0.348537      1.10986 -1.94583e-13 -3.81434e-13
        0.25     0.417475     0.349128      1.10775 -1.94946e-13 -3.29772e-13
       0.251     0.416241     0.349717      1.10564 -2.27212e-13 -3.47598e-13
       0.252     0.415011     0.350306      1.10354 -2.08749e-13 -3.41049e-13
       0.253     0.413784     0.350893      1.10144 -2.02765e-13 -3.59409e-13
       0.254     0.412561      0.35148      1.09935 -1.98522e-13 -3.85062e-13
       0.255     0.411341     0.352066      1.09726 -1.79462e-13 -2.45049e-13
       0.256     0.410124     0.352652      1.09517 -2.63228e-13 -4.14186e-13
       0.257      0.40891     0.353236      1.09309 -1.84565e-13 -3.25655e-13
       0.258       0.4077      0.35382      1.09101 -2.02856e-13 -3.14011e-13
       0.259     0.406493     0.354403      1.08893 -1.86652e-13 -3.96866e-13
        0.26      0.40529     0.354984      1.08686 -2.26541e-13 -3.34781e-13
       0.261      0.40409     0.355566      1.08479 -1.89839e-13  -3.1456e-13
       0.262     0.402893     0.356146      1.08272 -2.31583e-13 -3.35719e-13
       0.263     0.401699     0.356726      1.08066 -1.69193e-13 -3.21215e-13
       0.264     0.400508     0.357305      1.07859 -2.22242e-13 -4.76495e-13
       0.265     0.399321     0.357883      1.07654  -2.0929e-13 -3.60082e-13
       0.266     0.398136      0.35846      1.07448 -2.39411e-13 -2.10806e-13
       0.267     0.396955     0.359036      1.07243 -2.17962e-13 -4.82297e-13
       0.268     0.395777     0.359612      1.07039  -2.0064e-13 -1.99308e-13
       0.269     0.394603     0.360187      1.06834 -1.74155e-13 -4.53529e-13
        0.27     0.393431     0.360762       1.0663 -2.34744e-13   -2.977e-13
       0.271     0.392263     0.361335      1.06427 -1.68572e-13  -4.2014e-13
       0.272     0.391097     0.361908      1.06223 -2.32449e-13 -2.89327e-13
       0.273     0.389935      0.36248       1.0602 -2.12303e-13 -4.18656e-13
       0.274     0.388775     0.363052      1.05818 -1.98799e-13 -2.36801e-13
       0.275     0.387619     0.363622      1.05615 -2.42575e-13 -4.30606e-13
       0.276     0.386466     0.364193      1.05413 -1.77792e-13 -3.32121e-13
       0.277     0.385316     0.364762      1.05211 -2.27221e-13  -2.8669e-13
       0.278     0.384169     0.365331       1.0501 -1.84416e-13 -4.55799e-13
       0.279     0.383025     0.365899      1.04809 -2.12645e-13 -3.31526e-13
        0.28     0.381884     0.366466      1.04608 -2.20061e-13 -3.59039e-13
       0.281     0.380746     0.367033      1.04407 -2.07075e-13 -2.60317e-13
       0.282     0.379611     0.367599      1.04207 -2.37494e-13 -4.09011e-13
       0.283     0.378478     0.368164      1.04007  -1.5535e-13 -3.45759e-13
       0.284     0.377349     0.368729      1.03808 -2.31996e-13 -3.03137e-13
       0.285     0.376223     0.369293      1.03608 -2.23914e-13  -3.3114e-13
       0.286       0.3751     0.369856      1.03409  -1.7921e-13 -3.67253e-13
       0.287     0.373979     0.370419      1.03211 -1.86272e-13 -3.38306e-13
       0.288     0.372862     0.370981      1.03012 -2.35194e-13 -2.90171e-13
       0.289     0.371747     0.371543      1.02814 -2.33657e-13 -4.30743e-13
        0.29     0.370635     0.372103      1.02616 -1.57999e-13 -3.41135e-13
       0.291     0.369526     0.372664      1.02419 -2.28591e-13 -4.06761e-13
       0.292      0.36842     0.373223      1.02222 -2.32521e-13 -2.93515e-13
       0.293     0.367317     0.373783      1.02025 -1.60208e-13 -3.30597e-13
       0.294     0.366217     0.374341      1.01828 -2.04084e-13 -2.72385e-13
       0.295     0.365119     0.374899      1.01632 -2.31149e-13 -4.78985e-13
       0.296     0.364024     0.375456      1.01436 -2.28564e-13 -3.14523e-13
       0.297     0.362932     0.376013       1.0124 -1.76988e-13 -3.67481e-13
       0.298     0.361843     0.376569      1.01045 -2.31729e-13 -3.25815e-13
       0.299     0.360757     0.377125       1.0085 -2.07508e-13 -3.70529e-13
         0.3     0.359673      0.37768      1.00655 -1.87774e-13 -2.73017e-13
       0.301     0.358592     0.378235       1.0046 -2.21437e-13 -4.34683e-13
       0.302     0.357514     0.378788      1.00266 -1.61308e-13 -3.22052e-13
       0.303     0.356439     0.379342      1.00072 -2.77547e-13 -2.97228e-13
       0.304     0.355366     0.379895     0.998783 -2.03267e-13 -4.71968e-13
       0.305     0.354296     0.380447     0.996849 -1.88746e-13 -2.71405e-13
       0.306     0.353229     0.380999     0.994917  -2.2609e-13  -2.9268e-13
       0.307     0.352164      0.38155     0.992989 -1.71936e-13 -3.62012e-13
       0.308     0.351102     0.382101     0.991063  -2.1802e-13 -3.59285e-13
       0.309     0.350043     0.382651      0.98914 -2.36014e-13 -3.99916e-13
        0.31     0.348986     0.383201     0.987219 -2.30846e-13 -3.32672e-13
       0.311     0.347932      0.38375     0.985302 -1.89761e-13 -3.06632e-13
       0.312     0.346881     0.384299     0.983387 -1.99335e-13 -3.91784e-13
       0.313     0.345832     0.384847     0.981475 -1.99627e-13 -2.94075e-13
       0.314     0.344786     0.385395     0.979565 -2.23818e-13 -3.89372e-13
       0.315     0.343743     0.385942     0.977658 -2.11252e-13 -3.32114e-13
       0.316     0.342702     0.386489     0.975754 -1.91312e-13 -4.09903e-13
       0.317     0.341664     0.387035     0.973853 -1.96186e-13 -3.93625e-13
       0.318     0.340628     0.387581     0.971954 -2.17454e-13 -2.44763e-13
       0.319     0.339595     0.388126     0.970058 -2.12314e-13 -3.66098e-13
        0.32     0.338565     0.388671     0.968165 -1.86051e-13 -2.79644e-13
       0.321     0.337537     0.389215     0.966274 -2.25211e-13 -4.41905e-13
       0.322     0.336511     0.389759     0.964386 -2.22166e-13 -2.60595e-13
       0.323     0.335488     0.390303     0.962501 -1.85313e-13 -4.18323e-13
       0.324     0.334468     0.390846     0.960618 -2.43506e-13 -4.28411e-13
       0.325      0.33345     0.391389     0.958737 -1.92638e-13 -2.65818e-13
       0.326     0.332435     0.391931      0.95686 -2.08314e-13 -2.88763e-13
       0.327     0.331422     0.392472     0.954985 -1.60752e-13 -4.98328e-13
       0.328     0.330412     0.393014     0.953112 -2.55814e-13  -2.5928e-13
       0.329     0.329404     0.393555     0.951242  -1.6823e-13   -2.929e-13
        0.33     0.328399     0.394095     0.949375  -2.0994e-13 -3.52903e-13
       0.331     0.327396     0.394635      0.94751 -2.60522e-13 -3.71143e-13
       0.332     0.326395     0.395175     0.945647 -1.89244e-13 -3.37989e-13
       0.333     0.325397     0.395714     0.943788 -1.82084e-13 -4.59481e-13
       0.334     0.324402     0.396253      0.94193 -2.36241e-13 -3.09711e-13
       0.335     0.323408     0.396791     0.940075 -2.13399e-13 -3.18493e-13
       0.336     0.322418     0.397329     0.938223  -1.7333e-13 -3.61753e-13
       0.337     0.321429     0.397867     0.936373  -2.5821e-13  -2.7684e-13
       0.338     0.320443     0.398404     0.934526 -1.83216e-13 -4.60702e-13
       0.339      0.31946     0.398941     0.932681 -2.31401e-13 -3.28484e-13
        0.34     0.318479     0.399477     0.930839 -1.67714e-13 -4.19147e-13
       0.341       0.3175     0.400013     0.928999 -2.77945e-13 -2.99974e-13
       0.342     0.316524     0.400549     0.927161 -1.98139e-13 -3.57278e-13
       0.343      0.31555     0.401084     0.925326 -2.17031e-13 -3.97123e-13
       0.344     0.314578     0.401619     0.923493 -1.27514e-13 -3.12456e-13
       0.345     0.313609     0.402154     0.921663 -2.78856e-13 -3.72948e-13
       0.346     0.312642     0.402688     0.919835 -2.09395e-13 -3.42549e-13
       0.347     0.311677     0.403222      0.91801 -1.79818e-13 -3.24359e-13
       0.348     0.310715     0.403755     0.916187 -2.20685e-13  -3.7635e-13
       0.349     0.309755     0.404288     0.914366 -2.41256e-13 -3.00025e-13
        0.35     0.308797     0.404821     0.912548 -1.72838e-13 -3.40457e-13
       0.351     0.307842     0.405354     0.910732 -2.04538e-13 -4.05543e-13
       0.352     0.306889     0.405886     0.908918 -2.29205e-13 -2.49528e-13
       0.353     0.305938     0.406418     0.907107 -1.97407e-13 -4.03105e-13
       0.354      0.30499     0.406949     0.905298 -2.39589e-13 -3.77221e-13
       0.355     0.304043      0.40748     0.903491 -1.64244e-13 -3.22922e-13
       0.356     0.303099     0.408011     0.901687 -2.60657e-13 -4.28133e-13
       0.357     0.302158     0.408542     0.899885 -1.73688e-13  -3.9397e-13
       0.358     0.301218     0.409072     0.898085  -1.9215e-13  -2.4839e-13
       0.359     0.300281     0.409602     0.896288 -2.05481e-13 -3.72246e-13
        0.36     0.299346     0.410131     0.894493 -2.05623e-13 -2.88223e-13
       0.361     0.298413      0.41066       0.8927 -2.20911e-13 -4.82854e-13
       0.362     0.297483     0.411189      0.89091 -1.99248e-13 -2.26579e-13
       0.363     0.296554     0.411718     0.889121 -2.10025e-13 -2.88713e-13
       0.364     0.295628     0.412246     0.887335  -2.3423e-13  -4.7008e-13
       0.365     0.294704     0.412775     0.885552  -2.0491e-13 -2.65032e-13
       0.366     0.293783     0.413302      0.88377  -2.4584e-13 -4.47922e-13
       0.367     0.292863      0.41383     0.881991  -1.2528e-13 -3.43877e-13
       0.368     0.291946     0.414357     0.880214 -2.97003e-13 -2.59437e-13
       0.369     0.291031     0.414884     0.878439 -1.61026e-13 -4.19887e-13
        0.37     0.290118     0.415411     0.876667 -2.02355e-13 -3.90772e-13
       0.371     0.289207     0.415937     0.874896 -2.02357e-13 -3.43495e-13
       0.372     0.288298     0.416463     0.873128 -2.36323e-13 -3.40422e-13
       0.373     0.287392     0.416989     0.871362 -2.20579e-13 -3.94739e-13
       0.374     0.286487     0.417515     0.869598 -1.86854e-13 -2.39129e-13
       0.375     0.285585      0.41804     0.867837 -1.97895e-13 -4.69603e-13
       0.376     0.284685     0.418565     0.866077 -1.89548e-13 -3.11713e-13
       0.377     0.283787      0.41909      0.86432 -2.51835e-13 -2.48864e-13
       0.378     0.282891     0.419615     0.862565 -1.62302e-13 -4.17196e-13
       0.379     0.281997     0.420139     0.860812 -2.73329e-13 -4.32768e-13
        0.38     0.281105     0.420663     0.859061 -1.67576e-13   -3.285e-13
       0.381     0.280216     0.421187     0.857312 -2.27585e-13 -3.97914e-13
       0.382     0.279328     0.421711     0.855566 -2.06202e-13 -2.52561e-13
       0.383     0.278443     0.422234     0.853821 -2.26938e-13 -4.35263e-13
       0.384     0.277559     0.422757     0.852079 -2.05942e-13 -3.61238e-13
       0.385     0.276678      0.42328     0.850339 -2.13454e-13 -1.97725e-13
       0.386     0.275799     0.423803     0.848601 -1.92942e-13 -4.66709e-13
       0.387     0.274922     0.424326     0.846865 -2.27465e-13 -2.82683e-13
       0.388     0.274046     0.424848     0.845131 -1.78574e-13  -3.9226e-13
       0.389     0.273173      0.42537     0.843399 -1.84219e-13 -4.50634e-13
        0.39     0.272302     0.425892     0.841669 -2.61755e-13 -3.07133e-13
       0.391     0.271433     0.426414     0.839941  -2.1272e-13  -3.1108e-13
       0.392     0.270566     0.426935     0.838216 -2.10208e-13 -3.60119e-13
       0.393     0.269701     0.427456     0.836492 -1.63459e-13 -3.79703e-13
       0.394     0.268839     0.427978      0.83477 -2.73529e-13 -3.78921e-13
       0.395     0.267978     0.428498     0.833051 -1.62455e-13  -2.6956e-13
       0.396     0.267119     0.429019     0.831333 -2.39001e-13 -3.33188e-13
       0.397     0.266262      0.42954     0.829618 -2.01512e-13 -4.39691e-13
       0.398     0.265407      0.43006     0.827905 -2.38082e-13  -3.9686e-13
       0.399     0.264554      0.43058     0.826193 -1.97738e-13 -3.07301e-13
         0.4     0.263703       0.4311     0.824484 -2.33956e-13 -3.61521e-13
       0.401     0.262854      0.43162     0.822776 -1.22242e-13 -4.06172e-13
       0.402     0.262007      0.43214     0.821071 -2.50441e-13 -2.96633e-13
       0.403     0.261162     0.432659     0.819368  -1.6962e-13 -3.52579e-13
       0.404     0.260319     0.433178     0.817666 -2.60113e-13 -3.50733e-13
       0.405     0.259478     0.433697     0.815967 -2.25059e-13  -2.9831e-13
       0.406     0.258638     0.434216     0.814269 -1.87121e-13 -4.52635e-13
       0.407     0.257801     0.434735     0.812574 -2.44145e-13 -2.71422e-13
       0.408     0.256966     0.435254      0.81088 -1.95795e-13 -4.04166e-13
       0.409     0.256132     0.435772     0.809189 -2.31195e-13 -3.49669e-13
        0.41     0.255301     0.436291     0.807499 -1.33444e-13 -3.78644e-13
       0.411     0.254471     0.436809     0.805811 -2.50476e-13 -3.59189e-13
       0.412     0.253644     0.437327     0.804126 -2.30966e-13 -2.92155e-13
       0.413     0.252818     0.437845     0.802442 -2.05442e-13  -3.9085e-13
       0.414     0.251994     0.438362      0.80076 -1.96155e-13 -2.90568e-13
       0.415     0.251172      0.43888      0.79908 -2.34423e-13 -4.18607e-13
       0.416     0.250352     0.439398     0.797402 -2.02098e-13 -3.98897e-13
       0.417     0.249534     0.439915     0.795726 -2.02299e-13 -3.12412e-13
       0.418     0.248718     0.440432     0.794051 -2.43506e-13 -3.81895e-13
       0.419     0.247904     0.440949     0.792379 -1.72809e-13 -3.13617e-13
        0.42     0.247091     0.441466     0.790709 -2.18281e-13 -3.22472e-13
       0.421     0.246281     0.441983      0.78904 -2.43988e-13 -3.69272e-13
       0.422     0.245472       0.4425     0.787373 -1.94834e-13 -3.88695e-13
       0.423     0.244665     0.443017     0.785709  -2.1104e-13 -3.09014e-13
       0.424      0.24386     0.443533     0.784046 -2.24079e-13 -3.54294e-13
       0.425     0.243057      0.44405     0.782385   -1.997e-13  -3.6136e-13
       0.426     0.242255     0.444566     0.780725 -2.10602e-13 -4.36294e-13
       0.427     0.241456     0.445082     0.779068 -2.23319e-13 -3.08525e-13
       0.428     0.240658     0.445598     0.777413 -1.96041e-13 -3.38233e-13
       0.429     0.239862     0.446114     0.775759 -2.04001e-13 -4.98519e-13
        0.43     0.239068      0.44663     0.774107 -2.10218e-13 -1.54862e-13
       0.431     0.238276     0.447146     0.772457 -2.20715e-13 -4.70613e-13
       0.432     0.237486     0.447662     0.770809 -2.09673e-13 -2.56071e-13
       0.433     0.236697     0.448178     0.769163 -1.96236e-13 -4.32801e-13
       0.434      0.23591     0.448693     0.767518 -2.27349e-13 -3.37937e-13
       0.435     0.235126     0.449209     0.765875 -2.23025e-13 -4.16343e-13
       0.436     0.234342     0.449724     0.764234 -1.93565e-13 -2.34103e-13
       0.437     0.233561     0.450239     0.762595  -2.1195e-13 -3.94473e-13
       0.438     0.232781     0.450755     0.760958 -2.19684e-13 -3.77037e-13
       0.439     0.232004      0.45127     0.759323 -1.93502e-13 -4.00883e-13
        0.44     0.231228     0.451785     0.757689 -2.22792e-13 -3.72321e-13
       0.441     0.230453       0.4523     0.756057 -2.21618e-13 -2.78467e-13
       0.442     0.229681     0.452815     0.754427 -2.04682e-13 -3.71574e-13
       0.443      0.22891      0.45333     0.752798  -1.9091e-13 -4.14875e-13
       0.444     0.228141     0.453845     0.751172 -2.41657e-13 -3.50185e-13
       0.445     0.227374      0.45436     0.749547 -1.98159e-13 -3.30705e-13
       0.446     0.226609     0.454875     0.747924 -2.01309e-13 -3.36612e-13
       0.447     0.225845     0.455389     0.746302 -2.23113e-13 -4.24174e-13
       0.448     0.225083     0.455904     0.744683 -1.98523e-13 -3.04378e-13
       0.449     0.224323     0.456419     0.743065 -2.22848e-13 -3.28014e-13
        0.45     0.223564     0.456933     0.741449 -2.19633e-13 -3.26963e-13
       0.451     0.222807     0.457448     0.739834 -2.18555e-13  -4.2873e-13
       0.452     0.222052     0.457963     0.738222 -2.15024e-13 -2.94026e-13
       0.453     0.221299     0.458477     0.736611 -2.02821e-13 -4.45094e-13
       0.454     0.220547     0.458992     0.735001 -2.21502e-13 -3.49656e-13
       0.455     0.219798     0.459506     0.733394 -1.73461e-13 -3.08923e-13
       0.456     0.219049      0.46002     0.731788 -2.15688e-13 -4.06453e-13
       0.457     0.218303     0.460535     0.730184 -2.42384e-13  -4.2977e-13
       0.458     0.217558     0.461049     0.728582  -2.0967e-13 -1.98862e-13
       0.459     0.216815     0.461564     0.726981 -2.22725e-13 -4.23098e-13
        0.46     0.216074     0.462078     0.725382 -1.85857e-13 -3.63363e-13
       0.461     0.215334     0.462592     0.723784 -2.32704e-13 -3.93297e-13
       0.462     0.214596     0.463107     0.722189 -1.93773e-13  -4.3392e-13
       0.463      0.21386     0.463621     0.720595 -2.11482e-13 -2.39553e-13
       0.464     0.213125     0.464135     0.719003 -2.51902e-13 -3.70943e-13
       0.465     0.212392      0.46465     0.717412 -1.91395e-13 -3.47968e-13
       0.466     0.211661     0.465164     0.715823 -1.94655e-13 -3.91247e-13
       0.467     0.210931     0.465678     0.714236 -2.38438e-13 -2.57387e-13
       0.468     0.210203     0.466193      0.71265 -1.84945e-13 -4.00193e-13
       0.469     0.209477     0.466707     0.711066 -2.13045e-13 -3.68786e-13
        0.47     0.208752     0.467222     0.709484 -2.46369e-13 -4.77195e-13
       0.471     0.208029     0.467736     0.707903 -1.88617e-13  -1.8293e-13
       0.472     0.207308      0.46825     0.706324 -2.33334e-13 -4.18613e-13
       0.473     0.206588     0.468765     0.704746 -2.13181e-13 -4.31441e-13
       0.474      0.20587     0.469279      0.70317 -2.07614e-13 -4.13392e-13
       0.475     0.205153     0.469794     0.701596 -1.65014e-13 -2.96007e-13
       0.476     0.204438     0.470308     0.700024 -2.36075e-13 -3.77843e-13
       0.477     0.203725     0.470823     0.698453 -2.31128e-13 -3.09431e-13
       0.478     0.203014     0.471337     0.696883 -1.82636e-13 -3.11742e-13
       0.479     0.202304     0.471852     0.695316 -2.26672e-13 -3.83196e-13
        0.48     0.201595     0.472367     0.693749 -2.21666e-13 -3.18689e-13
       0.481     0.200888     0.472881     0.692185 -2.34163e-13 -5.06269e-13
       0.482     0.200183     0.473396     0.690622 -1.86771e-13  -3.4799e-13
       0.483      0.19948     0.473911     0.689061 -1.96927e-13 -2.29226e-13
       0.484     0.198778     0.474426     0.687501 -2.20441e-13 -4.01682e-13
       0.485     0.198077      0.47494     0.685943 -2.57405e-13  -3.2476e-13
       0.486     0.197379     0.475455     0.684386 -1.60642e-13 -3.65828e-13
       0.487     0.196681      0.47597     0.682831  -2.3442e-13 -4.00659e-13
       0.488     0.195986     0.476485     0.681278  -2.1855e-13 -3.65558e-13
       0.489     0.195292        0.477     0.679726 -1.96814e-13 -4.04548e-13
        0.49     0.194599     0.477516     0.678175 -2.47324e-13 -3.36636e-13
       0.491     0.193908     0.478031     0.676626 -2.21934e-13 -3.43857e-13
       0.492     0.193219     0.478546     0.675079  -1.4535e-13 -3.15018e-13
       0.493     0.192531     0.479061     0.673534 -2.26423e-13 -4.45063e-13
       0.494     0.191845     0.479577     0.671989 -2.35015e-13 -2.98775e-13
       0.495     0.191161     0.480092     0.670447 -2.28566e-13 -3.43914e-13
       0.496     0.190478     0.480608     0.668906 -1.99178e-13 -5.00483e-13
       0.497     0.189796     0.481124     0.667366 -1.77309e-13 -2.63229e-13
       0.498     0.189116     0.481639     0.665828 -2.35406e-13 -4.08825e-13
       0.499     0.188438     0.482155     0.664292 -2.06309e-13 -2.72122e-13
         0.5     0.187761     0.482671     0.662757 -2.29576e-13 -4.21538e-13
       0.501     0.187085     0.483187     0.661223 -2.29778e-13 -3.31975e-13
       0.502     0.186412     0.483703     0.659692 -1.87402e-13 -3.92774e-13
       0.503     0.185739      0.48422     0.658161  -2.2533e-13 -4.39239e-13
       0.504     0.185069     0.484736     0.656632 -2.41883e-13 -2.60038e-13
       0.505     0.184399     0.485252     0.655105 -1.91285e-13 -3.19829e-13
       0.506     0.183732     0.485769     0.653579 -1.92697e-13 -4.71503e-13
       0.507     0.183066     0.486286     0.652055 -2.08796e-13 -3.09012e-13
       0.508     0.182401     0.486802     0.650532 -2.41481e-13 -4.36067e-13
       0.509     0.181738     0.487319      0.64901  -2.2122e-13 -2.82221e-13
        0.51     0.181076     0.487836      0.64749 -2.03659e-13  -3.6272e-13
       0.511     0.180416     0.488353     0.645972 -1.84699e-13 -3.77564e-13
       0.512     0.179757      0.48887     0.644455 -2.47652e-13 -3.46093e-13
       0.513       0.1791     0.489388     0.642939 -2.19112e-13 -3.80172e-13
       0.514     0.178445     0.489905     0.641425 -2.35027e-13  -3.2757e-13
       0.515      0.17779     0.490423     0.639913 -1.89215e-13 -3.86229e-13
       0.516     0.177138     0.490941     0.638402 -1.71331e-13 -3.54004e-13
       0.517     0.176487     0.491458     0.636892 -2.60171e-13 -3.72691e-13
       0.518     0.175837     0.491976     0.635384 -2.31828e-13 -3.84505e-13
       0.519     0.175189     0.492495     0.633877  -1.6664e-13  -3.3739e-13
        0.52     0.174542     0.493013     0.632372  -2.4381e-13 -3.33716e-13
       0.521     0.173897     0.493531     0.630868 -1.94349e-13 -4.11426e-13
       0.522     0.173253      0.49405     0.629366 -2.01376e-13 -4.62038e-13
       0.523     0.172611     0.494568     0.627865 -2.30767e-13 -2.98546e-13
       0.524      0.17197     0.495087     0.626365  -2.4096e-13 -3.27844e-13
       0.525     0.171331     0.495606     0.624867 -1.57552e-13 -4.41425e-13
       0.526     0.170693     0.496126     0.623371 -2.51944e-13 -3.91249e-13
       0.527     0.170056     0.496645     0.621875   -2.083e-13 -2.08712e-13
       0.528     0.169421     0.497164     0.620381 -1.93033e-13  -4.2276e-13
       0.529     0.168788     0.497684     0.618889 -2.68772e-13 -3.79583e-13
        0.53     0.168155     0.498204     0.617398  -1.8962e-13 -3.43058e-13
       0.531     0.167525     0.498724     0.615909 -2.22792e-13 -3.55657e-13
       0.532     0.166896     0.499244      0.61442 -2.28138e-13 -3.92887e-13
       0.533     0.166268     0.499764     0.612934 -1.76732e-13 -3.47537e-13
       0.534     0.165641     0.500285     0.611448  -2.3387e-13 -4.03343e-13
       0.535     0.165016     0.500806     0.609964 -2.17886e-13 -1.36014e-13
       0.536     0.164393     0.501327     0.608482 -2.10717e-13 -7.02046e-13
       0.537     0.163771     0.501848        0.607 -2.27796e-13 -1.30943e-13
       0.538      0.16315     0.502369     0.605521 -1.61784e-13  -4.3917e-13
       0.539     0.162531      0.50289     0.604042 -2.56395e-13 -5.41107e-13
        0.54     0.161913     0.503412     0.602565 -1.76776e-13 -2.61888e-13
       0.541     0.161297     0.503934      0.60109 -2.62511e-13 -2.92503e-13
       0.542     0.160682     0.504456     0.599615 -2.15757e-13 -4.01528e-13
       0.543     0.160068     0.504978     0.598142 -1.77997e-13 -4.42783e-13
       0.544     0.159456     0.505501     0.596671 -2.15152e-13 -1.70039e-13
       0.545     0.158845     0.506023     0.595201  -2.7294e-13 -7.02671e-13
       0.546     0.158236     0.506546     0.593732 -1.79941e-13 -3.14539e-13
       0.547     0.157628     0.507069     0.592264  -1.9823e-13 -5.32574e-14
       0.548     0.157022     0.507593     0.590798 -2.04778e-13 -5.56879e-13
       0.549     0.156416     0.508116     0.589333 -2.69715e-13 -4.18865e-13
        0.55     0.155813      0.50864      0.58787 -1.93123e-13 -3.95265e-13
       0.551      0.15521     0.509164     0.586408 -1.83286e-13 -2.47275e-13
       0.552     0.154609     0.509688     0.584947 -2.36145e-13 -2.66185e-13
       0.553      0.15401     0.510213     0.583488 -2.60612e-13 -5.31704e-13
       0.554     0.153411     0.510737      0.58203 -1.70206e-13 -2.63403e-13
       0.555     0.152814     0.511262     0.580573 -2.08834e-13 -4.87388e-13
       0.556     0.152219     0.511787     0.579118 -2.31215e-13 -2.10668e-13
       0.557     0.151625     0.512313     0.577664 -2.10714e-13 -5.15509e-13
       0.558     0.151032     0.512838     0.576211 -2.50618e-13 -3.66753e-13
       0.559     0.150441     0.513364     0.574759  -1.5307e-13 -4.36437e-13
        0.56     0.149851      0.51389     0.573309 -2.63566e-13  -2.2626e-13
       0.561     0.149262     0.514417      0.57186 -1.86271e-13  -4.2138e-13
       0.562     0.148675     0.514944     0.570413 -2.24634e-13 -3.93113e-13
       0.563     0.148089      0.51547     0.568967 -2.32202e-13 -4.39144e-13
       0.564     0.147504     0.515998     0.567522 -2.39247e-13 -3.21402e-13
       0.565     0.146921     0.516525     0.566078  -1.9322e-13 -3.35623e-13
       0.566     0.146339     0.517053     0.564636 -1.91053e-13 -2.26299e-13
       0.567     0.145759     0.517581     0.563195 -2.16767e-13 -4.17936e-13
       0.568     0.145179     0.518109     0.561755 -2.09953e-13  -4.5437e-13
       0.569     0.144602     0.518638     0.560317  -2.2699e-13 -3.37806e-13
        0.57     0.144025     0.519166      0.55888 -2.58242e-13 -4.51537e-13
       0.571      0.14345     0.519695     0.557444 -1.85346e-13 -1.40379e-13
       0.572     0.142876     0.520225     0.556009 -2.12101e-13 -6.14108e-13
       0.573     0.142303     0.520755     0.554576 -2.31386e-13 -1.50361e-13
       0.574     0.141732     0.521284     0.553144  -1.9178e-13 -6.03784e-13
       0.575     0.141162     0.521815     0.551713 -2.33037e-13 -4.27331e-13
       0.576     0.140594     0.522345     0.550284 -2.03187e-13 -6.13532e-14
       0.577     0.140027     0.522876     0.548856  -2.2876e-13 -5.68069e-13
       0.578     0.139461     0.523407     0.547429 -2.19499e-13 -3.05174e-13
       0.579     0.138896     0.523939     0.546003  -2.3926e-13 -5.37716e-13
        0.58     0.138333     0.524471     0.544578 -1.68818e-13 -2.28153e-13
       0.581     0.137771     0.525003     0.543155 -2.43086e-13 -2.87868e-13
       0.582      0.13721     0.525535     0.541733 -2.12834e-13 -3.55387e-13
       0.583     0.136651     0.526068     0.540313  -1.8924e-13 -4.80214e-13
       0.584     0.136093     0.526601     0.538893 -2.77124e-13 -3.21953e-13
       0.585     0.135536     0.527134     0.537475 -1.94812e-13 -2.33842e-13
       0.586     0.134981     0.527668     0.536058 -1.92333e-13 -4.32733e-13
       0.587     0.134427     0.528202     0.534642 -2.48874e-13 -5.50688e-13
       0.588     0.133874     0.528736     0.533228 -1.82228e-13 -2.90598e-13
       0.589     0.133322     0.529271     0.531815 -2.31324e-13 -1.95151e-13
        0.59     0.132772     0.529806     0.530402  -2.5379e-13 -4.73815e-13
       0.591     0.132223     0.530341     0.528992   -1.752e-13 -4.07449e-13
       0.592     0.131675     0.530877     0.527582 -1.96248e-13 -3.85997e-13
       0.593     0.131129     0.531413     0.526174 -2.60158e-13 -5.56661e-13
       0.594     0.130584      0.53195     0.524766 -1.89996e-13 -2.17112e-13
       0.595      0.13004     0.532486     0.523361 -2.58387e-13 -3.96576e-13
       0.596     0.129498     0.533024     0.521956 -1.94698e-13 -2.56602e-13
       0.597     0.128956     0.533561     0.520552  -2.3712e-13 -5.90903e-13
       0.598     0.128416     0.534099      0.51915 -1.81932e-13 -2.64064e-13
       0.599     0.127878     0.534637     0.517749 -2.11411e-13 -3.13553e-13
         0.6      0.12734     0.535176     0.516349 -2.37186e-13 -3.03911e-13
       0.601     0.126804     0.535715      0.51495 -2.39368e-13 -5.72851e-13
       0.602     0.126269     0.536254     0.513552 -2.17789e-13  -2.7008e-13
       0.603     0.125735     0.536794     0.512156 -2.00588e-13 -3.38194e-13
       0.604     0.125203     0.537334     0.510761  -2.1127e-13 -3.40868e-13
       0.605     0.124672     0.537875     0.509367 -2.16886e-13 -5.92086e-13
       0.606     0.124142     0.538416     0.507974 -2.21297e-13 -2.46384e-13
       0.607     0.123613     0.538957     0.506583 -2.13393e-13 -4.09169e-13
       0.608     0.123086     0.539499     0.505192 -2.22555e-13  -3.4782e-13
       0.609      0.12256     0.540041     0.503803 -2.10691e-13 -4.22254e-13
        0.61     0.122035     0.540583     0.502415 -2.25685e-13 -2.09575e-13
       0.611     0.121511     0.541126     0.501028  -2.1211e-13 -4.92514e-13
       0.612     0.120989      0.54167     0.499642 -2.31962e-13  -3.6703e-13
       0.613     0.120468     0.542214     0.498257 -1.92685e-13  -4.1885e-13
       0.614     0.119948     0.542758     0.496874 -2.22409e-13 -4.55372e-13
       0.615     0.119429     0.543302     0.495492 -2.26921e-13  -3.2854e-13
       0.616     0.118912     0.543848      0.49411 -2.09191e-13 -3.28634e-13
       0.617     0.118395     0.544393      0.49273 -2.46113e-13 -4.32554e-13
       0.618      0.11788     0.544939     0.491352 -2.03651e-13 -2.40664e-13
       0.619     0.117367     0.545485     0.489974 -2.04773e-13 -3.55367e-13
        0.62     0.116854     0.546032     0.488597 -2.17138e-13 -3.77445e-13
       0.621     0.116343     0.546579     0.487222 -2.46567e-13 -5.29503e-13
       0.622     0.115833     0.547127     0.485848 -2.14559e-13 -3.72453e-13
       0.623     0.115324     0.547675     0.484474 -2.27035e-13  -2.7283e-13
       0.624     0.114816     0.548224     0.483102 -1.97608e-13 -2.73373e-13
       0.625      0.11431     0.548773     0.481732 -2.20617e-13 -5.83263e-13
       0.626     0.113805     0.549322     0.480362 -2.29108e-13 -2.32773e-13
       0.627     0.113301     0.549872     0.478993 -2.08311e-13 -4.13316e-13
       0.628     0.112798     0.550423     0.477626 -2.22648e-13 -2.88712e-13
       0.629     0.112296     0.550974     0.476259 -2.10185e-13 -5.62794e-13
        0.63     0.111796     0.551525     0.474894 -2.15471e-13  -2.8361e-13
       0.631     0.111297     0.552077      0.47353  -2.3537e-13 -2.51827e-13
       0.632     0.110799      0.55263     0.472167 -2.23717e-13 -3.68398e-13
       0.633     0.110302     0.553183     0.470805 -2.24696e-13  -4.8472e-13
       0.634     0.109807     0.553736     0.469444 -2.30943e-13 -4.64984e-13
       0.635     0.109312      0.55429     0.468084 -1.99186e-13 -2.05778e-13
       0.636     0.108819     0.554844     0.466726 -2.06281e-13 -5.23549e-13
       0.637     0.108327     0.555399     0.465368 -2.25118e-13  -2.6207e-13
       0.638     0.107836     0.555955     0.464012 -2.14593e-13 -4.17879e-13
       0.639     0.107347     0.556511     0.462656 -2.29989e-13 -4.76541e-13
        0.64     0.106858     0.557067     0.461302 -2.08185e-13 -4.09154e-13
       0.641     0.106371     0.557624     0.459949 -2.20516e-13 -3.19595e-13
       0.642     0.105885     0.558181     0.458597 -2.11774e-13 -4.43827e-13
       0.643       0.1054     0.558739     0.457246 -2.42106e-13 -4.52279e-13
       0.644     0.104917     0.559298     0.455896 -2.13484e-13 -2.31269e-13
       0.645     0.104434     0.559857     0.454547 -2.50388e-13 -3.38136e-13
       0.646     0.103953     0.560417     0.453199 -1.74787e-13 -3.85501e-13
       0.647     0.103473     0.560977     0.451853 -2.53655e-13 -3.03709e-13
       0.648     0.102994     0.561538     0.450507 -2.02083e-13 -4.84692e-13
       0.649     0.102516     0.562099     0.449162 -2.33291e-13 -3.28419e-13
        0.65      0.10204     0.562661     0.447819 -2.21094e-13 -3.68112e-13
       0.651     0.101564     0.563223     0.446477 -1.94891e-13 -5.51527e-13
       0.652      0.10109     0.563786     0.445135 -2.30435e-13 -2.32077e-13
       0.653     0.100617      0.56435     0.443795 -2.17793e-13 -4.25067e-13
       0.654     0.100145     0.564914     0.442456 -2.27543e-13 -4.50108e-13
       0.655    0.0996742     0.565479     0.441117 -2.34686e-13 -2.83672e-13
       0.656    0.0992046     0.566044      0.43978 -2.12237e-13 -5.08103e-13
       0.657    0.0987361      0.56661     0.438444 -2.19956e-13 -3.47264e-13
       0.658    0.0982688     0.567176     0.437109 -2.18873e-13 -4.66108e-13
       0.659    0.0978027     0.567744     0.435775 -2.05892e-13 -2.32343e-13
        0.66    0.0973377     0.568311     0.434442 -2.49998e-13 -3.46659e-13
       0.661    0.0968739      0.56888      0.43311 -2.28476e-13 -3.34975e-13
       0.662    0.0964112     0.569448     0.431779 -1.98505e-13 -4.86701e-13
       0.663    0.0959497     0.570018     0.430449 -2.14425e-13 -3.57353e-13
       0.664    0.0954893     0.570588      0.42912  -2.0351e-13 -3.92303e-13
       0.665    0.0950301     0.571159     0.427793 -2.49106e-13 -3.56313e-13
       0.666     0.094572      0.57173     0.426466  -2.3395e-13 -4.79162e-13
       0.667     0.094115     0.572302      0.42514 -2.03494e-13 -3.92719e-13
       0.668    0.0936592     0.572875     0.423815 -2.01739e-13 -2.28853e-13
       0.669    0.0932046     0.573448     0.422491 -2.30215e-13 -4.73738e-13
        0.67    0.0927511     0.574022     0.421169 -2.38822e-13  -3.4238e-13
       0.671    0.0922987     0.574597     0.419847 -2.26087e-13 -5.01852e-13
       0.672    0.0918474     0.575172     0.418526 -2.13288e-13 -4.89249e-13
       0.673    0.0913973     0.575748     0.417207 -2.34472e-13  -3.8918e-13
       0.674    0.0909483     0.576325     0.415888  -1.9984e-13 -2.23817e-13
       0.675    0.0905004     0.576902      0.41457 -2.09446e-13 -4.26447e-13
       0.676    0.0900537      0.57748     0.413253 -2.38808e-13 -2.70445e-13
       0.677    0.0896081     0.578059     0.411938 -2.21606e-13 -4.76309e-13
       0.678    0.0891636     0.578639     0.410623 -2.41731e-13 -3.78749e-13
       0.679    0.0887202     0.579219     0.409309 -1.93679e-13 -4.74013e-13
        0.68     0.088278     0.579799     0.407996 -2.36692e-13 -3.89297e-13
       0.681    0.0878369     0.580381     0.406685 -2.14871e-13  -2.1554e-13
       0.682    0.0873969     0.580963     0.405374  -2.5198e-13 -4.48837e-13
       0.683     0.086958     0.581546     0.404064 -1.76216e-13 -5.05191e-13
       0.684    0.0865203      0.58213     0.402755 -2.55253e-13 -1.46878e-13
       0.685    0.0860836     0.582714     0.401447 -2.27651e-13 -6.02376e-13
       0.686    0.0856481     0.583299      0.40014 -1.96039e-13 -4.06697e-13
       0.687    0.0852136     0.583885     0.398834 -2.13306e-13 -3.45778e-13
       0.688    0.0847803     0.584472      0.39753 -2.68664e-13 -3.26593e-13
       0.689    0.0843481     0.585059     0.396226 -1.93528e-13 -4.12975e-13
        0.69     0.083917     0.585647     0.394923 -2.37268e-13 -4.60581e-13
       0.691     0.083487     0.586236      0.39362 -2.14116e-13 -4.27064e-13
       0.692    0.0830581     0.586825     0.392319 -2.15429e-13 -3.31043e-13
       0.693    0.0826304     0.587416     0.391019 -2.49526e-13 -2.22154e-13
       0.694    0.0822037     0.588007      0.38972 -1.87756e-13 -5.09734e-13
       0.695    0.0817781     0.588599     0.388422 -2.51457e-13  -2.4608e-13
       0.696    0.0813536     0.589192     0.387124 -2.24709e-13  -6.8813e-13
       0.697    0.0809302     0.589785     0.385828 -2.06293e-13    -3.72e-13
       0.698    0.0805079      0.59038     0.384533 -2.18412e-13 -2.20215e-13
       0.699    0.0800867     0.590975     0.383238 -2.28142e-13 -4.81067e-13
         0.7    0.0796666     0.591571     0.381945 -2.01956e-13  -2.1006e-13
       0.701    0.0792476     0.592167     0.380652 -2.46845e-13 -4.64337e-13
       0.702    0.0788297     0.592765      0.37936 -2.04703e-13 -3.99704e-13
       0.703    0.0784129     0.593363     0.378069 -2.29491e-13 -4.51571e-13
       0.704    0.0779971     0.593963      0.37678 -2.46303e-13 -3.81071e-13
       0.705    0.0775825     0.594563     0.375491 -1.96354e-13 -3.55894e-13
       0.706    0.0771689     0.595164     0.374203 -2.35507e-13 -6.26753e-13
       0.707    0.0767564     0.595766     0.372916 -2.44297e-13 -1.59537e-13
       0.708     0.076345     0.596368     0.371629 -2.09269e-13 -4.27508e-13
       0.709    0.0759347     0.596972     0.370344 -2.12206e-13 -4.85569e-13
        0.71    0.0755254     0.597576      0.36906  -2.4079e-13 -3.10578e-13
       0.711    0.0751172     0.598182     0.367776 -2.16925e-13 -4.19902e-13
       0.712    0.0747102     0.598788     0.366494  -2.3459e-13 -3.95469e-13
       0.713    0.0743041     0.599395     0.365212 -2.16336e-13 -4.04037e-13
       0.714    0.0738992     0.600003     0.363931 -2.27515e-13 -2.81801e-13
       0.715    0.0734953     0.600612     0.362652 -2.32966e-13 -5.25881e-13
       0.716    0.0730925     0.601222     0.361373 -2.04574e-13  -3.7189e-13
       0.717    0.0726908     0.601832     0.360095 -2.26227e-13  -3.8562e-13
       0.718    0.0722902     0.602444     0.358817 -2.24254e-13 -4.99625e-13
       0.719    0.0718906     0.603057     0.357541 -2.38321e-13 -2.10441e-13
        0.72     0.071492      0.60367     0.356266 -2.28458e-13 -5.59497e-13
       0.721    0.0710946     0.604285     0.354991 -2.34132e-13 -3.01157e-13
       0.722    0.0706982       0.6049     0.353717 -2.17209e-13  -2.6586e-13
       0.723    0.0703029     0.605517     0.352445 -2.23844e-13 -5.96873e-13
       0.724    0.0699086     0.606134     0.351173 -2.49126e-13 -2.33167e-13
       0.725    0.0695154     0.606752     0.349902 -1.93674e-13 -4.95633e-13
       0.726    0.0691233     0.607372     0.348632 -2.51446e-13 -2.41771e-13
       0.727    0.0687322     0.607992     0.347362 -1.86802e-13  -4.0748e-13
       0.728    0.0683421     0.608614     0.346094 -2.57411e-13 -6.19597e-13
       0.729    0.0679532     0.609236     0.344826 -2.22336e-13 -3.39358e-13
        0.73    0.0675652     0.609859     0.343559 -2.39056e-13 -3.35147e-13
       0.731    0.0671784     0.610484     0.342294 -2.15682e-13 -6.07508e-13
       0.732    0.0667926     0.611109     0.341028 -2.29797e-13 -1.98244e-13
       0.733    0.0664078     0.611736     0.339764 -2.03441e-13 -4.93464e-13
       0.734    0.0660241     0.612363     0.338501 -2.40266e-13 -3.41896e-13
       0.735    0.0656414     0.612992     0.337238 -2.10668e-13 -4.20721e-13
       0.736    0.0652598     0.613622     0.335977 -2.35178e-13 -5.35569e-13
       0.737    0.0648793     0.614252     0.334716 -2.47825e-13 -2.80916e-13
       0.738    0.0644997     0.614884     0.333456 -2.21868e-13 -2.86219e-13
       0.739    0.0641213     0.615517     0.332197 -2.27795e-13 -4.87602e-13
        0.74    0.0637438     0.616151     0.330938 -2.39804e-13 -3.74386e-13
       0.741    0.0633674     0.616786     0.329681 -1.83855e-13 -4.85856e-13
       0.742    0.0629921     0.617423     0.328424 -2.43745e-13 -4.16437e-13
       0.743    0.0626178      0.61806     0.327168  -2.2627e-13 -2.40705e-13
       0.744    0.0622445     0.618699     0.325913 -2.27338e-13 -5.31072e-13
       0.745    0.0618723     0.619338     0.324659 -2.26951e-13 -5.26226e-13
       0.746    0.0615011     0.619979     0.323405 -2.23925e-13 -3.22683e-13
       0.747    0.0611309     0.620621     0.322153 -2.42176e-13 -4.10826e-13
       0.748    0.0607618     0.621264     0.320901 -2.15169e-13 -4.17828e-13
       0.749    0.0603937     0.621909      0.31965 -2.50777e-13 -4.74267e-13
        0.75    0.0600267     0.622554       0.3184  -2.1268e-13 -3.31281e-13
       0.751    0.0596607     0.623201      0.31715 -2.26202e-13  -2.8994e-13
       0.752    0.0592957     0.623849     0.315901 -2.35928e-13 -5.57798e-13
       0.753    0.0589317     0.624498     0.314654 -2.11205e-13 -4.54564e-13
       0.754    0.0585688     0.625148     0.313406 -2.33524e-13 -3.23951e-13
       0.755    0.0582069       0.6258      0.31216 -2.39296e-13 -4.40329e-13
       0.756     0.057846     0.626453     0.310915 -2.19491e-13  -3.3606e-13
       0.757    0.0574861     0.627107      0.30967 -2.24348e-13  -4.7296e-13
       0.758    0.0571273     0.627762     0.308426  -2.4105e-13 -3.32389e-13
       0.759    0.0567695     0.628419     0.307183  -2.4007e-13  -4.1294e-13
        0.76    0.0564127     0.629077      0.30594 -2.11503e-13 -4.01683e-13
       0.761     0.056057     0.629736     0.304698 -2.28922e-13  -4.9927e-13
       0.762    0.0557022     0.630397     0.303457 -2.37245e-13 -2.26981e-13
       0.763    0.0553485     0.631059     0.302217 -2.31322e-13 -4.87107e-13
       0.764    0.0549958     0.631722     0.300978   -2.323e-13 -5.16001e-13
       0.765    0.0546441     0.632386     0.299739 -2.25708e-13 -2.41897e-13
       0.766    0.0542935     0.633052     0.298501 -2.19697e-13 -4.96843e-13
       0.767    0.0539438      0.63372     0.297264 -2.44439e-13 -5.37309e-13
       0.768    0.0535952     0.634388     0.296028 -2.40631e-13 -2.90258e-13
       0.769    0.0532476     0.635058     0.294792 -2.15997e-13 -5.22264e-13
        0.77     0.052901      0.63573     0.293557 -2.31689e-13  -4.2262e-13
       0.771    0.0525554     0.636403     0.292323 -2.23559e-13  -3.4703e-13
       0.772    0.0522108     0.637077     0.291089 -2.38419e-13    -4.89e-13
       0.773    0.0518673     0.637753     0.289856  -2.2662e-13  -2.3787e-13
       0.774    0.0515247      0.63843     0.288624 -2.23481e-13 -6.16593e-13
       0.775    0.0511832     0.639108     0.287393 -2.34013e-13 -2.83488e-13
       0.776    0.0508427     0.639789     0.286162 -2.50834e-13   -5.253e-13
       0.777    0.0505031      0.64047     0.284932 -2.26918e-13 -2.34476e-13
       0.778    0.0501646     0.641153     0.283703 -2.09124e-13 -3.67333e-13
       0.779    0.0498271     0.641838     0.282474 -2.38102e-13 -6.05765e-13
        0.78    0.0494906     0.642524     0.281247 -2.32352e-13  -4.3849e-13
       0.781    0.0491551     0.643211     0.280019 -2.46663e-13 -2.48364e-13
       0.782    0.0488206     0.643901     0.278793 -2.32775e-13 -5.54441e-13
       0.783    0.0484871     0.644591     0.277567 -2.07227e-13 -3.91911e-13
       0.784    0.0481546     0.645284     0.276342 -2.34837e-13 -4.14654e-13
       0.785    0.0478231     0.645978     0.275118 -2.37189e-13  -3.8408e-13
       0.786    0.0474926     0.646673     0.273894 -2.31163e-13 -3.53264e-13
       0.787    0.0471632      0.64737     0.272671 -2.28236e-13 -5.45857e-13
       0.788    0.0468347     0.648069     0.271448 -2.43499e-13 -5.15919e-13
       0.789    0.0465072     0.648769     0.270227 -2.35277e-13 -3.75411e-13
        0.79    0.0461807     0.649472     0.269006 -2.19177e-13 -3.91917e-13
       0.791    0.0458552     0.650175     0.267785 -2.35721e-13 -2.59525e-13
       0.792    0.0455307     0.650881     0.266565 -2.45495e-13 -6.65107e-13
       0.793    0.0452072     0.651588     0.265346 -2.22048e-13 -2.46437e-13
       0.794    0.0448847     0.652297     0.264128 -2.48701e-13 -5.77337e-13
       0.795    0.0445632     0.653007      0.26291 -2.19874e-13 -3.69664e-13
       0.796    0.0442427      0.65372     0.261693 -2.28701e-13 -3.86136e-13
       0.797    0.0439232     0.654434     0.260476 -2.40476e-13 -4.12969e-13
       0.798    0.0436046      0.65515      0.25926 -2.20741e-13 -4.72738e-13
       0.799    0.0432871     0.655867     0.258045 -2.45751e-13 -3.76769e-13
         0.8    0.0429705     0.656587     0.256831 -2.35527e-13 -4.83937e-13
       0.801     0.042655     0.657308     0.255616 -2.26446e-13 -3.70901e-13
       0.802    0.0423404     0.658031     0.254403 -2.44275e-13 -4.71969e-13
       0.803    0.0420268     0.658756      0.25319 -2.50424e-13 -4.40397e-13
       0.804    0.0417143     0.659483     0.251978 -2.27036e-13 -4.13342e-13
       0.805    0.0414027     0.660212     0.250766  -2.2706e-13 -4.70802e-13
       0.806     0.041092     0.660943     0.249555 -2.42841e-13 -3.17339e-13
       0.807    0.0407824     0.661676     0.248345  -2.3466e-13 -5.24679e-13
       0.808    0.0404738      0.66241     0.247135 -2.32769e-13 -3.59156e-13
       0.809    0.0401661     0.663147     0.245926 -2.22911e-13 -5.16218e-13
        0.81    0.0398595     0.663886     0.244717 -2.49166e-13 -4.08099e-13
       0.811    0.0395538     0.664626     0.243509 -2.46413e-13 -5.37465e-13
       0.812    0.0392491     0.665369     0.242301 -2.19902e-13 -2.31086e-13
       0.813    0.0389454     0.666114     0.241094  -2.4121e-13 -4.95127e-13
       0.814    0.0386427      0.66686     0.239888 -2.31396e-13 -4.24885e-13
       0.815    0.0383409     0.667609     0.238682 -2.34135e-13  -4.8497e-13
       0.816    0.0380401      0.66836     0.237477 -2.27488e-13 -3.99476e-13
       0.817    0.0377404     0.669113     0.236272 -2.66698e-13 -4.87799e-13
       0.818    0.0374416     0.669869     0.235068  -2.0496e-13 -4.19978e-13
       0.819    0.0371437     0.670626     0.233864 -2.48372e-13  -3.1969e-13
        0.82    0.0368469     0.671386     0.232661 -2.18229e-13 -6.44754e-13
       0.821    0.0365511     0.672148     0.231458 -2.58112e-13 -3.92505e-13
       0.822    0.0362562     0.672912     0.230256 -2.45138e-13 -3.34417e-13
       0.823    0.0359623     0.673678     0.229054 -2.16532e-13  -4.7373e-13
       0.824    0.0356694     0.674447     0.227853  -2.7185e-13 -4.63588e-13
       0.825    0.0353774     0.675218     0.226653 -2.19479e-13 -5.17965e-13
       0.826    0.0350865     0.675991     0.225453 -2.38352e-13 -3.30103e-13
       0.827    0.0347965     0.676767     0.224253 -2.33719e-13  -5.0026e-13
       0.828    0.0345075     0.677545     0.223054 -2.57474e-13  -5.1906e-13
       0.829    0.0342195     0.678325     0.221855  -2.2549e-13 -3.92745e-13
        0.83    0.0339324     0.679108     0.220657 -2.47483e-13 -4.92238e-13
       0.831    0.0336463     0.679893     0.219459 -2.16577e-13 -4.52888e-13
       0.832    0.0333612     0.680681     0.218262 -2.46704e-13 -3.68145e-13
       0.833    0.0330771     0.681472     0.217065 -2.39321e-13 -4.14628e-13
       0.834     0.032794     0.682264     0.215869 -2.52444e-13 -5.30771e-13
       0.835    0.0325118      0.68306     0.214673 -2.24017e-13 -4.50421e-13
       0.836    0.0322306     0.683858     0.213478 -2.39692e-13 -5.32453e-13
       0.837    0.0319504     0.684658     0.212283 -2.47324e-13 -3.85632e-13
       0.838    0.0316711     0.685462     0.211088 -2.34943e-13 -4.35229e-13
       0.839    0.0313929     0.686268     0.209894 -2.53363e-13 -5.68889e-13
        0.84    0.0311156     0.687076       0.2087  -2.4582e-13 -2.54961e-13
       0.841    0.0308393     0.687888     0.207507 -2.33302e-13 -5.66188e-13
       0.842    0.0305639     0.688702     0.206314 -2.42823e-13 -4.70173e-13
       0.843    0.0302895     0.689519     0.205121 -2.39723e-13  -4.0206e-13
       0.844    0.0300161     0.690339     0.203929 -2.41375e-13 -5.66244e-13
       0.845    0.0297437     0.691161     0.202737 -2.44038e-13 -3.72712e-13
       0.846    0.0294723     0.691987     0.201546 -2.44115e-13 -4.98483e-13
       0.847    0.0292018     0.692815     0.200355 -2.34134e-13 -3.31753e-13
       0.848    0.0289323     0.693647     0.199164 -2.47903e-13 -5.98058e-13
       0.849    0.0286637     0.694481     0.197974 -2.39484e-13  -4.3822e-13
        0.85    0.0283962     0.695319     0.196784 -2.50526e-13 -5.40327e-13
       0.851    0.0281296     0.696159     0.195594 -2.41647e-13 -4.19096e-13
       0.852     0.027864     0.697003     0.194405 -2.42331e-13 -4.67048e-13
       0.853    0.0275993      0.69785     0.193216 -2.36646e-13 -4.69106e-13
       0.854    0.0273357     0.698699     0.192027 -2.48253e-13 -4.51569e-13
       0.855     0.027073     0.699553     0.190839 -2.36955e-13  -4.1792e-13
       0.856    0.0268113     0.700409     0.189651  -2.5073e-13 -5.35728e-13
       0.857    0.0265505     0.701269     0.188463 -2.51878e-13 -4.73486e-13
       0.858    0.0262907     0.702132     0.187276 -2.46541e-13  -4.6506e-13
       0.859    0.0260319     0.702998     0.186088  -2.3843e-13 -5.02846e-13
        0.86    0.0257741     0.703868     0.184902 -2.49675e-13 -4.33804e-13
       0.861    0.0255172     0.704741     0.183715 -2.57405e-13  -5.4983e-13
       0.862    0.0252614     0.705618     0.182528 -2.43927e-13 -4.60234e-13
       0.863    0.0250065     0.706498     0.181342  -2.4721e-13 -4.03876e-13
       0.864    0.0247525     0.707382     0.180156 -2.35518e-13 -5.84834e-13
       0.865    0.0244996     0.708269      0.17897 -2.51703e-13 -4.88326e-13
       0.866    0.0242476      0.70916     0.177785 -2.50305e-13 -4.44721e-13
       0.867    0.0239966     0.710055       0.1766  -2.4586e-13 -4.17856e-13
       0.868    0.0237465     0.710954     0.175414 -2.49217e-13 -5.60837e-13
       0.869    0.0234975     0.711856     0.174229 -2.53255e-13 -4.42474e-13
        0.87    0.0232494     0.712763     0.173045 -2.49868e-13 -5.49803e-13
       0.871    0.0230023     0.713673      0.17186 -2.35441e-13  -4.8875e-13
       0.872    0.0227561     0.714587     0.170676 -2.50088e-13  -4.7577e-13
       0.873     0.022511     0.715506     0.169491 -2.64852e-13  -4.9356e-13
       0.874    0.0222668     0.716428     0.168307 -2.38277e-13 -4.68403e-13
       0.875    0.0220236     0.717354     0.167123 -2.45616e-13 -4.80439e-13
       0.876    0.0217813     0.718285     0.165939 -2.59644e-13 -4.50057e-13
       0.877    0.0215401      0.71922     0.164755 -2.51676e-13 -5.69556e-13
       0.878    0.0212998     0.720159     0.163571 -2.42738e-13 -4.82263e-13
       0.879    0.0210605     0.721103     0.162388 -2.63525e-13 -5.66239e-13
        0.88    0.0208222     0.722051     0.161204 -2.53192e-13 -4.86851e-13
       0.881    0.0205849     0.723004      0.16002 -2.50458e-13 -4.70631e-13
       0.882    0.0203485     0.723961     0.158837 -2.43555e-13 -5.05238e-13
       0.883    0.0201131     0.724923     0.157653 -2.62961e-13 -4.94743e-13
       0.884    0.0198787     0.725889     0.156469 -2.50365e-13 -4.91881e-13
       0.885    0.0196453      0.72686     0.155286 -2.48508e-13 -4.75466e-13
       0.886    0.0194129     0.727836     0.154102 -2.54248e-13 -6.50165e-13
       0.887    0.0191814     0.728817     0.152919 -2.56039e-13 -4.31688e-13
       0.888     0.018951     0.729803     0.151735 -2.60799e-13 -4.89953e-13
       0.889    0.0187215     0.730795     0.150551 -2.36182e-13 -5.39188e-13
        0.89     0.018493     0.731791     0.149367 -2.74138e-13 -5.58419e-13
       0.891    0.0182655     0.732792     0.148184  -2.3788e-13 -5.32188e-13
       0.892     0.018039     0.733799        0.147 -2.71371e-13  -4.9242e-13
       0.893    0.0178134     0.734811     0.145815 -2.54459e-13 -5.03552e-13
       0.894    0.0175889     0.735829     0.144631  -2.5316e-13 -5.86559e-13
       0.895    0.0173653     0.736852     0.143447 -2.58427e-13 -3.99737e-13
       0.896    0.0171428     0.737881     0.142262 -2.54935e-13 -5.46844e-13
       0.897    0.0169212     0.738915     0.141077 -2.61489e-13 -5.95468e-13
       0.898    0.0167006     0.739956     0.139892 -2.57117e-13 -5.48535e-13
       0.899     0.016481     0.741002     0.138707 -2.55435e-13 -5.01052e-13
         0.9    0.0162624     0.742054     0.137521 -2.64078e-13 -5.66345e-13
       0.901    0.0160448     0.743113     0.136336 -2.66169e-13 -5.84618e-13
       0.902    0.0158282     0.744177      0.13515 -2.52063e-13 -4.96672e-13
       0.903    0.0156126     0.745249     0.133963 -2.67635e-13 -5.85275e-13
       0.904     0.015398     0.746326     0.132777 -2.63432e-13 -4.66122e-13
       0.905    0.0151844      0.74741      0.13159 -2.56259e-13 -6.64068e-13
       0.906    0.0149718     0.748501     0.130402 -2.60676e-13 -6.25741e-13
       0.907    0.0147602     0.749599     0.129214 -2.70028e-13 -4.39064e-13
       0.908    0.0145496     0.750703     0.128026 -2.61495e-13 -6.46202e-13
       0.909      0.01434     0.751815     0.126838 -2.70555e-13 -5.18544e-13
        0.91    0.0141315     0.752934     0.125648 -2.65211e-13 -6.61248e-13
       0.911    0.0139239      0.75406     0.124459 -2.59422e-13 -4.44609e-13
       0.912    0.0137173     0.755194     0.123269 -2.68875e-13 -5.91175e-13
       0.913    0.0135118     0.756335     0.122078 -2.70208e-13  -6.3004e-13
       0.914    0.0133072     0.757484     0.120887 -2.62633e-13 -5.37588e-13
       0.915    0.0131037     0.758641     0.119695 -2.61543e-13 -5.95127e-13
       0.916    0.0129012     0.759806     0.118503 -2.75512e-13 -6.11802e-13
       0.917    0.0126997     0.760979      0.11731 -2.68532e-13 -5.14008e-13
       0.918    0.0124993     0.762161     0.116116  -2.6923e-13 -7.02416e-13
       0.919    0.0122998     0.763351     0.114921 -2.62014e-13 -5.51351e-13
        0.92    0.0121014      0.76455     0.113726 -2.74775e-13 -5.51401e-13
       0.921     0.011904     0.765758      0.11253  -2.7732e-13 -7.15886e-13
       0.922    0.0117077     0.766975     0.111333 -2.66295e-13 -6.13822e-13
       0.923    0.0115123     0.768201     0.110136 -2.82639e-13 -5.72407e-13
       0.924    0.0113181     0.769437     0.108937 -2.68727e-13 -6.11891e-13
       0.925    0.0111248     0.770682     0.107738 -2.66794e-13 -5.77362e-13
       0.926    0.0109326     0.771938     0.106537 -2.80865e-13 -6.11185e-13
       0.927    0.0107414     0.773204     0.105336 -2.85258e-13 -6.44668e-13
       0.928    0.0105513      0.77448     0.104133 -2.69635e-13 -6.69089e-13
       0.929    0.0103622     0.775767      0.10293 -2.72293e-13 -6.46958e-13
        0.93    0.0101741     0.777064     0.101725 -2.81362e-13 -6.51398e-13
       0.931   0.00998716     0.778373     0.100519 -2.79314e-13 -5.94739e-13
       0.932   0.00980123     0.779693    0.0993122 -2.74168e-13 -7.24528e-13
       0.933   0.00961635     0.781025    0.0981039 -2.88874e-13 -6.03437e-13
       0.934   0.00943254     0.782369    0.0968943 -2.75576e-13  -7.0636e-13
       0.935   0.00924979     0.783726    0.0956832 -2.97038e-13 -7.44463e-13
       0.936   0.00906811     0.785095    0.0944708  -2.8109e-13 -6.87663e-13
       0.937    0.0088875     0.786477    0.0932569 -2.79149e-13 -6.61378e-13
       0.938   0.00870796     0.787872    0.0920414 -2.89797e-13 -6.29684e-13
       0.939   0.00852951     0.789281    0.0908243 -2.84383e-13 -6.83559e-13
        0.94   0.00835213     0.790704    0.0896056 -2.88441e-13 -7.97446e-13
       0.941   0.00817584     0.792142    0.0883851 -2.89926e-13 -7.28622e-13
       0.942   0.00800064     0.793594    0.0871628 -2.84586e-13 -6.52202e-13
       0.943   0.00782654     0.795061    0.0859387 -2.93913e-13 -7.36087e-13
       0.944   0.00765353     0.796545    0.0847126 -2.94853e-13 -7.83294e-13
       0.945   0.00748162     0.798044    0.0834845 -2.93591e-13   -7.639e-13
       0.946   0.00731083      0.79956    0.0822542 -2.96475e-13 -6.82115e-13
       0.947   0.00714114     0.801094    0.0810218 -2.96671e-13  -8.6191e-13
       0.948   0.00697258     0.802645    0.0797871 -2.98175e-13 -6.98761e-13
       0.949   0.00680513     0.804214      0.07855 -2.99219e-13 -7.79251e-13
        0.95   0.00663882     0.805803    0.0773104 -3.00452e-13 -8.74532e-13
       0.951   0.00647364     0.807411    0.0760683 -3.04191e-13 -7.53664e-13
       0.952   0.00630959     0.809039    0.0748234 -2.99674e-13 -8.68419e-13
       0.953    0.0061467     0.810688    0.0735758 -3.12701e-13 -8.14243e-13
       0.954   0.00598495     0.812359    0.0723253 -3.01622e-13 -8.16826e-13
       0.955   0.00582436     0.814052    0.0710717 -3.08586e-13 -8.97434e-13
       0.956   0.00566494     0.815768    0.0698149 -3.18065e-13 -9.32549e-13
       0.957   0.00550669     0.817509    0.0685548 -3.07856e-13 -8.07744e-13
       0.958   0.00534962     0.819274    0.0672912 -3.16286e-13 -8.83681e-13
       0.959   0.00519373     0.821066    0.0660241 -3.15751e-13 -9.80743e-13
        0.96   0.00503904     0.822885    0.0647531 -3.18226e-13 -9.30339e-13
       0.961   0.00488556     0.824732    0.0634782 -3.18445e-13 -9.61376e-13
       0.962   0.00473328     0.826609    0.0621991 -3.25326e-13 -9.35225e-13
       0.963   0.00458223     0.828516    0.0609157 -3.28903e-13 -1.04396e-12
       0.964   0.00443241     0.830456    0.0596277 -3.27453e-13 -1.04312e-12
       0.965   0.00428383     0.832429    0.0583349 -3.28762e-13 -1.02156e-12
       0.966   0.00413649     0.834438    0.0570371  -3.3884e-13 -1.12359e-12
       0.967   0.00399043     0.836484    0.0557341  -3.3658e-13 -1.08394e-12
       0.968   0.00384563     0.838568    0.0544254  -3.4073e-13 -1.14807e-12
       0.969   0.00370212     0.840693    0.0531109 -3.42317e-13 -1.14562e-12
        0.97   0.00355991     0.842862    0.0517902 -3.49546e-13 -1.24038e-12
       0.971   0.00341902     0.845076     0.050463  -3.5151e-13 -1.26469e-12
       0.972   0.00327945     0.847338    0.0491289 -3.55315e-13 -1.26107e-12
       0.973   0.00314122     0.849651    0.0477875 -3.62208e-13 -1.32161e-12
       0.974   0.00300435     0.852018    0.0464383 -3.62685e-13 -1.40796e-12
       0.975   0.00286886     0.854443    0.0450809 -3.67061e-13 -1.46754e-12
       0.976   0.00273476     0.856929    0.0437147 -3.78121e-13 -1.47278e-12
       0.977   0.00260207     0.859481    0.0423391 -3.80189e-13 -1.57703e-12
       0.978   0.00247082     0.862103    0.0409536 -3.83412e-13 -1.61737e-12
       0.979   0.00234103     0.864801    0.0395573  -3.9312e-13 -1.73915e-12
        0.98   0.00221271     0.867582    0.0381495 -4.01213e-13 -1.85231e-12
       0.981   0.00208591     0.870451    0.0367292 -4.06997e-13 -1.89865e-12
       0.982   0.00196064     0.873416    0.0352956 -4.19164e-13 -2.05139e-12
       0.983   0.00183693     0.876487    0.0338474 -4.26878e-13 -2.18304e-12
       0.984   0.00171483     0.879674    0.0323833 -4.37518e-13 -2.34463e-12
       0.985   0.00159436      0.88299     0.030902 -4.49062e-13 -2.58407e-12
       0.986   0.00147558     0.886448    0.0294015 -4.64706e-13 -2.78013e-12
       0.987   0.00135851     0.890065      0.02788 -4.79148e-13 -3.06129e-12
       0.988   0.00124323     0.893863     0.026335 -4.96322e-13 -3.38134e-12
       0.989   0.00112977     0.897867    0.0247637 -5.17034e-13  -3.7725e-12
        0.99   0.00101821     0.902109    0.0231627 -5.42295e-13 -4.33245e-12
       0.991  0.000908625     0.906628    0.0215277 -5.73861e-13  -5.0051e-12
       0.992    0.0008011     0.911479    0.0198534 -6.08545e-13 -5.88866e-12
       0.993  0.000695739     0.916731    0.0181329  -6.5783e-13 -7.13576e-12
       0.994  0.000592668     0.922484    0.0163569 -7.17054e-13 -8.95708e-12
       0.995  0.000492042     0.928883    0.0145129 -8.03779e-13 -1.17702e-11
       0.996  0.000394063     0.936156    0.0125822 -9.29207e-13  -1.6476e-11
       0.997  0.000298998     0.944696    0.0105361 -1.13688e-12 -2.54891e-11
       0.998  0.000207232     0.955289   0.00832396 -1.54514e-12 -4.65973e-11
       0.999   0.00011938     0.969995   0.00583917 -2.72619e-12 -1.20684e-10
           1  3.66543e-05            1   0.00273331  -1.2486e-09 -1.02545e-06