       0.001            1    0.0626498     0.970852 -8.10239e-11 -2.02447e-11
       0.002     0.984287    0.0790477     0.962501 -8.09973e-11 -2.02458e-11
       0.003      0.97602     0.090577     0.958083 -8.10238e-11 -2.02486e-11
       0.004     0.968828     0.099776     0.954226 -8.09915e-11 -2.02497e-11
       0.005     0.962314     0.107561     0.950721 -8.09993e-11 -2.02511e-11
       0.006     0.956286     0.114379     0.947468 -8.09936e-11 -2.02526e-11
       0.007     0.950628     0.120488     0.944406 -8.09902e-11  -2.0251e-11
       0.008     0.945268     0.126049     0.941498 -8.09822e-11   -2.025e-11
       0.009     0.940154     0.131174     0.938716 -8.09873e-11 -2.02605e-11
        0.01     0.935248     0.135939     0.936041 -8.09755e-11 -2.02504e-11
       0.011     0.930522     0.140404     0.933458 -8.09834e-11 -2.02575e-11
       0.012     0.925954     0.144613     0.930956 -8.09693e-11 -2.02588e-11
       0.013     0.921527       0.1486     0.928525 -8.09755e-11 -2.02565e-11
       0.014     0.917224     0.152393     0.926158   -8.094e-11 -2.02511e-11
       0.015     0.913035     0.156016     0.923848 -8.09855e-11 -2.02646e-11
       0.016     0.908949     0.159485     0.921591 -8.09696e-11 -2.02567e-11
       0.017     0.904958     0.162818     0.919382 -8.09649e-11 -2.02576e-11
       0.018     0.901054     0.166027     0.917216 -8.09197e-11 -2.02568e-11
       0.019     0.897231     0.169124     0.915091 -8.09557e-11 -2.02624e-11
        0.02     0.893484     0.172118     0.913004 -8.09664e-11 -2.02732e-11
       0.021     0.889806     0.175017     0.910953 -8.09193e-11 -2.02635e-11
       0.022     0.886194      0.17783     0.908934 -8.09932e-11 -2.02534e-11
       0.023     0.882644     0.180563     0.906946   -8.091e-11 -2.02703e-11
       0.024     0.879152      0.18322     0.904987 -8.09275e-11 -2.02678e-11
       0.025     0.875715     0.185809     0.903056 -8.09439e-11  -2.0267e-11
       0.026      0.87233     0.188332      0.90115 -8.09438e-11 -2.02631e-11
       0.027     0.868995     0.190795     0.899269 -8.09181e-11 -2.02711e-11
       0.028     0.865707       0.1932     0.897411 -8.09406e-11 -2.02663e-11
       0.029     0.862464     0.195552     0.895576 -8.09531e-11 -2.02669e-11
        0.03     0.859263     0.197853     0.893762 -8.09225e-11  -2.0265e-11
       0.031     0.856104     0.200106     0.891968 -8.08951e-11 -2.02659e-11
       0.032     0.852984     0.202314     0.890193 -8.09433e-11 -2.02694e-11
       0.033     0.849901     0.204479     0.888437 -8.09146e-11 -2.02797e-11
       0.034     0.846855     0.206604     0.886699 -8.09208e-11 -2.02704e-11
       0.035     0.843844     0.208689     0.884977  -8.0912e-11 -2.02668e-11
       0.036     0.840866     0.210738     0.883273 -8.09079e-11 -2.02793e-11
       0.037      0.83792     0.212751     0.881583 -8.09015e-11 -2.02514e-11
       0.038     0.835005      0.21473      0.87991 -8.09063e-11 -2.02892e-11
       0.039     0.832121     0.216678      0.87825 -8.08892e-11 -2.02761e-11
        0.04     0.829266     0.218594     0.876605 -8.09264e-11 -2.02684e-11
       0.041     0.826439     0.220481     0.874974 -8.08622e-11  -2.0273e-11
       0.042     0.823639      0.22234     0.873356 -8.09327e-11 -2.02807e-11
       0.043     0.820865     0.224172      0.87175 -8.08963e-11  -2.0281e-11
       0.044     0.818117     0.225977     0.870157 -8.08862e-11  -2.0272e-11
       0.045     0.815394     0.227757     0.868576 -8.08906e-11  -2.0281e-11
       0.046     0.812695     0.229513     0.867007 -8.08934e-11 -2.02656e-11
       0.047      0.81002     0.231245     0.865449 -8.08727e-11 -2.02822e-11
       0.048     0.807368     0.232955     0.863902 -8.09118e-11 -2.02719e-11
       0.049     0.804737     0.234643     0.862366 -8.08954e-11 -2.02991e-11
        0.05     0.802129      0.23631      0.86084 -8.08723e-11  -2.0287e-11
       0.051     0.799541     0.237957     0.859324 -8.08688e-11 -2.02585e-11
       0.052     0.796974     0.239584     0.857818 -8.08827e-11 -2.02999e-11
       0.053     0.794427     0.241192     0.856322 -8.08801e-11 -2.02777e-11
       0.054       0.7919     0.242782     0.854835 -8.08938e-11 -2.02821e-11
       0.055     0.789391     0.244354     0.853357 -8.08869e-11 -2.02899e-11
       0.056     0.786902     0.245909     0.851888 -8.08392e-11 -2.02824e-11
       0.057      0.78443     0.247446     0.850427 -8.08495e-11 -2.02671e-11
       0.058     0.781977     0.248968     0.848975 -8.08685e-11  -2.0307e-11
       0.059     0.779541     0.250473     0.847532 -8.08753e-11 -2.02803e-11
        0.06     0.777122     0.251964     0.846096  -8.0848e-11 -2.02919e-11
       0.061     0.774719     0.253439     0.844668 -8.09123e-11  -2.0269e-11
       0.062     0.772333       0.2549     0.843248 -8.08231e-11 -2.02787e-11
       0.063     0.769963     0.256347     0.841836 -8.08897e-11 -2.03015e-11
       0.064     0.767609     0.257779     0.840431 -8.08195e-11 -2.02564e-11
       0.065      0.76527     0.259199     0.839033 -8.08334e-11  -2.0322e-11
       0.066     0.762946     0.260605     0.837642 -8.08931e-11 -2.02963e-11
       0.067     0.760636     0.261999     0.836258 -8.08754e-11 -2.03064e-11
       0.068     0.758342      0.26338     0.834881 -8.07975e-11 -2.02809e-11
       0.069     0.756061     0.264749     0.833511 -8.08423e-11 -2.02641e-11
        0.07     0.753795     0.266107     0.832147 -8.08509e-11 -2.02782e-11
       0.071     0.751542     0.267453      0.83079 -8.08557e-11 -2.03204e-11
       0.072     0.749303     0.268787     0.829438 -8.08674e-11 -2.02749e-11
       0.073     0.747076     0.270111     0.828093  -8.0787e-11 -2.03009e-11
       0.074     0.744863     0.271424     0.826754 -8.08733e-11 -2.02942e-11
       0.075     0.742663     0.272726     0.825421 -8.08533e-11 -2.03137e-11
       0.076     0.740475     0.274018     0.824094 -8.08381e-11 -2.02532e-11
       0.077       0.7383       0.2753     0.822773  -8.0845e-11 -2.03339e-11
       0.078     0.736136     0.276573     0.821457  -8.0773e-11 -2.02565e-11
       0.079     0.733985     0.277835     0.820147  -8.0833e-11 -2.03176e-11
        0.08     0.731846     0.279089     0.818842  -8.0837e-11 -2.02747e-11
       0.081     0.729718     0.280333     0.817542 -8.08511e-11 -2.03394e-11
       0.082     0.727601     0.281568     0.816248 -8.07969e-11 -2.02776e-11
       0.083     0.725496     0.282794     0.814959 -8.07806e-11  -2.0289e-11
       0.084     0.723401     0.284012     0.813675 -8.08796e-11 -2.02898e-11
       0.085     0.721318     0.285221     0.812395 -8.07929e-11 -2.03232e-11
       0.086     0.719245     0.286422     0.811121 -8.08396e-11 -2.02583e-11
       0.087     0.717183     0.287615     0.809852 -8.07921e-11 -2.03037e-11
       0.088     0.715131     0.288799     0.808587 -8.07777e-11 -2.03216e-11
       0.089      0.71309     0.289976     0.807327 -8.08428e-11 -2.02934e-11
        0.09     0.711058     0.291146     0.806072 -8.08372e-11 -2.02928e-11
       0.091     0.709037     0.292308     0.804822 -8.07961e-11 -2.03006e-11
       0.092     0.707025     0.293462     0.803575 -8.07962e-11 -2.03242e-11
       0.093     0.705023     0.294609     0.802333 -8.08004e-11 -2.02892e-11
       0.094     0.703031     0.295749     0.801096 -8.08011e-11 -2.03079e-11
       0.095     0.701048     0.296882     0.799863  -8.0837e-11 -2.03019e-11
       0.096     0.699075     0.298009     0.798634  -8.0762e-11 -2.02858e-11
       0.097     0.697111     0.299128     0.797409 -8.07835e-11 -2.03338e-11
       0.098     0.695155     0.300241     0.796188 -8.07936e-11 -2.03229e-11
       0.099     0.693209     0.301347     0.794972 -8.08205e-11 -2.02891e-11
         0.1     0.691272     0.302447     0.793759 -8.07747e-11 -2.02995e-11
       0.101     0.689343     0.303541      0.79255 -8.08071e-11 -2.03004e-11
       0.102     0.687423     0.304629     0.791345 -8.07958e-11 -2.03139e-11
       0.103     0.685512      0.30571     0.790144 -8.07247e-11 -2.03141e-11
       0.104     0.683609     0.306785     0.788947 -8.08367e-11 -2.02918e-11
       0.105     0.681714     0.307855     0.787754 -8.07633e-11 -2.02672e-11
       0.106     0.679827     0.308919     0.786564 -8.08003e-11 -2.03485e-11
       0.107     0.677949     0.309977     0.785378 -8.07427e-11 -2.03072e-11
       0.108     0.676079      0.31103     0.784195 -8.08263e-11 -2.03213e-11
       0.109     0.674216     0.312077     0.783016 -8.07555e-11 -2.02962e-11
        0.11     0.672362     0.313118     0.781841 -8.07342e-11 -2.03196e-11
       0.111     0.670515     0.314154     0.780669 -8.08195e-11 -2.03058e-11
       0.112     0.668676     0.315185       0.7795 -8.07292e-11  -2.0307e-11
       0.113     0.666845     0.316211     0.778335  -8.0808e-11 -2.02928e-11
       0.114     0.665021     0.317232     0.777173  -8.0819e-11 -2.03138e-11
       0.115     0.663204     0.318248     0.776014 -8.07245e-11 -2.03274e-11
       0.116     0.661395     0.319259     0.774859 -8.07599e-11 -2.03422e-11
       0.117     0.659593     0.320264     0.773706 -8.07576e-11 -2.02923e-11
       0.118     0.657798     0.321266     0.772557 -8.07379e-11   -2.033e-11
       0.119     0.656011     0.322262     0.771412 -8.07839e-11 -2.03234e-11
        0.12      0.65423     0.323254     0.770269 -8.07603e-11 -2.02553e-11
       0.121     0.652456     0.324241     0.769129 -8.07351e-11 -2.03423e-11
       0.122      0.65069     0.325223     0.767992 -8.08372e-11 -2.03245e-11
       0.123      0.64893     0.326202     0.766859 -8.07253e-11 -2.03255e-11
       0.124     0.647177     0.327175     0.765728 -8.06866e-11  -2.0319e-11
       0.125      0.64543     0.328145       0.7646 -8.08465e-11 -2.03109e-11
       0.126      0.64369      0.32911     0.763475 -8.07012e-11 -2.02966e-11
       0.127     0.641957     0.330071     0.762353 -8.07536e-11 -2.03397e-11
       0.128      0.64023     0.331028     0.761234 -8.07263e-11 -2.03358e-11
       0.129      0.63851      0.33198     0.760118 -8.07377e-11 -2.02811e-11
        0.13     0.636796     0.332929     0.759004 -8.07607e-11 -2.03679e-11
       0.131     0.635089     0.333873     0.757893 -8.07369e-11 -2.02885e-11
       0.132     0.633387     0.334814     0.756785  -8.0716e-11 -2.03443e-11
       0.133     0.631692     0.335751      0.75568 -8.07446e-11 -2.03322e-11
       0.134     0.630003     0.336684     0.754577 -8.07603e-11 -2.02405e-11
       0.135      0.62832     0.337613     0.753477 -8.07341e-11 -2.03792e-11
       0.136     0.626643     0.338538     0.752379 -8.07457e-11   -2.033e-11
       0.137     0.624972      0.33946     0.751284 -8.06959e-11 -2.03004e-11
       0.138     0.623307     0.340378     0.750192 -8.07548e-11 -2.03498e-11
       0.139     0.621648     0.341292     0.749102 -8.07127e-11 -2.03114e-11
        0.14     0.619995     0.342203     0.748015 -8.07906e-11 -2.02999e-11
       0.141     0.618347     0.343111      0.74693 -8.07288e-11 -2.02939e-11
       0.142     0.616705     0.344015     0.745847  -8.0727e-11 -2.03864e-11
       0.143     0.615069     0.344915     0.744767 -8.07158e-11 -2.03258e-11
       0.144     0.613439     0.345812      0.74369  -8.0671e-11 -2.03281e-11
       0.145     0.611814     0.346706     0.742615 -8.07247e-11 -2.03469e-11
       0.146     0.610194     0.347596     0.741542 -8.07712e-11 -2.03428e-11
       0.147      0.60858     0.348484     0.740471 -8.06823e-11 -2.02985e-11
       0.148     0.606972     0.349368     0.739403 -8.06803e-11 -2.03568e-11
       0.149     0.605369     0.350248     0.738337  -8.0705e-11 -2.03305e-11
        0.15     0.603771     0.351126     0.737273 -8.08108e-11 -2.02974e-11
       0.151     0.602178     0.352001     0.736212 -8.06717e-11 -2.03404e-11
       0.152     0.600591     0.352872     0.735153 -8.06453e-11 -2.03114e-11
       0.153     0.599009     0.353741     0.734096 -8.07661e-11 -2.03024e-11
       0.154     0.597432     0.354606     0.733041 -8.06977e-11 -2.03595e-11
       0.155      0.59586     0.355468     0.731989 -8.07281e-11 -2.03449e-11
       0.156     0.594293     0.356328     0.730938  -8.0651e-11 -2.03497e-11
       0.157     0.592732     0.357185      0.72989 -8.07816e-11 -2.03242e-11
       0.158     0.591175     0.358038     0.728844 -8.06275e-11 -2.03536e-11
       0.159     0.589624     0.358889       0.7278 -8.06646e-11 -2.03124e-11
        0.16     0.588077     0.359737     0.726758 -8.07401e-11 -2.03158e-11
       0.161     0.586535     0.360583     0.725718 -8.07445e-11 -2.03268e-11
       0.162     0.584998     0.361425      0.72468 -8.06552e-11 -2.03788e-11
       0.163     0.583466     0.362265     0.723644 -8.06268e-11 -2.03172e-11
       0.164     0.581939     0.363102      0.72261 -8.07512e-11 -2.03748e-11
       0.165     0.580416     0.363937     0.721579 -8.07378e-11 -2.03267e-11
       0.166     0.578898     0.364769     0.720549 -8.06322e-11 -2.02828e-11
       0.167     0.577385     0.365598     0.719521  -8.0672e-11 -2.03625e-11
       0.168     0.575877     0.366425     0.718495 -8.07239e-11 -2.03085e-11
       0.169     0.574373     0.367249     0.717471 -8.05832e-11 -2.03612e-11
        0.17     0.572873     0.368071     0.716448 -8.07282e-11 -2.02979e-11
       0.171     0.571379      0.36889     0.715428 -8.06932e-11 -2.03602e-11
       0.172     0.569888     0.369707      0.71441 -8.06406e-11 -2.03373e-11
       0.173     0.568403     0.370521     0.713393 -8.07349e-11  -2.0348e-11
       0.174     0.566921     0.371333     0.712379 -8.07201e-11 -2.03511e-11
       0.175     0.565444     0.372143     0.711366 -8.05453e-11 -2.03354e-11
       0.176     0.563972      0.37295     0.710355 -8.07404e-11 -2.03246e-11
       0.177     0.562504     0.373754     0.709345 -8.06976e-11 -2.03519e-11
       0.178      0.56104     0.374557     0.708338 -8.07045e-11 -2.04036e-11
       0.179     0.559581     0.375357     0.707332 -8.05678e-11 -2.03162e-11
        0.18     0.558125     0.376155     0.706328 -8.06921e-11 -2.03411e-11
       0.181     0.556674     0.376951     0.705326 -8.06766e-11 -2.03538e-11
       0.182     0.555228     0.377744     0.704326 -8.06803e-11 -2.03518e-11
       0.183     0.553785     0.378536     0.703327 -8.06773e-11 -2.03578e-11
       0.184     0.552347     0.379325      0.70233 -8.06841e-11 -2.02975e-11
       0.185     0.550913     0.380112     0.701335 -8.05641e-11 -2.03401e-11
       0.186     0.549482     0.380896     0.700341 -8.06959e-11 -2.04193e-11
       0.187     0.548056     0.381679     0.699349 -8.06933e-11 -2.03008e-11
       0.188     0.546634      0.38246     0.698359 -8.05886e-11 -2.03604e-11
       0.189     0.545216     0.383238      0.69737 -8.07371e-11 -2.03478e-11
        0.19     0.543802     0.384015     0.696383 -8.05772e-11  -2.0265e-11
       0.191     0.542392     0.384789     0.695397 -8.07135e-11 -2.04128e-11
       0.192     0.540986     0.385562     0.694414 -8.06186e-11 -2.04283e-11
       0.193     0.539584     0.386332     0.693431 -8.06175e-11 -2.02313e-11
       0.194     0.538186       0.3871     0.692451 -8.06747e-11 -2.03834e-11
       0.195     0.536792     0.387867     0.691472 -8.06166e-11 -2.03797e-11
       0.196     0.535401     0.388631     0.690494 -8.06616e-11 -2.03139e-11
       0.197     0.534015     0.389394     0.689518 -8.06438e-11 -2.03527e-11
       0.198     0.532632     0.390155     0.688544 -8.05833e-11 -2.03864e-11
       0.199     0.531253     0.390914     0.687571 -8.07098e-11 -2.03481e-11
         0.2     0.529878     0.391671     0.686599 -8.06291e-11 -2.03616e-11
       0.201     0.528506     0.392426     0.685629 -8.06282e-11  -2.0307e-11
       0.202     0.527138     0.393179     0.684661 -8.06415e-11 -2.04305e-11
       0.203     0.525774     0.393931     0.683694 -8.05967e-11 -2.03368e-11
       0.204     0.524414      0.39468     0.682728 -8.06614e-11 -2.04036e-11
       0.205     0.523057     0.395428     0.681764 -8.06537e-11 -2.03463e-11
       0.206     0.521704     0.396174     0.680802  -8.0552e-11 -2.02821e-11
       0.207     0.520355     0.396919     0.679841 -8.06536e-11 -2.03413e-11
       0.208     0.519009     0.397661     0.678881 -8.06754e-11 -2.04136e-11
       0.209     0.517666     0.398402     0.677923 -8.05511e-11 -2.03512e-11
        0.21     0.516328     0.399141     0.676966 -8.06399e-11  -2.0334e-11
       0.211     0.514992     0.399879      0.67601 -8.06499e-11 -2.04163e-11
       0.212     0.513661     0.400615     0.675056 -8.05575e-11 -2.03486e-11
       0.213     0.512332     0.401349     0.674104 -8.06457e-11  -2.0363e-11
       0.214     0.511008     0.402082     0.673152 -8.07121e-11 -2.03864e-11
       0.215     0.509686     0.402813     0.672202 -8.05017e-11 -2.03451e-11
       0.216     0.508368     0.403542     0.671254 -8.06524e-11 -2.03016e-11
       0.217     0.507054      0.40427     0.670306 -8.05916e-11 -2.03421e-11
       0.218     0.505743     0.404996     0.669361 -8.06821e-11  -2.0447e-11
       0.219     0.504435      0.40572     0.668416 -8.05794e-11 -2.02683e-11
        0.22     0.503131     0.406443     0.667473 -8.06129e-11 -2.03675e-11
       0.221      0.50183     0.407165     0.666531 -8.06403e-11 -2.04436e-11
       0.222     0.500532     0.407885      0.66559 -8.05632e-11 -2.03097e-11
       0.223     0.499238     0.408603     0.664651  -8.0605e-11  -2.0421e-11
       0.224     0.497947      0.40932     0.663713 -8.05783e-11 -2.03769e-11
       0.225     0.496659     0.410035     0.662776 -8.05743e-11 -2.03525e-11
       0.226     0.495374     0.410749      0.66184 -8.06364e-11 -2.03097e-11
       0.227     0.494093     0.411462     0.660906 -8.05933e-11  -2.0356e-11
       0.228     0.492815     0.412172     0.659973 -8.05506e-11 -2.04736e-11
       0.229      0.49154     0.412882     0.659041 -8.06319e-11 -2.02761e-11
        0.23     0.490269      0.41359      0.65811 -8.05978e-11  -2.0402e-11
       0.231        0.489     0.414297     0.657181 -8.06109e-11 -2.03702e-11
       0.232     0.487735     0.415002     0.656253 -8.05788e-11 -2.04085e-11
       0.233     0.486472     0.415706     0.655326 -8.05624e-11 -2.02486e-11
       0.234     0.485213     0.416408       0.6544 -8.05835e-11 -2.04292e-11
       0.235     0.483957      0.41711     0.653476 -8.05854e-11 -2.04661e-11
       0.236     0.482704     0.417809     0.652552  -8.0582e-11 -2.03249e-11
       0.237     0.481455     0.418508      0.65163 -8.05846e-11 -2.03599e-11
       0.238     0.480208     0.419205     0.650709 -8.06188e-11 -2.03712e-11
       0.239     0.478964     0.419901      0.64979 -8.05288e-11 -2.03626e-11
        0.24     0.477723     0.420595     0.648871 -8.05779e-11 -2.03798e-11
       0.241     0.476486     0.421288     0.647953 -8.06145e-11 -2.04232e-11
       0.242     0.475251      0.42198     0.647037 -8.06038e-11 -2.03378e-11
       0.243     0.474019      0.42267     0.646122 -8.05724e-11  -2.0363e-11
       0.244     0.472791      0.42336     0.645208 -8.05428e-11 -2.03918e-11
       0.245     0.471565     0.424048     0.644295 -8.05796e-11 -2.03079e-11
       0.246     0.470342     0.424734     0.643383 -8.05591e-11 -2.04067e-11
       0.247     0.469122      0.42542     0.642472 -8.05737e-11 -2.04321e-11
       0.248     0.467905     0.426104     0.641563 -8.05614e-11 -2.02945e-11
       0.249     0.466691     0.426787     0.640654 -8.05506e-11 -2.04387e-11
        0.25      0.46548     0.427469     0.639747 -8.05435e-11 -2.03838e-11
       0.251     0.464272      0.42815      0.63884 -8.05892e-11 -2.03481e-11
       0.252     0.463066     0.428829     0.637935 -8.05605e-11 -2.04086e-11
       0.253     0.461864     0.429507     0.637031 -8.05937e-11 -2.03664e-11
       0.254     0.460664     0.430184     0.636128 -8.05701e-11 -2.04204e-11
       0.255     0.459467      0.43086     0.635226 -8.05148e-11 -2.04264e-11
       0.256     0.458273     0.431535     0.634325   -8.056e-11 -2.02274e-11
       0.257     0.457082     0.432208     0.633425 -8.05672e-11  -2.0528e-11
       0.258     0.455893     0.432881     0.632526 -8.05747e-11 -2.03022e-11
       0.259     0.454707     0.433552     0.631628 -8.05214e-11  -2.0349e-11
        0.26     0.453524     0.434222     0.630731 -8.05482e-11 -2.04313e-11
       0.261     0.452344     0.434891     0.629835 -8.05387e-11 -2.03952e-11
       0.262     0.451167     0.435559      0.62894 -8.05597e-11 -2.03923e-11
       0.263     0.449992     0.436226     0.628047 -8.05135e-11 -2.03699e-11
       0.264      0.44882     0.436892     0.627154   -8.054e-11 -2.04706e-11
       0.265      0.44765     0.437557     0.626262  -8.0553e-11 -2.02987e-11
       0.266     0.446484      0.43822     0.625371 -8.05681e-11 -2.03333e-11
       0.267      0.44532     0.438883     0.624481 -8.05167e-11 -2.04573e-11
       0.268     0.444158     0.439544     0.623592 -8.05554e-11 -2.03821e-11
       0.269        0.443     0.440205     0.622705  -8.0561e-11  -2.0355e-11
        0.27     0.441844     0.440864     0.621818 -8.05282e-11 -2.04485e-11
       0.271      0.44069     0.441523     0.620932 -8.05247e-11 -2.03914e-11
       0.272     0.439539      0.44218     0.620047 -8.05279e-11 -2.03053e-11
       0.273     0.438391     0.442836     0.619163 -8.05236e-11 -2.04549e-11
       0.274     0.437245     0.443492      0.61828 -8.05625e-11 -2.03909e-11
       0.275     0.436102     0.444146     0.617397 -8.05435e-11 -2.03927e-11
       0.276     0.434962       0.4448     0.616516 -8.05174e-11 -2.03184e-11
       0.277     0.433824     0.445452     0.615636 -8.04592e-11 -2.04286e-11
       0.278     0.432689     0.446103     0.614757 -8.06018e-11 -2.04164e-11
       0.279     0.431556     0.446754     0.613878 -8.04854e-11 -2.04054e-11
        0.28     0.430426     0.447403     0.613001 -8.05203e-11 -2.04419e-11
       0.281     0.429298     0.448052     0.612124 -8.05335e-11 -2.03796e-11
       0.282     0.428173     0.448699     0.611249 -8.04772e-11 -2.03707e-11
       0.283      0.42705     0.449346     0.610374 -8.05111e-11 -2.03553e-11
       0.284      0.42593     0.449992       0.6095 -8.05369e-11 -2.03699e-11
       0.285     0.424812     0.450636     0.608627 -8.05181e-11 -2.04985e-11
       0.286     0.423697      0.45128     0.607755 -8.05383e-11 -2.03643e-11
       0.287     0.422584     0.451923     0.606884 -8.05026e-11 -2.03863e-11
       0.288     0.421473     0.452565     0.606013 -8.05055e-11 -2.03874e-11
       0.289     0.420365     0.453206     0.605144 -8.04739e-11 -2.04925e-11
        0.29      0.41926     0.453847     0.604275 -8.05524e-11 -2.03199e-11
       0.291     0.418157     0.454486     0.603408 -8.04846e-11 -2.04347e-11
       0.292     0.417056     0.455125     0.602541 -8.04978e-11 -2.04061e-11
       0.293     0.415958     0.455762     0.601675 -8.05173e-11 -2.03272e-11
       0.294     0.414862     0.456399     0.600809 -8.05135e-11 -2.04123e-11
       0.295     0.413769     0.457035     0.599945 -8.04866e-11 -2.03702e-11
       0.296     0.412677      0.45767     0.599082 -8.04961e-11 -2.04678e-11
       0.297     0.411589     0.458304     0.598219 -8.04723e-11 -2.03944e-11
       0.298     0.410502     0.458937     0.597357 -8.05213e-11 -2.03949e-11
       0.299     0.409418      0.45957     0.596496 -8.04943e-11 -2.04467e-11
         0.3     0.408336     0.460202     0.595636 -8.05016e-11 -2.03848e-11
       0.301     0.407257     0.460832     0.594777 -8.04804e-11 -2.04008e-11
       0.302      0.40618     0.461463     0.593918 -8.04973e-11  -2.0369e-11
       0.303     0.405105     0.462092     0.593061 -8.05017e-11 -2.04859e-11
       0.304     0.404033      0.46272     0.592204 -8.04474e-11 -2.03204e-11
       0.305     0.402963     0.463348     0.591348 -8.05377e-11 -2.04894e-11
       0.306     0.401895     0.463975     0.590492 -8.04251e-11 -2.03674e-11
       0.307     0.400829     0.464601     0.589638 -8.05009e-11 -2.04129e-11
       0.308     0.399766     0.465226     0.588784 -8.04739e-11  -2.0401e-11
       0.309     0.398705     0.465851     0.587931 -8.04978e-11  -2.0476e-11
        0.31     0.397646     0.466474     0.587079 -8.04636e-11 -2.03504e-11
       0.311     0.396589     0.467097     0.586228  -8.0489e-11 -2.03561e-11
       0.312     0.395535      0.46772     0.585377  -8.0498e-11 -2.04763e-11
       0.313     0.394483     0.468341     0.584527 -8.04668e-11 -2.04418e-11
       0.314     0.393433     0.468962     0.583678 -8.04433e-11 -2.03701e-11
       0.315     0.392385     0.469582      0.58283 -8.04927e-11 -2.04881e-11
       0.316      0.39134     0.470201     0.581982 -8.04509e-11 -2.04132e-11
       0.317     0.390297      0.47082     0.581135 -8.05081e-11 -2.03406e-11
       0.318     0.389255     0.471438     0.580289 -8.04303e-11 -2.03943e-11
       0.319     0.388217     0.472055     0.579444 -8.05012e-11 -2.04279e-11
        0.32      0.38718     0.472671     0.578599 -8.04602e-11 -2.03972e-11
       0.321     0.386145     0.473287     0.577756 -8.04313e-11 -2.04643e-11
       0.322     0.385113     0.473902     0.576913 -8.04713e-11 -2.04316e-11
       0.323     0.384083     0.474516      0.57607 -8.04523e-11 -2.03885e-11
       0.324     0.383054      0.47513     0.575229 -8.04898e-11 -2.03826e-11
       0.325     0.382028     0.475743     0.574388 -8.04622e-11  -2.0533e-11
       0.326     0.381005     0.476355     0.573547 -8.04466e-11 -2.03759e-11
       0.327     0.379983     0.476966     0.572708 -8.04646e-11 -2.04478e-11
       0.328     0.378963     0.477577     0.571869 -8.04857e-11 -2.03357e-11
       0.329     0.377946     0.478187     0.571031 -8.04377e-11 -2.04949e-11
        0.33      0.37693     0.478797     0.570194 -8.04246e-11 -2.04428e-11
       0.331     0.375917     0.479406     0.569357 -8.04526e-11 -2.03111e-11
       0.332     0.374906     0.480014     0.568521  -8.0417e-11 -2.05387e-11
       0.333     0.373896     0.480622     0.567686 -8.04625e-11 -2.04128e-11
       0.334     0.372889     0.481229     0.566851  -8.0455e-11  -2.0415e-11
       0.335     0.371884     0.481835     0.566018 -8.04283e-11 -2.03725e-11
       0.336     0.370881     0.482441     0.565184 -8.04645e-11 -2.04836e-11
       0.337      0.36988     0.483046     0.564352 -8.04431e-11 -2.04694e-11
       0.338     0.368881      0.48365      0.56352 -8.04403e-11 -2.03405e-11
       0.339     0.367884     0.484254     0.562689 -8.04371e-11 -2.04378e-11
        0.34      0.36689     0.484857     0.561858 -8.03954e-11  -2.0435e-11
       0.341     0.365897      0.48546     0.561028 -8.04197e-11 -2.04352e-11
       0.342     0.364906     0.486062     0.560199 -8.04483e-11 -2.04042e-11
       0.343     0.363917     0.486663     0.559371  -8.0474e-11 -2.04548e-11
       0.344      0.36293     0.487264     0.558543 -8.03966e-11 -2.03528e-11
       0.345     0.361946     0.487864     0.557716 -8.04136e-11 -2.04914e-11
       0.346     0.360963     0.488464     0.556889 -8.04712e-11 -2.03959e-11
       0.347     0.359982     0.489063     0.556063 -8.04152e-11  -2.0482e-11
       0.348     0.359003     0.489662     0.555238 -8.04468e-11 -2.04426e-11
       0.349     0.358026      0.49026     0.554413 -8.04097e-11 -2.04229e-11
        0.35     0.357051     0.490857     0.553589 -8.03983e-11 -2.04548e-11
       0.351     0.356078     0.491454     0.552766 -8.04733e-11 -2.03768e-11
       0.352     0.355107      0.49205     0.551943 -8.03959e-11  -2.0532e-11
       0.353     0.354138     0.492646     0.551121 -8.03988e-11 -2.04532e-11
       0.354     0.353171     0.493241       0.5503 -8.04236e-11 -2.03565e-11
       0.355     0.352206     0.493835     0.549479 -8.04263e-11 -2.04896e-11
       0.356     0.351243     0.494429     0.548659 -8.04195e-11 -2.04118e-11
       0.357     0.350281     0.495023     0.547839 -8.04494e-11 -2.04191e-11
       0.358     0.349322     0.495616      0.54702 -8.03863e-11 -2.04627e-11
       0.359     0.348364     0.496208     0.546202 -8.03657e-11 -2.04522e-11
        0.36     0.347409       0.4968     0.545384 -8.04245e-11 -2.03723e-11
       0.361     0.346455     0.497391     0.544567 -8.04294e-11 -2.04638e-11
       0.362     0.345503     0.497982      0.54375 -8.03568e-11 -2.04293e-11
       0.363     0.344553     0.498573     0.542934 -8.04081e-11 -2.03862e-11
       0.364     0.343605     0.499162     0.542119 -8.04209e-11 -2.05828e-11
       0.365     0.342659     0.499752     0.541304  -8.0446e-11 -2.04027e-11
       0.366     0.341714      0.50034      0.54049 -8.03977e-11  -2.0332e-11
       0.367     0.340772     0.500929     0.539676 -8.03417e-11 -2.05278e-11
       0.368     0.339831     0.501517     0.538863 -8.04254e-11 -2.04991e-11
       0.369     0.338893     0.502104     0.538051 -8.03987e-11 -2.03895e-11
        0.37     0.337956     0.502691     0.537239  -8.0367e-11 -2.05066e-11
       0.371     0.337021     0.503277     0.536428 -8.04137e-11  -2.0516e-11
       0.372     0.336087     0.503863     0.535617  -8.0398e-11 -2.03887e-11
       0.373     0.335156     0.504448     0.534807 -8.03972e-11 -2.04807e-11
       0.374     0.334226     0.505033     0.533997 -8.03662e-11 -2.03667e-11
       0.375     0.333299     0.505618     0.533188 -8.04464e-11 -2.03623e-11
       0.376     0.332373     0.506202     0.532379  -8.0307e-11 -2.04328e-11
       0.377     0.331449     0.506785     0.531572 -8.03933e-11  -2.0542e-11
       0.378     0.330526     0.507369     0.530764 -8.04022e-11  -2.0444e-11
       0.379     0.329606     0.507951     0.529957 -8.03923e-11 -2.04113e-11
        0.38     0.328687     0.508533     0.529151 -8.03741e-11 -2.06019e-11
       0.381      0.32777     0.509115     0.528345 -8.03665e-11 -2.03207e-11
       0.382     0.326855     0.509696      0.52754 -8.03875e-11 -2.04171e-11
       0.383     0.325941     0.510277     0.526736 -8.03569e-11 -2.05226e-11
       0.384      0.32503     0.510858     0.525931 -8.04129e-11 -2.04801e-11
       0.385      0.32412     0.511438     0.525128 -8.03632e-11 -2.02964e-11
       0.386     0.323212     0.512017     0.524325 -8.03976e-11  -2.0591e-11
       0.387     0.322305     0.512597     0.523522 -8.03669e-11 -2.03678e-11
       0.388     0.321401     0.513175      0.52272 -8.03461e-11 -2.04043e-11
       0.389     0.320498     0.513754     0.521919 -8.03668e-11 -2.06692e-11
        0.39     0.319597     0.514331     0.521118 -8.03735e-11 -2.03136e-11
       0.391     0.318697     0.514909     0.520318 -8.03594e-11 -2.06327e-11
       0.392       0.3178     0.515486     0.519518 -8.03346e-11 -2.04575e-11
       0.393     0.316904     0.516063     0.518718 -8.04145e-11 -2.03989e-11
       0.394      0.31601     0.516639     0.517919 -8.03163e-11 -2.04939e-11
       0.395     0.315117     0.517215     0.517121 -8.03835e-11 -2.03495e-11
       0.396     0.314226      0.51779     0.516323 -8.03567e-11 -2.06681e-11
       0.397     0.313337     0.518366     0.515526 -8.03445e-11 -2.03311e-11
       0.398      0.31245      0.51894     0.514729 -8.03537e-11 -2.03387e-11
       0.399     0.311564     0.519515     0.513933 -8.03404e-11 -2.05503e-11
         0.4      0.31068     0.520089     0.513137 -8.03623e-11 -2.06354e-11
       0.401     0.309798     0.520662     0.512341 -8.03287e-11 -2.03118e-11
       0.402     0.308917     0.521235     0.511547 -8.03566e-11 -2.05353e-11
       0.403     0.308039     0.521808     0.510752 -8.03903e-11 -2.05319e-11
       0.404     0.307161     0.522381     0.509958 -8.03085e-11 -2.04367e-11
       0.405     0.306286     0.522953     0.509165 -8.03131e-11 -2.03645e-11
       0.406     0.305412     0.523525     0.508372 -8.04033e-11 -2.03785e-11
       0.407      0.30454     0.524096      0.50758 -8.03201e-11 -2.06513e-11
       0.408     0.303669     0.524667     0.506788 -8.03511e-11 -2.05048e-11
       0.409       0.3028     0.525238     0.505996 -8.03897e-11  -2.0353e-11
        0.41     0.301933     0.525808     0.505205 -8.02287e-11 -2.03436e-11
       0.411     0.301067     0.526378     0.504415 -8.04016e-11 -2.04876e-11
       0.412     0.300203     0.526948     0.503625 -8.03618e-11 -2.06745e-11
       0.413     0.299341     0.527517     0.502835 -8.03427e-11 -2.04077e-11
       0.414      0.29848     0.528086     0.502046 -8.03053e-11 -2.04725e-11
       0.415     0.297621     0.528655     0.501257 -8.03163e-11 -2.04025e-11
       0.416     0.296764     0.529223     0.500469 -8.03192e-11 -2.05144e-11
       0.417     0.295908     0.529791     0.499681 -8.03221e-11 -2.03902e-11
       0.418     0.295054     0.530359     0.498894 -8.03078e-11 -2.07472e-11
       0.419     0.294201     0.530926     0.498107 -8.03648e-11 -2.03614e-11
        0.42      0.29335     0.531493     0.497321 -8.02831e-11 -2.04081e-11
       0.421     0.292501      0.53206     0.496535 -8.03446e-11 -2.05819e-11
       0.422     0.291653     0.532626     0.495749 -8.03281e-11 -2.04858e-11
       0.423     0.290807     0.533192     0.494964 -8.03169e-11 -2.04816e-11
       0.424     0.289962     0.533758     0.494179 -8.03478e-11 -2.04782e-11
       0.425     0.289119     0.534324     0.493395 -8.02878e-11 -2.05152e-11
       0.426     0.288278     0.534889     0.492611 -8.03201e-11  -2.0321e-11
       0.427     0.287438     0.535454     0.491828 -8.02796e-11 -2.05408e-11
       0.428       0.2866     0.536019     0.491045 -8.03861e-11 -2.05387e-11
       0.429     0.285763     0.536583     0.490263 -8.02241e-11 -2.03314e-11
        0.43     0.284928     0.537147     0.489481  -8.0332e-11 -2.04666e-11
       0.431     0.284094     0.537711     0.488699 -8.03544e-11 -2.04882e-11
       0.432     0.283262     0.538274     0.487918 -8.02839e-11 -2.05496e-11
       0.433     0.282432     0.538837     0.487137  -8.0256e-11 -2.04694e-11
       0.434     0.281603       0.5394     0.486357 -8.03703e-11 -2.03895e-11
       0.435     0.280775     0.539963     0.485577 -8.03291e-11 -2.05361e-11
       0.436      0.27995     0.540525     0.484797 -8.02378e-11 -2.07632e-11
       0.437     0.279125     0.541088     0.484018 -8.03524e-11 -2.02829e-11
       0.438     0.278303     0.541649     0.483239 -8.03193e-11 -2.04963e-11
       0.439     0.277481     0.542211     0.482461 -8.02371e-11 -2.04611e-11
        0.44     0.276662     0.542772     0.481683 -8.02715e-11 -2.05305e-11
       0.441     0.275844     0.543334     0.480906 -8.03508e-11 -2.06039e-11
       0.442     0.275027     0.543894     0.480129 -8.02168e-11 -2.04668e-11
       0.443     0.274212     0.544455     0.479352 -8.03203e-11 -2.04753e-11
       0.444     0.273398     0.545015     0.478576 -8.02796e-11 -2.04608e-11
       0.445     0.272586     0.545575       0.4778  -8.0291e-11 -2.05498e-11
       0.446     0.271776     0.546135     0.477024 -8.03766e-11  -2.0596e-11
       0.447     0.270966     0.546695     0.476249  -8.0189e-11 -2.01838e-11
       0.448     0.270159     0.547254     0.475474 -8.03633e-11 -2.06904e-11
       0.449     0.269353     0.547814       0.4747 -8.02189e-11  -2.0437e-11
        0.45     0.268548     0.548373     0.473926 -8.03226e-11 -2.05916e-11
       0.451     0.267745     0.548931     0.473153 -8.02271e-11 -2.04617e-11
       0.452     0.266944      0.54949     0.472379 -8.03119e-11 -2.05887e-11
       0.453     0.266144     0.550048     0.471607 -8.03155e-11 -2.03966e-11
       0.454     0.265345     0.550606     0.470834 -8.01742e-11 -2.04733e-11
       0.455     0.264548     0.551164     0.470062 -8.03235e-11 -2.05791e-11
       0.456     0.263752     0.551722      0.46929  -8.0276e-11 -2.05234e-11
       0.457     0.262958     0.552279     0.468519 -8.02814e-11 -2.04479e-11
       0.458     0.262165     0.552836     0.467748 -8.02852e-11  -2.0519e-11
       0.459     0.261374     0.553393     0.466977 -8.02965e-11 -2.04748e-11
        0.46     0.260584      0.55395     0.466207 -8.02155e-11 -2.04349e-11
       0.461     0.259796     0.554507     0.465437 -8.02394e-11 -2.06876e-11
       0.462     0.259009     0.555063     0.464668 -8.02922e-11 -2.03586e-11
       0.463     0.258223     0.555619     0.463899 -8.02587e-11 -2.06331e-11
       0.464     0.257439     0.556175      0.46313 -8.02861e-11 -2.03192e-11
       0.465     0.256657     0.556731     0.462361 -8.02041e-11 -2.06013e-11
       0.466     0.255876     0.557287     0.461593 -8.02824e-11 -2.05331e-11
       0.467     0.255096     0.557842     0.460826 -8.02484e-11 -2.05176e-11
       0.468     0.254318     0.558398     0.460058 -8.02979e-11 -2.04176e-11
       0.469     0.253541     0.558953     0.459291 -8.02773e-11 -2.07957e-11
        0.47     0.252765     0.559508     0.458525 -8.02239e-11 -2.04788e-11
       0.471     0.251991     0.560062     0.457758 -8.02215e-11 -2.03883e-11
       0.472     0.251219     0.560617     0.456992 -8.02597e-11 -2.04903e-11
       0.473     0.250448     0.561171     0.456226 -8.02483e-11 -2.04023e-11
       0.474     0.249678     0.561726     0.455461 -8.02358e-11 -2.07977e-11
       0.475      0.24891      0.56228     0.454696 -8.02667e-11 -2.02707e-11
       0.476     0.248143     0.562834     0.453931  -8.0236e-11 -2.07913e-11
       0.477     0.247377     0.563388     0.453167 -8.02375e-11 -2.03247e-11
       0.478     0.246613     0.563941     0.452403 -8.02299e-11 -2.06831e-11
       0.479     0.245851     0.564495     0.451639 -8.02671e-11 -2.03514e-11
        0.48     0.245089     0.565048     0.450876 -8.02213e-11 -2.04546e-11
       0.481     0.244329     0.565601     0.450113 -8.02472e-11 -2.06825e-11
       0.482     0.243571     0.566154      0.44935 -8.02099e-11 -2.04595e-11
       0.483     0.242814     0.566707     0.448588 -8.02755e-11 -2.05985e-11
       0.484     0.242058      0.56726     0.447826 -8.02279e-11  -2.0433e-11
       0.485     0.241304     0.567812     0.447064 -8.02164e-11 -2.04037e-11
       0.486     0.240551     0.568365     0.446303  -8.0224e-11 -2.05605e-11
       0.487     0.239799     0.568917     0.445541 -8.02309e-11 -2.07474e-11
       0.488     0.239049      0.56947     0.444781  -8.0201e-11 -2.04936e-11
       0.489       0.2383     0.570022      0.44402 -8.02736e-11 -2.04723e-11
        0.49     0.237553     0.570574      0.44326 -8.01819e-11 -2.06144e-11
       0.491     0.236807     0.571126       0.4425 -8.02384e-11 -2.05197e-11
       0.492     0.236062     0.571677      0.44174 -8.02223e-11 -2.03459e-11
       0.493     0.235318     0.572229     0.440981 -8.02074e-11  -2.0684e-11
       0.494     0.234576      0.57278     0.440222 -8.02409e-11 -2.03499e-11
       0.495     0.233836     0.573332     0.439463 -8.02348e-11 -2.06613e-11
       0.496     0.233096     0.573883     0.438705 -8.01824e-11 -2.04013e-11
       0.497     0.232359     0.574434     0.437947 -8.02217e-11 -2.07358e-11
       0.498     0.231622     0.574985     0.437189 -8.02367e-11 -2.04383e-11
       0.499     0.230887     0.575536     0.436431  -8.0165e-11 -2.05725e-11
         0.5     0.230153     0.576087     0.435674 -8.02082e-11  -2.0537e-11
       0.501      0.22942     0.576638     0.434917 -8.02187e-11 -2.04385e-11
       0.502     0.228689     0.577189      0.43416 -8.02139e-11 -2.06857e-11
       0.503     0.227959     0.577739     0.433404 -8.01968e-11  -2.0651e-11
       0.504      0.22723      0.57829     0.432648 -8.01971e-11 -2.03855e-11
       0.505     0.226503      0.57884     0.431892 -8.02496e-11  -2.0477e-11
       0.506     0.225777     0.579391     0.431136  -8.0182e-11 -2.06321e-11
       0.507     0.225052     0.579941     0.430381 -8.01901e-11 -2.06405e-11
       0.508     0.224329     0.580491     0.429626    -8.02e-11 -2.03584e-11
       0.509     0.223607     0.581041     0.428871 -8.01871e-11 -2.06571e-11
        0.51     0.222886     0.581591     0.428117 -8.02111e-11 -2.06031e-11
       0.511     0.222167     0.582141     0.427363 -8.01658e-11 -2.05027e-11
       0.512     0.221449     0.582691     0.426609 -8.01987e-11  -2.0378e-11
       0.513     0.220732     0.583241     0.425855 -8.01892e-11 -2.06528e-11
       0.514     0.220017     0.583791     0.425101 -8.01976e-11 -2.06916e-11
       0.515     0.219303     0.584341     0.424348 -8.01809e-11 -2.05724e-11
       0.516      0.21859      0.58489     0.423595 -8.02037e-11 -2.03632e-11
       0.517     0.217878      0.58544     0.422843 -8.01941e-11 -2.05054e-11
       0.518     0.217168     0.585989      0.42209 -8.01838e-11 -2.06021e-11
       0.519     0.216459     0.586539     0.421338 -8.01828e-11 -2.06907e-11
        0.52     0.215751     0.587088     0.420586 -8.01774e-11 -2.03312e-11
       0.521     0.215045     0.587638     0.419835  -8.0128e-11 -2.07486e-11
       0.522      0.21434     0.588187     0.419083 -8.02264e-11 -2.05077e-11
       0.523     0.213636     0.588737     0.418332   -8.015e-11 -2.04415e-11
       0.524     0.212934     0.589286     0.417581 -8.01793e-11  -2.0506e-11
       0.525     0.212232     0.589835      0.41683  -8.0172e-11   -2.061e-11
       0.526     0.211532     0.590384      0.41608 -8.01997e-11 -2.06972e-11
       0.527     0.210834     0.590934      0.41533 -8.01527e-11  -2.0463e-11
       0.528     0.210136     0.591483      0.41458 -8.01328e-11 -2.05528e-11
       0.529      0.20944     0.592032      0.41383 -8.01758e-11 -2.06915e-11
        0.53     0.208745     0.592581      0.41308 -8.01529e-11 -2.05556e-11
       0.531     0.208052      0.59313     0.412331 -8.02126e-11 -2.05164e-11
       0.532     0.207359     0.593679     0.411582  -8.0153e-11 -2.05918e-11
       0.533     0.206668     0.594228     0.410833 -8.01426e-11 -2.06255e-11
       0.534     0.205978     0.594777     0.410085 -8.01976e-11 -2.05015e-11
       0.535      0.20529     0.595326     0.409336 -8.01457e-11 -2.06658e-11
       0.536     0.204602     0.595875     0.408588 -8.01702e-11 -2.04942e-11
       0.537     0.203916     0.596424      0.40784 -8.01318e-11 -2.06378e-11
       0.538     0.203231     0.596973     0.407093 -8.01404e-11 -2.04574e-11
       0.539     0.202548     0.597522     0.406345 -8.01564e-11 -2.04273e-11
        0.54     0.201865     0.598071     0.405598 -8.01487e-11 -2.09169e-11
       0.541     0.201184      0.59862     0.404851 -8.01719e-11 -2.04031e-11
       0.542     0.200504     0.599169     0.404104  -8.0113e-11 -2.05991e-11
       0.543     0.199826     0.599718     0.403357 -8.01762e-11 -2.07678e-11
       0.544     0.199148     0.600267     0.402611 -8.01514e-11 -2.03776e-11
       0.545     0.198472     0.600817     0.401865 -8.01614e-11 -2.07745e-11
       0.546     0.197797     0.601366     0.401119 -8.01044e-11 -2.02563e-11
       0.547     0.197123     0.601915     0.400373 -8.01643e-11 -2.06771e-11
       0.548     0.196451     0.602464     0.399627   -8.015e-11 -2.05974e-11
       0.549     0.195779     0.603013     0.398882 -8.01228e-11 -2.05953e-11
        0.55     0.195109     0.603562     0.398136 -8.01004e-11 -2.04157e-11
       0.551     0.194441     0.604111     0.397391 -8.01417e-11 -2.07057e-11
       0.552     0.193773     0.604661     0.396647  -8.0152e-11 -2.05855e-11
       0.553     0.193107      0.60521     0.395902  -8.0137e-11 -2.07015e-11
       0.554     0.192441     0.605759     0.395157 -8.01146e-11 -2.04603e-11
       0.555     0.191777     0.606309     0.394413 -8.01594e-11 -2.05971e-11
       0.556     0.191115     0.606858     0.393669 -8.01273e-11 -2.04987e-11
       0.557     0.190453     0.607407     0.392925 -8.01149e-11  -2.0707e-11
       0.558     0.189793     0.607957     0.392181  -8.0126e-11 -2.05597e-11
       0.559     0.189133     0.608506     0.391438 -8.01497e-11 -2.05827e-11
        0.56     0.188475     0.609056     0.390695 -8.01025e-11 -2.07686e-11
       0.561     0.187819     0.609606     0.389951 -8.01098e-11 -2.03152e-11
       0.562     0.187163     0.610155     0.389208  -8.0102e-11 -2.08549e-11
       0.563     0.186509     0.610705     0.388466 -8.01233e-11 -2.05616e-11
       0.564     0.185856     0.611255     0.387723 -8.01223e-11 -2.06809e-11
       0.565     0.185204     0.611805      0.38698 -8.00939e-11 -2.04608e-11
       0.566     0.184553     0.612355     0.386238 -8.01413e-11 -2.06328e-11
       0.567     0.183903     0.612905     0.385496 -8.01059e-11 -2.05739e-11
       0.568     0.183255     0.613455     0.384754 -8.00741e-11 -2.06971e-11
       0.569     0.182608     0.614005     0.384012 -8.01357e-11 -2.05247e-11
        0.57     0.181961     0.614555      0.38327 -8.01426e-11 -2.05785e-11
       0.571     0.181317     0.615105     0.382529 -8.01022e-11 -2.07343e-11
       0.572     0.180673     0.615656     0.381788 -8.00861e-11 -2.04692e-11
       0.573      0.18003     0.616206     0.381046 -8.00661e-11 -2.06103e-11
       0.574     0.179389     0.616757     0.380305 -8.01422e-11 -2.06079e-11
       0.575     0.178749     0.617308     0.379564 -8.01103e-11 -2.05667e-11
       0.576      0.17811     0.617858     0.378824 -8.00644e-11 -2.07525e-11
       0.577     0.177472     0.618409     0.378083  -8.0106e-11 -2.05787e-11
       0.578     0.176835      0.61896     0.377343  -8.0111e-11  -2.0538e-11
       0.579       0.1762     0.619511     0.376602 -8.01002e-11 -2.06197e-11
        0.58     0.175565     0.620062     0.375862 -8.00698e-11 -2.05947e-11
       0.581     0.174932     0.620614     0.375122 -8.00962e-11 -2.06873e-11
       0.582       0.1743     0.621165     0.374382 -8.00845e-11 -2.05915e-11
       0.583     0.173669     0.621717     0.373643 -8.00791e-11 -2.07009e-11
       0.584      0.17304     0.622268     0.372903 -8.01075e-11 -2.06175e-11
       0.585     0.172411      0.62282     0.372164 -8.00904e-11 -2.05139e-11
       0.586     0.171784     0.623372     0.371424 -8.00786e-11 -2.07159e-11
       0.587     0.171157     0.623924     0.370685 -8.00897e-11 -2.05822e-11
       0.588     0.170532     0.624476     0.369946 -8.00328e-11 -2.05457e-11
       0.589     0.169908     0.625028     0.369207 -8.01002e-11 -2.07664e-11
        0.59     0.169285      0.62558     0.368468 -8.00543e-11 -2.06249e-11
       0.591     0.168664     0.626133     0.367729 -8.01356e-11 -2.05585e-11
       0.592     0.168043     0.626685     0.366991 -8.00305e-11 -2.04341e-11
       0.593     0.167424     0.627238     0.366252 -8.00666e-11 -2.09051e-11
       0.594     0.166805     0.627791     0.365514 -8.01219e-11 -2.03944e-11
       0.595     0.166188     0.628344     0.364776 -7.99983e-11 -2.07083e-11
       0.596     0.165572     0.628897     0.364038  -8.0115e-11 -2.07534e-11
       0.597     0.164958     0.629451       0.3633 -8.00505e-11 -2.06221e-11
       0.598     0.164344     0.630004     0.362562 -8.00972e-11 -2.04684e-11
       0.599     0.163731     0.630558     0.361824 -8.00384e-11 -2.05667e-11
         0.6      0.16312     0.631111     0.361086  -8.0066e-11 -2.07608e-11
       0.601     0.162509     0.631665     0.360349 -8.00723e-11  -2.0713e-11
       0.602       0.1619      0.63222     0.359611 -8.00613e-11 -2.06355e-11
       0.603     0.161292     0.632774     0.358874 -8.00068e-11 -2.07569e-11
       0.604     0.160685     0.633328     0.358137  -8.0116e-11 -2.03653e-11
       0.605     0.160079     0.633883     0.357399 -8.00242e-11  -2.0853e-11
       0.606     0.159474     0.634438     0.356662 -8.00521e-11 -2.04167e-11
       0.607     0.158871     0.634993     0.355925 -8.00526e-11 -2.08292e-11
       0.608     0.158268     0.635548     0.355188 -8.00234e-11 -2.06523e-11
       0.609     0.157667     0.636103     0.354452 -8.01102e-11 -2.05767e-11
        0.61     0.157067     0.636659     0.353715 -8.00242e-11  -2.0788e-11
       0.611     0.156467     0.637214     0.352978 -8.00227e-11  -2.0678e-11
       0.612     0.155869      0.63777     0.352242 -8.00436e-11 -2.05156e-11
       0.613     0.155272     0.638326     0.351505  -8.0061e-11 -2.04963e-11
       0.614     0.154677     0.638883     0.350769 -8.00349e-11 -2.07814e-11
       0.615     0.154082     0.639439     0.350032 -8.00568e-11   -2.057e-11
       0.616     0.153488     0.639996     0.349296 -8.00599e-11  -2.0927e-11
       0.617     0.152896     0.640553      0.34856 -8.00216e-11 -2.04548e-11
       0.618     0.152304      0.64111     0.347824 -7.99977e-11 -2.06529e-11
       0.619     0.151714     0.641667     0.347088 -8.00596e-11 -2.07346e-11
        0.62     0.151125     0.642225     0.346352 -8.00314e-11 -2.07361e-11
       0.621     0.150536     0.642783     0.345616 -8.00603e-11 -2.04284e-11
       0.622     0.149949      0.64334      0.34488 -7.99658e-11 -2.07388e-11
       0.623     0.149363     0.643899     0.344144  -8.0062e-11 -2.07055e-11
       0.624     0.148779     0.644457     0.343409  -8.0022e-11 -2.07056e-11
       0.625     0.148195     0.645016     0.342673 -8.00508e-11  -2.0582e-11
       0.626     0.147612     0.645575     0.341937 -8.00205e-11 -2.08277e-11
       0.627      0.14703     0.646134     0.341202 -7.99971e-11 -2.06154e-11
       0.628      0.14645     0.646693     0.340466 -8.00282e-11 -2.07077e-11
       0.629      0.14587     0.647253     0.339731 -8.00208e-11 -2.05949e-11
        0.63     0.145292     0.647813     0.338996 -7.99927e-11 -2.07454e-11
       0.631     0.144715     0.648373      0.33826 -8.00635e-11 -2.06162e-11
       0.632     0.144139     0.648933     0.337525 -7.99741e-11 -2.06467e-11
       0.633     0.143563     0.649494      0.33679 -8.00553e-11  -2.0667e-11
       0.634     0.142989     0.650055     0.336054 -8.00115e-11 -2.07041e-11
       0.635     0.142416     0.650616     0.335319 -7.99543e-11 -2.05046e-11
       0.636     0.141844     0.651177     0.334584 -8.00443e-11 -2.07296e-11
       0.637     0.141274     0.651739     0.333849 -7.99414e-11 -2.09321e-11
       0.638     0.140704     0.652301     0.333114 -8.00311e-11 -2.04658e-11
       0.639     0.140135     0.652863     0.332379 -8.00222e-11 -2.06753e-11
        0.64     0.139568     0.653425     0.331644 -8.00119e-11 -2.07829e-11
       0.641     0.139001     0.653988     0.330909 -7.99684e-11  -2.0738e-11
       0.642     0.138436     0.654551     0.330174  -8.0013e-11 -2.06252e-11
       0.643     0.137871     0.655114     0.329439 -8.00082e-11 -2.06051e-11
       0.644     0.137308     0.655678     0.328704 -7.99749e-11 -2.06851e-11
       0.645     0.136745     0.656242     0.327969 -7.99894e-11 -2.07146e-11
       0.646     0.136184     0.656806     0.327234  -8.0045e-11 -2.08207e-11
       0.647     0.135624     0.657371     0.326499 -7.99633e-11 -2.06277e-11
       0.648     0.135065     0.657935     0.325764 -7.99848e-11 -2.07436e-11
       0.649     0.134507       0.6585     0.325029 -7.99987e-11 -2.06846e-11
        0.65      0.13395     0.659066     0.324294 -7.99721e-11 -2.06667e-11
       0.651     0.133394     0.659632      0.32356  -7.9985e-11 -2.08276e-11
       0.652     0.132839     0.660198     0.322825 -8.00016e-11 -2.06092e-11
       0.653     0.132285     0.660764      0.32209 -7.99678e-11 -2.07884e-11
       0.654     0.131732     0.661331     0.321355 -7.99645e-11 -2.07781e-11
       0.655      0.13118     0.661898      0.32062 -8.00207e-11 -2.05382e-11
       0.656      0.13063     0.662465     0.319885 -7.99502e-11  -2.0687e-11
       0.657      0.13008     0.663033      0.31915 -7.99799e-11 -2.05633e-11
       0.658     0.129531     0.663601     0.318415 -7.99686e-11 -2.08516e-11
       0.659     0.128984     0.664169      0.31768 -7.99964e-11  -2.0888e-11
        0.66     0.128437     0.664738     0.316945 -7.99682e-11 -2.05996e-11
       0.661     0.127892     0.665307      0.31621 -7.99711e-11 -2.06225e-11
       0.662     0.127347     0.665876     0.315475 -7.99576e-11  -2.0761e-11
       0.663     0.126804     0.666446      0.31474 -7.99585e-11 -2.08636e-11
       0.664     0.126262     0.667016     0.314005 -7.99584e-11 -2.05577e-11
       0.665      0.12572     0.667587      0.31327 -7.99689e-11 -2.08663e-11
       0.666      0.12518     0.668157     0.312535 -7.99842e-11 -2.06874e-11
       0.667     0.124641     0.668729       0.3118 -7.99383e-11 -2.07882e-11
       0.668     0.124102       0.6693     0.311065 -7.99548e-11 -2.05599e-11
       0.669     0.123565     0.669872      0.31033 -7.99526e-11 -2.08104e-11
        0.67     0.123029     0.670444     0.309595  -7.9955e-11 -2.06781e-11
       0.671     0.122494     0.671017     0.308859 -7.99628e-11 -2.07733e-11
       0.672      0.12196      0.67159     0.308124 -7.99392e-11 -2.08297e-11
       0.673     0.121427     0.672164     0.307389 -7.99725e-11 -2.04815e-11
       0.674     0.120895     0.672738     0.306653 -7.99379e-11  -2.0821e-11
       0.675     0.120364     0.673312     0.305918 -7.99498e-11 -2.07698e-11
       0.676     0.119834     0.673886     0.305182 -7.99265e-11 -2.06836e-11
       0.677     0.119305     0.674462     0.304447 -7.99545e-11 -2.07072e-11
       0.678     0.118777     0.675037     0.303711 -7.99582e-11 -2.08716e-11
       0.679      0.11825     0.675613     0.302975 -7.99409e-11 -2.06752e-11
        0.68     0.117724     0.676189      0.30224 -7.99304e-11 -2.08843e-11
       0.681     0.117199     0.676766     0.301504 -7.99601e-11 -2.06676e-11
       0.682     0.116675     0.677343     0.300768 -7.99422e-11 -2.06956e-11
       0.683     0.116152     0.677921     0.300032 -7.98992e-11 -2.09576e-11
       0.684      0.11563     0.678499     0.299296 -7.99389e-11 -2.06183e-11
       0.685     0.115109     0.679077      0.29856 -7.99481e-11 -2.07307e-11
       0.686     0.114589     0.679656     0.297824 -7.99403e-11 -2.07471e-11
       0.687     0.114071     0.680236     0.297087 -7.99104e-11 -2.07652e-11
       0.688     0.113553     0.680816     0.296351 -7.99305e-11 -2.07202e-11
       0.689     0.113036     0.681396     0.295615 -7.99257e-11 -2.07911e-11
        0.69      0.11252     0.681977     0.294878 -7.99092e-11 -2.08655e-11
       0.691     0.112005     0.682558     0.294141 -7.99509e-11 -2.06026e-11
       0.692     0.111492     0.683139     0.293405 -7.99099e-11  -2.0831e-11
       0.693     0.110979     0.683722     0.292668 -7.99161e-11 -2.08999e-11
       0.694     0.110467     0.684304     0.291931 -7.99173e-11 -2.05991e-11
       0.695     0.109956     0.684887     0.291194 -7.99296e-11 -2.09062e-11
       0.696     0.109447     0.685471     0.290457 -7.99309e-11 -2.07997e-11
       0.697     0.108938     0.686055      0.28972 -7.99011e-11 -2.07431e-11
       0.698      0.10843     0.686639     0.288982 -7.99139e-11 -2.07498e-11
       0.699     0.107923     0.687225     0.288245 -7.99032e-11 -2.07939e-11
         0.7     0.107418      0.68781     0.287507 -7.99213e-11  -2.0569e-11
       0.701     0.106913     0.688396      0.28677  -7.9884e-11 -2.09059e-11
       0.702     0.106409     0.688983     0.286032 -7.99374e-11 -2.07502e-11
       0.703     0.105906      0.68957     0.285294 -7.98748e-11 -2.07587e-11
       0.704     0.105405     0.690157     0.284556  -7.9897e-11 -2.09429e-11
       0.705     0.104904     0.690746     0.283818 -7.99115e-11 -2.06308e-11
       0.706     0.104404     0.691334     0.283079 -7.99126e-11 -2.08193e-11
       0.707     0.103905     0.691923     0.282341 -7.98873e-11 -2.08599e-11
       0.708     0.103408     0.692513     0.281602 -7.98973e-11 -2.07757e-11
       0.709     0.102911     0.693104     0.280863 -7.98866e-11 -2.08282e-11
        0.71     0.102415     0.693694     0.280125 -7.98984e-11 -2.08346e-11
       0.711      0.10192     0.694286     0.279386 -7.99065e-11 -2.06796e-11
       0.712     0.101426     0.694878     0.278646 -7.98976e-11  -2.0775e-11
       0.713     0.100934      0.69547     0.277907 -7.98944e-11 -2.09766e-11
       0.714     0.100442     0.696063     0.277168 -7.98635e-11 -2.09113e-11
       0.715    0.0999509     0.696657     0.276428 -7.98828e-11 -2.05949e-11
       0.716     0.099461     0.697251     0.275688 -7.98785e-11 -2.09116e-11
       0.717    0.0989721     0.697846     0.274948 -7.98957e-11 -2.07555e-11
       0.718    0.0984842     0.698441     0.274208 -7.98622e-11 -2.08091e-11
       0.719    0.0979973     0.699037     0.273468 -7.98891e-11 -2.08596e-11
        0.72    0.0975114     0.699634     0.272727 -7.98805e-11 -2.08816e-11
       0.721    0.0970264     0.700231     0.271987 -7.98899e-11 -2.06971e-11
       0.722    0.0965424     0.700829     0.271246 -7.98682e-11 -2.09079e-11
       0.723    0.0960594     0.701428     0.270505  -7.9867e-11 -2.06798e-11
       0.724    0.0955774     0.702027     0.269763 -7.98703e-11 -2.08675e-11
       0.725    0.0950964     0.702626     0.269022 -7.98748e-11 -2.09953e-11
       0.726    0.0946163     0.703227      0.26828 -7.98817e-11 -2.07823e-11
       0.727    0.0941373     0.703828     0.267539 -7.98617e-11 -2.06489e-11
       0.728    0.0936592     0.704429     0.266797 -7.98523e-11 -2.09478e-11
       0.729     0.093182     0.705031     0.266054  -7.9878e-11 -2.08046e-11
        0.73    0.0927059     0.705634     0.265312 -7.98386e-11 -2.07496e-11
       0.731    0.0922307     0.706238     0.264569 -7.98602e-11  -2.1059e-11
       0.732    0.0917565     0.706842     0.263827 -7.98709e-11  -2.0716e-11
       0.733    0.0912833     0.707447     0.263084 -7.98613e-11 -2.08313e-11
       0.734     0.090811     0.708053      0.26234 -7.98554e-11 -2.09384e-11
       0.735    0.0903397     0.708659     0.261597 -7.98588e-11 -2.07795e-11
       0.736    0.0898694     0.709266     0.260853 -7.98545e-11  -2.0953e-11
       0.737    0.0894001     0.709873     0.260109 -7.98482e-11 -2.08801e-11
       0.738    0.0889317     0.710482     0.259365 -7.98502e-11 -2.08114e-11
       0.739    0.0884643     0.711091      0.25862 -7.98477e-11 -2.07577e-11
        0.74    0.0879979     0.711701     0.257876 -7.98277e-11 -2.09477e-11
       0.741    0.0875324     0.712311     0.257131 -7.98491e-11 -2.07902e-11
       0.742    0.0870679     0.712922     0.256386 -7.98412e-11 -2.08836e-11
       0.743    0.0866044     0.713534      0.25564 -7.98365e-11 -2.08854e-11
       0.744    0.0861418     0.714147     0.254895 -7.98641e-11 -2.09454e-11
       0.745    0.0856802      0.71476     0.254149 -7.98372e-11 -2.07944e-11
       0.746    0.0852195     0.715374     0.253402 -7.98427e-11 -2.07533e-11
       0.747    0.0847598     0.715989     0.252656 -7.98264e-11 -2.08751e-11
       0.748    0.0843011     0.716605     0.251909 -7.98281e-11 -2.11125e-11
       0.749    0.0838434     0.717221     0.251162 -7.98194e-11 -2.06849e-11
        0.75    0.0833866     0.717839     0.250415 -7.98619e-11 -2.09023e-11
       0.751    0.0829308     0.718457     0.249667 -7.98206e-11 -2.09301e-11
       0.752    0.0824759     0.719076     0.248919 -7.98266e-11 -2.08145e-11
       0.753     0.082022     0.719695     0.248171 -7.98162e-11 -2.10637e-11
       0.754     0.081569     0.720316     0.247423 -7.98057e-11 -2.08092e-11
       0.755     0.081117     0.720937     0.246674 -7.98293e-11  -2.0947e-11
       0.756     0.080666     0.721559     0.245925 -7.98456e-11 -2.08349e-11
       0.757    0.0802159     0.722182     0.245175 -7.98233e-11 -2.11157e-11
       0.758    0.0797668     0.722805     0.244426 -7.98271e-11 -2.07126e-11
       0.759    0.0793186      0.72343     0.243676 -7.97965e-11 -2.08861e-11
        0.76    0.0788714     0.724055     0.242925 -7.98066e-11 -2.10027e-11
       0.761    0.0784252     0.724682     0.242175 -7.98338e-11 -2.10185e-11
       0.762    0.0779799     0.725309     0.241424 -7.97961e-11 -2.08279e-11
       0.763    0.0775356     0.725937     0.240672 -7.98061e-11 -2.08081e-11
       0.764    0.0770922     0.726566     0.239921  -7.9824e-11 -2.10349e-11
       0.765    0.0766498     0.727195     0.239169 -7.97978e-11  -2.0881e-11
       0.766    0.0762083     0.727826     0.238416 -7.98088e-11 -2.08848e-11
       0.767    0.0757678     0.728457     0.237664 -7.98183e-11 -2.08882e-11
       0.768    0.0753282      0.72909      0.23691 -7.97901e-11 -2.10419e-11
       0.769    0.0748896     0.729723     0.236157 -7.97976e-11 -2.10778e-11
        0.77    0.0744519     0.730357     0.235403 -7.98077e-11 -2.08546e-11
       0.771    0.0740152     0.730993     0.234649 -7.98002e-11 -2.09246e-11
       0.772    0.0735794     0.731629     0.233895 -7.97736e-11 -2.08499e-11
       0.773    0.0731446     0.732266      0.23314 -7.98096e-11 -2.10943e-11
       0.774    0.0727107     0.732904     0.232384 -7.97908e-11 -2.08151e-11
       0.775    0.0722778     0.733543     0.231629 -7.98208e-11 -2.09382e-11
       0.776    0.0718459     0.734183     0.230872 -7.97797e-11 -2.08854e-11
       0.777    0.0714148     0.734824     0.230116 -7.97696e-11 -2.12179e-11
       0.778    0.0709848     0.735466     0.229359 -7.97933e-11 -2.07925e-11
       0.779    0.0705557     0.736109     0.228602 -7.98109e-11 -2.10234e-11
        0.78    0.0701275     0.736753     0.227844 -7.97564e-11 -2.08645e-11
       0.781    0.0697003     0.737398     0.227086 -7.98095e-11 -2.10269e-11
       0.782     0.069274     0.738044     0.226327 -7.97509e-11 -2.11076e-11
       0.783    0.0688486     0.738691     0.225568 -7.97974e-11 -2.08512e-11
       0.784    0.0684243     0.739339     0.224809 -7.97444e-11  -2.0888e-11
       0.785    0.0680008     0.739989     0.224049 -7.97798e-11 -2.10369e-11
       0.786    0.0675783     0.740639     0.223288 -7.97882e-11 -2.09944e-11
       0.787    0.0671568      0.74129     0.222528 -7.97829e-11 -2.10356e-11
       0.788    0.0667362     0.741943     0.221766 -7.97671e-11 -2.11234e-11
       0.789    0.0663165     0.742596     0.221005 -7.97662e-11 -2.07377e-11
        0.79    0.0658978     0.743251     0.220242  -7.9756e-11 -2.11509e-11
       0.791      0.06548     0.743907      0.21948 -7.97787e-11 -2.10254e-11
       0.792    0.0650632     0.744563     0.218716 -7.97913e-11 -2.09149e-11
       0.793    0.0646473     0.745221     0.217953 -7.97422e-11 -2.10676e-11
       0.794    0.0642324     0.745881     0.217189 -7.97574e-11 -2.08963e-11
       0.795    0.0638184     0.746541     0.216424 -7.97655e-11 -2.11569e-11
       0.796    0.0634054     0.747202     0.215659 -7.97533e-11 -2.10278e-11
       0.797    0.0629933     0.747865     0.214893 -7.97293e-11 -2.09895e-11
       0.798    0.0625821     0.748529     0.214127 -7.97804e-11 -2.09891e-11
       0.799    0.0621719     0.749194      0.21336  -7.9755e-11 -2.10977e-11
         0.8    0.0617626      0.74986     0.212593 -7.97654e-11 -2.10324e-11
       0.801    0.0613543     0.750528     0.211825 -7.97545e-11 -2.09822e-11
       0.802    0.0609469     0.751197     0.211057 -7.97468e-11 -2.11626e-11
       0.803    0.0605404     0.751867     0.210288 -7.97538e-11 -2.10154e-11
       0.804    0.0601349     0.752538     0.209518 -7.97299e-11 -2.09557e-11
       0.805    0.0597303     0.753211     0.208748 -7.97515e-11 -2.11344e-11
       0.806    0.0593267     0.753884     0.207978 -7.97345e-11 -2.09925e-11
       0.807     0.058924     0.754559     0.207206 -7.97477e-11 -2.10626e-11
       0.808    0.0585223     0.755236     0.206435 -7.97428e-11 -2.10935e-11
       0.809    0.0581215     0.755914     0.205662 -7.97567e-11 -2.10899e-11
        0.81    0.0577216     0.756593     0.204889 -7.97322e-11 -2.10007e-11
       0.811    0.0573227     0.757273     0.204116 -7.97373e-11 -2.09982e-11
       0.812    0.0569247     0.757955     0.203342  -7.9723e-11 -2.11136e-11
       0.813    0.0565277     0.758638     0.202567  -7.9742e-11  -2.1122e-11
       0.814    0.0561316     0.759323     0.201791 -7.97351e-11 -2.11638e-11
       0.815    0.0557364     0.760009     0.201015 -7.97407e-11 -2.11112e-11
       0.816    0.0553422     0.760696     0.200238 -7.97238e-11 -2.09942e-11
       0.817    0.0549489     0.761385     0.199461 -7.97251e-11  -2.1163e-11
       0.818    0.0545566     0.762075     0.198683 -7.97188e-11 -2.11061e-11
       0.819    0.0541652     0.762767     0.197904  -7.9733e-11  -2.1167e-11
        0.82    0.0537748      0.76346     0.197125  -7.9722e-11 -2.10695e-11
       0.821    0.0533852     0.764155     0.196345 -7.97094e-11 -2.10409e-11
       0.822    0.0529967     0.764851     0.195564 -7.97271e-11 -2.11567e-11
       0.823     0.052609     0.765549     0.194782 -7.97285e-11 -2.12305e-11
       0.824    0.0522224     0.766248        0.194 -7.97145e-11 -2.11449e-11
       0.825    0.0518366     0.766949     0.193217 -7.97191e-11 -2.09649e-11
       0.826    0.0514518     0.767651     0.192433 -7.97097e-11 -2.12681e-11
       0.827     0.051068     0.768355     0.191649 -7.97055e-11 -2.10688e-11
       0.828     0.050685     0.769061     0.190864  -7.9714e-11 -2.12181e-11
       0.829    0.0503031     0.769768     0.190078 -7.97109e-11 -2.11024e-11
        0.83     0.049922     0.770477     0.189291 -7.97107e-11 -2.12294e-11
       0.831    0.0495419     0.771188     0.188504 -7.97055e-11 -2.11308e-11
       0.832    0.0491628       0.7719     0.187715 -7.97161e-11 -2.12505e-11
       0.833    0.0487846     0.772613     0.186926 -7.96938e-11 -2.10659e-11
       0.834    0.0484073     0.773329     0.186137 -7.97104e-11 -2.12072e-11
       0.835     0.048031     0.774046     0.185346 -7.97087e-11 -2.13178e-11
       0.836    0.0476556     0.774765     0.184554 -7.97046e-11 -2.10406e-11
       0.837    0.0472812     0.775486     0.183762 -7.96831e-11  -2.1198e-11
       0.838    0.0469077     0.776209     0.182969 -7.96959e-11 -2.11758e-11
       0.839    0.0465351     0.776933     0.182175 -7.96964e-11  -2.1203e-11
        0.84    0.0461635     0.777659      0.18138  -7.9706e-11 -2.13146e-11
       0.841    0.0457929     0.778387     0.180584 -7.97015e-11 -2.11923e-11
       0.842    0.0454232     0.779117     0.179787 -7.96918e-11 -2.10646e-11
       0.843    0.0450544     0.779849      0.17899 -7.96748e-11 -2.13937e-11
       0.844    0.0446866     0.780582     0.178191 -7.96786e-11 -2.11533e-11
       0.845    0.0443197     0.781318     0.177392 -7.97063e-11 -2.12393e-11
       0.846    0.0439538     0.782055     0.176591 -7.96979e-11 -2.12721e-11
       0.847    0.0435888     0.782795      0.17579 -7.96807e-11 -2.12846e-11
       0.848    0.0432248     0.783536     0.174988  -7.9674e-11 -2.12065e-11
       0.849    0.0428617      0.78428     0.174184 -7.96912e-11 -2.12495e-11
        0.85    0.0424995     0.785025      0.17338 -7.96692e-11 -2.13733e-11
       0.851    0.0421384     0.785773     0.172575  -7.9696e-11 -2.12153e-11
       0.852    0.0417781     0.786522     0.171768 -7.96738e-11 -2.12949e-11
       0.853    0.0414188     0.787274     0.170961 -7.96816e-11 -2.12844e-11
       0.854    0.0410605     0.788028     0.170153 -7.96778e-11 -2.12827e-11
       0.855    0.0407031     0.788784     0.169343 -7.96556e-11 -2.14248e-11
       0.856    0.0403467     0.789542     0.168533 -7.96888e-11 -2.11451e-11
       0.857    0.0399912     0.790302     0.167721 -7.96779e-11 -2.12478e-11
       0.858    0.0396366     0.791065     0.166909 -7.96563e-11 -2.14084e-11
       0.859    0.0392831      0.79183     0.166095 -7.96845e-11 -2.14338e-11
        0.86    0.0389304     0.792597      0.16528 -7.96618e-11 -2.12967e-11
       0.861    0.0385788     0.793367     0.164464 -7.96649e-11 -2.12616e-11
       0.862     0.038228     0.794138     0.163647 -7.96762e-11 -2.13017e-11
       0.863    0.0378783     0.794913     0.162828 -7.96646e-11 -2.14443e-11
       0.864    0.0375295     0.795689     0.162009 -7.96677e-11 -2.13234e-11
       0.865    0.0371816     0.796468     0.161188 -7.96684e-11 -2.13659e-11
       0.866    0.0368347      0.79725     0.160366 -7.96624e-11 -2.13826e-11
       0.867    0.0364888     0.798034     0.159542 -7.96648e-11 -2.13582e-11
       0.868    0.0361438      0.79882     0.158718 -7.96426e-11 -2.15144e-11
       0.869    0.0357998     0.799609     0.157892 -7.96588e-11 -2.13187e-11
        0.87    0.0354568     0.800401     0.157065 -7.96665e-11 -2.14524e-11
       0.871    0.0351147     0.801195     0.156237 -7.96454e-11 -2.12951e-11
       0.872    0.0347735     0.801992     0.155407 -7.96605e-11 -2.14721e-11
       0.873    0.0344334     0.802792     0.154576 -7.96657e-11 -2.14154e-11
       0.874    0.0340942     0.803594     0.153744 -7.96465e-11 -2.15447e-11
       0.875     0.033756     0.804399      0.15291 -7.96531e-11 -2.13633e-11
       0.876    0.0334187     0.805207     0.152074 -7.96497e-11 -2.14209e-11
       0.877    0.0330824     0.806018     0.151238 -7.96459e-11 -2.14638e-11
       0.878    0.0327471     0.806831       0.1504 -7.96578e-11 -2.15895e-11
       0.879    0.0324127     0.807648      0.14956 -7.96379e-11 -2.13783e-11
        0.88    0.0320793     0.808467     0.148719 -7.96765e-11 -2.15348e-11
       0.881    0.0317469      0.80929     0.147876 -7.96381e-11 -2.15863e-11
       0.882    0.0314155     0.810115     0.147032 -7.96465e-11 -2.14689e-11
       0.883     0.031085     0.810944     0.146187 -7.96446e-11  -2.1469e-11
       0.884    0.0307555     0.811776     0.145339 -7.96483e-11 -2.15975e-11
       0.885     0.030427      0.81261     0.144491 -7.96349e-11 -2.13884e-11
       0.886    0.0300994     0.813449      0.14364 -7.96426e-11 -2.16959e-11
       0.887    0.0297729      0.81429     0.142788 -7.96465e-11 -2.14484e-11
       0.888    0.0294473     0.815135     0.141934 -7.96378e-11 -2.15975e-11
       0.889    0.0291227     0.815983     0.141079 -7.96417e-11 -2.15491e-11
        0.89    0.0287991     0.816834     0.140221   -7.964e-11 -2.15872e-11
       0.891    0.0284765     0.817689     0.139362 -7.96307e-11  -2.1536e-11
       0.892    0.0281548     0.818547     0.138501 -7.96481e-11  -2.1698e-11
       0.893    0.0278342     0.819409     0.137639 -7.96385e-11 -2.16566e-11
       0.894    0.0275145     0.820275     0.136774 -7.96418e-11 -2.15253e-11
       0.895    0.0271958     0.821144     0.135908 -7.96344e-11  -2.1886e-11
       0.896    0.0268781     0.822017      0.13504 -7.96356e-11 -2.15141e-11
       0.897    0.0265614     0.822894     0.134169 -7.96328e-11 -2.16528e-11
       0.898    0.0262457     0.823775     0.133297 -7.96329e-11 -2.16126e-11
       0.899     0.025931     0.824659     0.132423 -7.96425e-11 -2.18554e-11
         0.9    0.0256173     0.825548     0.131547 -7.96299e-11 -2.16493e-11
       0.901    0.0253047     0.826441     0.130669  -7.9631e-11 -2.16683e-11
       0.902     0.024993     0.827337     0.129788 -7.96428e-11 -2.18559e-11
       0.903    0.0246823     0.828238     0.128906 -7.96278e-11 -2.16896e-11
       0.904    0.0243726     0.829143     0.128021 -7.96326e-11 -2.17844e-11
       0.905    0.0240639     0.830053     0.127134  -7.9638e-11 -2.17657e-11
       0.906    0.0237562     0.830967     0.126245 -7.96259e-11 -2.17829e-11
       0.907    0.0234496     0.831885     0.125353 -7.96424e-11 -2.17673e-11
       0.908     0.023144     0.832808      0.12446 -7.96244e-11 -2.18614e-11
       0.909    0.0228393     0.833736     0.123563 -7.96361e-11 -2.19222e-11
        0.91    0.0225357     0.834668     0.122665 -7.96274e-11 -2.17579e-11
       0.911    0.0222332     0.835605     0.121764 -7.96312e-11  -2.1853e-11
       0.912    0.0219316     0.836547      0.12086 -7.96407e-11 -2.18928e-11
       0.913    0.0216311     0.837494     0.119954 -7.96299e-11 -2.19361e-11
       0.914    0.0213316     0.838446     0.119045 -7.96343e-11 -2.18422e-11
       0.915    0.0210331     0.839403     0.118134 -7.96346e-11 -2.19739e-11
       0.916    0.0207357     0.840365     0.117219 -7.96429e-11 -2.18622e-11
       0.917    0.0204393     0.841333     0.116302 -7.96231e-11 -2.20622e-11
       0.918    0.0201439     0.842306     0.115383 -7.96372e-11 -2.19393e-11
       0.919    0.0198496     0.843285      0.11446 -7.96426e-11 -2.20795e-11
        0.92    0.0195563     0.844269     0.113535 -7.96234e-11 -2.19525e-11
       0.921    0.0192641      0.84526     0.112606 -7.96382e-11 -2.20959e-11
       0.922     0.018973     0.846256     0.111674 -7.96315e-11 -2.20059e-11
       0.923    0.0186828     0.847258      0.11074 -7.96478e-11 -2.21419e-11
       0.924    0.0183938     0.848266     0.109802  -7.9641e-11 -2.20847e-11
       0.925    0.0181058     0.849281     0.108861 -7.96338e-11 -2.21831e-11
       0.926    0.0178188     0.850302     0.107916  -7.9647e-11 -2.21249e-11
       0.927     0.017533      0.85133     0.106969  -7.9635e-11 -2.21296e-11
       0.928    0.0172482     0.852364     0.106017 -7.96434e-11 -2.21468e-11
       0.929    0.0169644     0.853406     0.105062 -7.96514e-11 -2.22019e-11
        0.93    0.0166818     0.854454     0.104104 -7.96384e-11 -2.23063e-11
       0.931    0.0164002     0.855509     0.103142 -7.96506e-11 -2.22888e-11
       0.932    0.0161198     0.856572     0.102176 -7.96407e-11 -2.23349e-11
       0.933    0.0158404     0.857643     0.101206 -7.96523e-11 -2.23235e-11
       0.934    0.0155621     0.858721     0.100232 -7.96503e-11  -2.2348e-11
       0.935    0.0152849     0.859806    0.0992545 -7.96573e-11 -2.24019e-11
       0.936    0.0150088       0.8609    0.0982726 -7.96483e-11 -2.24204e-11
       0.937    0.0147338     0.862003    0.0972863 -7.96646e-11 -2.23426e-11
       0.938    0.0144599     0.863113    0.0962957 -7.96585e-11   -2.246e-11
       0.939    0.0141872     0.864233    0.0953006 -7.96662e-11  -2.2573e-11
        0.94    0.0139155     0.865361     0.094301 -7.96646e-11  -2.2573e-11
       0.941     0.013645     0.866499    0.0932966 -7.96621e-11 -2.24966e-11
       0.942    0.0133756     0.867646    0.0922874 -7.96733e-11 -2.26435e-11
       0.943    0.0131074     0.868802    0.0912732 -7.96713e-11   -2.259e-11
       0.944    0.0128403     0.869969    0.0902539 -7.96801e-11 -2.27012e-11
       0.945    0.0125743     0.871146    0.0892294 -7.96852e-11 -2.28553e-11
       0.946    0.0123095     0.872333    0.0881995 -7.96828e-11 -2.26748e-11
       0.947    0.0120459     0.873531    0.0871641 -7.96849e-11 -2.28274e-11
       0.948    0.0117834      0.87474    0.0861229 -7.97006e-11 -2.28223e-11
       0.949    0.0115221     0.875961    0.0850759 -7.96908e-11 -2.29122e-11
        0.95     0.011262     0.877193    0.0840228 -7.97036e-11 -2.29523e-11
       0.951     0.011003     0.878438    0.0829635 -7.97063e-11   -2.292e-11
       0.952    0.0107453     0.879696    0.0818978 -7.97101e-11 -2.31402e-11
       0.953    0.0104888     0.880966    0.0808254 -7.97205e-11 -2.30541e-11
       0.954    0.0102334      0.88225    0.0797462 -7.97289e-11 -2.31872e-11
       0.955   0.00997931     0.883548    0.0786599 -7.97222e-11 -2.31943e-11
       0.956   0.00972642      0.88486    0.0775663 -7.97353e-11 -2.32905e-11
       0.957   0.00947477     0.886187    0.0764651 -7.97454e-11 -2.33249e-11
       0.958   0.00922435      0.88753     0.075356 -7.97479e-11  -2.3425e-11
       0.959   0.00897519     0.888889    0.0742389 -7.97651e-11 -2.34595e-11
        0.96   0.00872729     0.890264    0.0731133 -7.97644e-11  -2.3537e-11
       0.961   0.00848066     0.891657    0.0719789  -7.9774e-11 -2.36752e-11
       0.962   0.00823531     0.893067    0.0708355 -7.97845e-11 -2.36893e-11
       0.963   0.00799125     0.894497    0.0696827  -7.9791e-11 -2.37965e-11
       0.964    0.0077485     0.895946      0.06852 -7.98088e-11 -2.38548e-11
       0.965   0.00750707     0.897416     0.067347 -7.98119e-11 -2.39566e-11
       0.966   0.00726696     0.898907    0.0661635 -7.98277e-11 -2.40857e-11
       0.967    0.0070282      0.90042    0.0649687 -7.98424e-11 -2.41686e-11
       0.968   0.00679079     0.901957    0.0637623 -7.98539e-11 -2.43132e-11
       0.969   0.00655475     0.903518    0.0625437 -7.98689e-11 -2.44509e-11
        0.97    0.0063201     0.905105    0.0613123 -7.98836e-11 -2.45397e-11
       0.971   0.00608685     0.906719    0.0600675 -7.98958e-11 -2.46745e-11
       0.972   0.00585501     0.908362    0.0588086 -7.99197e-11 -2.48467e-11
       0.973   0.00562461     0.910035    0.0575348 -7.99352e-11 -2.50324e-11
       0.974   0.00539567     0.911741    0.0562454 -7.99597e-11 -2.51484e-11
       0.975    0.0051682      0.91348    0.0549393 -7.99781e-11 -2.53545e-11
       0.976   0.00494223     0.915255    0.0536158 -8.00061e-11 -2.55402e-11
       0.977   0.00471777     0.917069    0.0522736 -8.00272e-11 -2.57689e-11
       0.978   0.00449486     0.918924    0.0509115  -8.0058e-11 -2.60042e-11
       0.979   0.00427351     0.920822    0.0495283 -8.00855e-11 -2.63126e-11
        0.98   0.00405376     0.922768    0.0481225 -8.01236e-11 -2.65387e-11
       0.981   0.00383563     0.924766    0.0466924  -8.0158e-11 -2.68834e-11
       0.982   0.00361917     0.926818    0.0452361 -8.01983e-11 -2.72137e-11
       0.983   0.00340439     0.928931    0.0437515  -8.0244e-11 -2.76122e-11
       0.984   0.00319135     0.931109    0.0422362 -8.02926e-11 -2.80709e-11
       0.985   0.00298008      0.93336    0.0406873 -8.03485e-11 -2.86029e-11
       0.986   0.00277062      0.93569    0.0391016 -8.04101e-11  -2.9163e-11
       0.987   0.00256303     0.938109    0.0374754 -8.04812e-11   -2.984e-11
       0.988   0.00235737     0.940628     0.035804 -8.05628e-11 -3.06109e-11
       0.989    0.0021537     0.943259    0.0340821 -8.06558e-11 -3.15691e-11
        0.99   0.00195208      0.94602     0.032303 -8.07638e-11 -3.26677e-11
       0.991   0.00175261      0.94893    0.0304585 -8.08937e-11 -3.41082e-11
       0.992   0.00155538     0.952017    0.0285382 -8.10483e-11 -3.58617e-11
       0.993   0.00136049     0.955315    0.0265286 -8.12383e-11 -3.81549e-11
       0.994   0.00116808     0.958874    0.0244114 -8.14814e-11 -4.12302e-11
       0.995  0.000978331     0.962763    0.0221615 -8.17988e-11 -4.56597e-11
       0.996  0.000791438     0.967093    0.0197415 -8.22384e-11 -5.23335e-11
       0.997  0.000607684     0.972045    0.0170921    -8.29e-11 -6.38799e-11
       0.998  0.000427465     0.977979    0.0141079 -8.40345e-11 -8.73746e-11
       0.999  0.000251405     0.985794    0.0105614 -8.66094e-11 -1.56505e-10
           1    8.069e-05            1    0.0056821 -1.40716e-09  5.84843e-06