       0.001            1    0.0459024      2.46834 -1.29786e-15 -1.40124e-16
       0.002     0.981288    0.0579553      2.43745  2.12019e-15  5.53483e-16
       0.003     0.971469    0.0664384      2.42116 -1.56638e-14  -1.7868e-15
       0.004     0.962942    0.0732139      2.40697  2.62114e-14  1.91297e-15
       0.005     0.955232    0.0789532      2.39411 -1.30231e-14 -8.15462e-16
       0.006     0.948105    0.0839847      2.38219  9.86921e-15 -2.29897e-15
       0.007     0.941426    0.0884964      2.37098 -1.09778e-14  3.63414e-15
       0.008     0.935105    0.0926073      2.36036  6.19127e-15 -1.20595e-15
       0.009     0.929081    0.0963982      2.35021 -1.75808e-14  2.66837e-16
        0.01     0.923309    0.0999264      2.34047  1.20235e-14 -1.46152e-15
       0.011     0.917754     0.103234      2.33107  1.45535e-14  9.26323e-16
       0.012      0.91239     0.106355      2.32198 -1.01859e-14 -1.58179e-15
       0.013     0.907196     0.109313      2.31316  1.27291e-14  1.44446e-15
       0.014     0.902153      0.11213      2.30458 -2.65257e-14  5.23312e-16
       0.015     0.897249     0.114821      2.29622  9.07369e-15 -3.64989e-15
       0.016     0.892469     0.117401      2.28806  3.16104e-15  4.28637e-15
       0.017     0.887804      0.11988      2.28008 -6.08849e-15            0
       0.018     0.883246     0.122269      2.27227  2.54733e-14 -1.54792e-15
       0.019     0.878785     0.124576      2.26461 -2.38222e-14  2.57118e-16
        0.02     0.874416     0.126807       2.2571 -2.02474e-15   5.1253e-16
       0.021     0.870132      0.12897      2.24972 -3.71389e-15 -6.38568e-16
       0.022     0.865928     0.131069      2.24247  8.40349e-15 -8.78383e-15
       0.023       0.8618      0.13311      2.23533  1.28257e-15  1.07862e-14
       0.024     0.857742     0.135095      2.22831  5.86859e-15 -2.52997e-15
       0.025     0.853752      0.13703      2.22139 -1.74491e-14 -4.16149e-15
       0.026     0.849825     0.138918      2.21458 -1.55906e-14  1.18176e-14
       0.027     0.845958     0.140761      2.20786  2.93748e-14 -1.77979e-14
       0.028     0.842149     0.142562      2.20122  7.62422e-15  1.46204e-14
       0.029     0.838395     0.144325      2.19468 -3.50287e-14  3.73767e-16
        0.03     0.834693      0.14605      2.18821  2.96901e-15 -2.98133e-15
       0.031     0.831041      0.14774      2.18182  6.01715e-15   3.3442e-15
       0.032     0.827438     0.149397      2.17551  2.47461e-14  6.17505e-15
       0.033      0.82388     0.151023      2.16927 -3.20939e-15 -1.95803e-14
       0.034     0.820367     0.152619       2.1631  3.24878e-15  4.05228e-15
       0.035     0.816896     0.154187        2.157 -4.04632e-15  1.77552e-14
       0.036     0.813466     0.155728      2.15095  2.43054e-15 -4.51795e-15
       0.037     0.810076     0.157243      2.14497 -1.20324e-14 -1.70474e-15
       0.038     0.806724     0.158733      2.13905 -1.92306e-14 -1.08074e-14
       0.039     0.803409       0.1602      2.13319  2.32749e-14  1.18676e-14
        0.04      0.80013     0.161644      2.12738 -6.28161e-15 -1.49753e-14
       0.041     0.796885     0.163067      2.12162  1.09385e-14  2.11978e-14
       0.042     0.793673      0.16447      2.11592 -3.81981e-15 -9.12897e-15
       0.043     0.790494     0.165852      2.11027 -7.99158e-15  1.29381e-14
       0.044     0.787347     0.167215      2.10466   1.2244e-14 -2.16257e-14
       0.045      0.78423      0.16856       2.0991 -1.86832e-14 -1.54912e-15
       0.046     0.781143     0.169888      2.09359  1.07769e-14            0
       0.047     0.778084     0.171198      2.08812   9.3025e-15 -1.12613e-14
       0.048     0.775054     0.172492       2.0827  2.02186e-15  3.07403e-14
       0.049     0.772051      0.17377      2.07731 -3.00164e-14  6.01424e-15
        0.05     0.769075     0.175033      2.07197  3.10154e-14 -9.40985e-15
       0.051     0.766124      0.17628      2.06667 -2.22396e-14 -5.98343e-15
       0.052     0.763199     0.177514      2.06141  2.70643e-14  2.45749e-15
       0.053     0.760299     0.178734      2.05618 -2.12599e-14 -1.34236e-14
       0.054     0.757423      0.17994      2.05099  1.61145e-14  1.58348e-14
       0.055      0.75457     0.181134      2.04584 -3.83146e-15 -5.92311e-15
       0.056      0.75174     0.182314      2.04072  6.48837e-15  -5.2132e-15
       0.057     0.748933     0.183483      2.03564 -3.11408e-16  3.46681e-15
       0.058     0.746148      0.18464      2.03059 -1.41223e-14 -9.33717e-15
       0.059     0.743384     0.185785      2.02557  1.89742e-15  5.05951e-15
        0.06     0.740641     0.186919      2.02058  7.64707e-15  2.20235e-14
       0.061     0.737919     0.188042      2.01563  1.04327e-14  -2.1283e-14
       0.062     0.735217     0.189155       2.0107 -2.57079e-14  1.18711e-14
       0.063     0.732535     0.190257      2.00581  2.36148e-14  2.27735e-15
       0.064     0.729872      0.19135      2.00095 -2.41124e-14 -6.24752e-15
       0.065     0.727228     0.192433      1.99611  1.61889e-14 -3.96608e-15
       0.066     0.724602     0.193506      1.99131 -1.64686e-14 -1.34522e-14
       0.067     0.721995      0.19457      1.98653  2.06025e-14  1.42093e-14
       0.068     0.719406     0.195625      1.98177  1.68646e-15  -1.9013e-14
       0.069     0.716835     0.196671      1.97705   2.1393e-14  4.15268e-15
        0.07      0.71428     0.197708      1.97235 -4.58065e-14 -1.56755e-15
       0.071     0.711743     0.198738      1.96768 -1.23875e-14  9.94151e-15
       0.072     0.709222     0.199759      1.96303  2.75345e-14  1.33726e-15
       0.073     0.706718     0.200772       1.9584 -2.09151e-15   2.7794e-15
       0.074      0.70423     0.201777       1.9538 -3.68355e-15  4.21477e-15
       0.075     0.701757     0.202775      1.94923  3.95399e-14  8.85241e-16
       0.076     0.699301     0.203765      1.94468  -2.6821e-14 -1.05981e-14
       0.077     0.696859     0.204749      1.94015 -2.16256e-14  1.38776e-14
       0.078     0.694432     0.205725      1.93564  6.00602e-14 -1.45047e-14
       0.079     0.692021     0.206694      1.93116 -1.62822e-14  4.38517e-16
        0.08     0.689624     0.207656      1.92669 -5.78768e-14  1.53126e-15
       0.081     0.687241     0.208612      1.92225   1.2633e-14 -1.57138e-14
       0.082     0.684872     0.209561      1.91783 -1.10501e-14  4.57266e-15
       0.083     0.682517     0.210503      1.91344  2.63049e-14  4.56218e-15
       0.084     0.680176      0.21144      1.90906 -5.77592e-15  1.36552e-14
       0.085     0.677848      0.21237       1.9047 -4.68476e-15  8.65018e-15
       0.086     0.675534     0.213295      1.90036   1.5642e-14 -2.80491e-14
       0.087     0.673233     0.214213      1.89604           -0  1.93745e-14
       0.088     0.670945     0.215126      1.89174  2.66814e-15  1.43905e-14
       0.089     0.668669     0.216033      1.88746 -1.45646e-14  6.42893e-16
        0.09     0.666406     0.216935       1.8832  3.42994e-14 -1.79604e-14
       0.091     0.664155     0.217831      1.87896 -1.91807e-14  4.05332e-15
       0.092     0.661917     0.218722      1.87474  4.12961e-14  1.04298e-14
       0.093     0.659691     0.219608      1.87053 -2.68299e-14 -7.22076e-15
       0.094     0.657476     0.220488      1.86634 -7.67839e-15  1.92829e-14
       0.095     0.655273     0.221364      1.86217   1.7813e-15 -3.12911e-14
       0.096     0.653082     0.222235      1.85802  -5.9688e-16 -8.43818e-15
       0.097     0.650903       0.2231      1.85388 -1.59996e-15  1.49444e-14
       0.098     0.648734     0.223961      1.84976 -1.40719e-14 -6.30051e-16
       0.099     0.646577     0.224818      1.84566  -3.1117e-14 -2.36793e-14
         0.1      0.64443     0.225669      1.84157   8.4687e-14  2.96904e-14
       0.101     0.642295     0.226517       1.8375 -7.02145e-14 -5.42425e-15
       0.102      0.64017     0.227359      1.83345 -5.94893e-15 -1.04082e-14
       0.103     0.638056     0.228198      1.82941   5.7724e-14  1.53703e-14
       0.104     0.635952     0.229032      1.82539 -4.43358e-14 -6.42473e-15
       0.105     0.633859     0.229862      1.82138  3.62257e-14  9.51254e-15
       0.106     0.631776     0.230688      1.81738 -1.21341e-14  1.42375e-14
       0.107     0.629703     0.231509      1.81341  -3.4056e-14 -2.05889e-14
       0.108      0.62764     0.232327      1.80944  1.85886e-14  4.51967e-15
       0.109     0.625587     0.233141       1.8055  2.58937e-14 -1.90642e-14
        0.11     0.623544      0.23395      1.80156  1.25819e-14   3.6409e-14
       0.111      0.62151     0.234756      1.79764 -2.01403e-14 -3.83707e-14
       0.112     0.619486     0.235559      1.79374 -5.20935e-14  1.93474e-14
       0.113     0.617471     0.236357      1.78985  2.16265e-14 -1.17864e-14
       0.114     0.615466     0.237152      1.78597  5.32304e-14 -9.53039e-15
       0.115      0.61347     0.237943      1.78211 -6.76627e-15  9.71211e-15
       0.116     0.611483     0.238731      1.77826 -4.40723e-14  2.28145e-14
       0.117     0.609505     0.239516      1.77442 -3.30393e-15 -3.98897e-14
       0.118     0.607536     0.240296       1.7706  2.19045e-14   1.3871e-14
       0.119     0.605576     0.241074      1.76679 -6.88979e-15  2.34698e-14
        0.12     0.603625     0.241848      1.76299  4.01839e-15 -2.38196e-14
       0.121     0.601682     0.242619       1.7592  -1.7154e-14  1.71772e-14
       0.122     0.599748     0.243387      1.75543 -3.04055e-15 -1.89342e-14
       0.123     0.597823     0.244151      1.75167  5.75716e-14  1.03418e-14
       0.124     0.595906     0.244913      1.74793 -6.03223e-14  2.77837e-15
       0.125     0.593997     0.245671      1.74419  1.76847e-14  8.91139e-15
       0.126     0.592096     0.246426      1.74047  1.34067e-14  2.17369e-15
       0.127     0.590204     0.247178      1.73676  -1.8873e-14  2.09018e-14
       0.128      0.58832     0.247928      1.73306  2.79682e-14  9.83835e-15
       0.129     0.586443     0.248674      1.72937  1.26508e-14 -6.12607e-14
        0.13     0.584575     0.249418       1.7257  2.68072e-15  1.92013e-14
       0.131     0.582715     0.250158      1.72204  -1.6152e-14 -2.75677e-14
       0.132     0.580862     0.250896      1.71838  4.11366e-15  7.04314e-14
       0.133     0.579017     0.251631      1.71474 -2.73812e-14 -5.15922e-14
       0.134      0.57718     0.252363      1.71111  6.99218e-15 -2.15646e-14
       0.135      0.57535     0.253093       1.7075   6.0095e-14  8.66574e-14
       0.136     0.573528      0.25382      1.70389 -5.42476e-14  1.35418e-14
       0.137     0.571713     0.254544      1.70029  1.19976e-16 -3.20458e-14
       0.138     0.569906     0.255266      1.69671  2.12015e-14  2.44652e-14
       0.139     0.568106     0.255986      1.69313 -3.21728e-14 -1.34948e-13
        0.14     0.566313     0.256702      1.68957  1.12936e-14  3.83658e-15
       0.141     0.564527     0.257417      1.68601 -1.40212e-14   1.1945e-13
       0.142     0.562749     0.258128      1.68247  6.10823e-14  1.10794e-14
       0.143     0.560977     0.258838      1.67894 -2.82659e-14 -2.34465e-14
       0.144     0.559213     0.259545      1.67542 -3.77544e-14  5.70667e-16
       0.145     0.557455     0.260249       1.6719  1.96947e-14 -2.35381e-14
       0.146     0.555705     0.260952       1.6684 -2.83519e-14  1.70483e-14
       0.147     0.553961     0.261652      1.66491   8.4139e-14 -2.77873e-14
       0.148     0.552224      0.26235      1.66143 -6.88005e-14 -6.97947e-15
       0.149     0.550494     0.263045      1.65796  5.69892e-14  4.72482e-14
        0.15      0.54877     0.263738      1.65449 -1.25025e-14  -4.6586e-14
       0.151     0.547053     0.264429      1.65104 -8.01197e-14 -2.24946e-15
       0.152     0.545343     0.265118       1.6476  1.27255e-15  2.54407e-14
       0.153     0.543639     0.265805      1.64416  4.39421e-14 -5.76823e-14
       0.154     0.541941      0.26649      1.64074 -1.97462e-14 -2.04914e-15
       0.155      0.54025     0.267173      1.63732  2.87012e-14  3.77372e-14
       0.156     0.538565     0.267853      1.63392  3.33305e-14  1.59539e-14
       0.157     0.536887     0.268532      1.63052 -1.49121e-14 -3.46184e-14
       0.158     0.535214     0.269208      1.62713 -2.05643e-14  1.95825e-14
       0.159     0.533548     0.269883      1.62376  1.69827e-15  3.07876e-14
        0.16     0.531888     0.270555      1.62039  1.31119e-16 -1.12224e-14
       0.161     0.530235     0.271226      1.61703 -3.48742e-14 -2.36835e-14
       0.162     0.528587     0.271895      1.61367  3.18321e-14 -7.14528e-15
       0.163     0.526945     0.272561      1.61033  2.33315e-14 -5.30215e-15
       0.164      0.52531     0.273226        1.607 -9.84552e-15  7.49887e-14
       0.165      0.52368      0.27389      1.60367  4.21954e-14 -1.10703e-13
       0.166     0.522056     0.274551      1.60035  3.88634e-15    3.634e-14
       0.167     0.520438      0.27521      1.59705 -6.77848e-14 -2.61107e-14
       0.168     0.518826     0.275868      1.59375 -1.97064e-14  2.04473e-14
       0.169     0.517219     0.276524      1.59045  8.80474e-15  3.25037e-14
        0.17     0.515618     0.277178      1.58717 -7.34073e-15 -3.22564e-14
       0.171     0.514023      0.27783       1.5839 -1.14594e-14  1.61848e-15
       0.172     0.512434     0.278481      1.58063  5.27078e-14  8.63205e-14
       0.173      0.51085      0.27913      1.57737  2.33555e-14 -5.73089e-14
       0.174     0.509271     0.279777      1.57412 -1.08915e-14  3.75315e-15
       0.175     0.507699     0.280423      1.57088 -9.13106e-15  3.38871e-15
       0.176     0.506131     0.281067      1.56764 -6.16411e-14  4.98361e-15
       0.177     0.504569      0.28171      1.56441  5.87903e-14 -2.77087e-14
       0.178     0.503013      0.28235       1.5612 -1.03449e-14  -2.3043e-15
       0.179     0.501462      0.28299      1.55798  9.81945e-16 -7.07558e-15
        0.18     0.499916     0.283627      1.55478  1.25277e-14  3.00094e-15
       0.181     0.498375     0.284263      1.55159 -9.88698e-15  2.29012e-14
       0.182      0.49684     0.284898       1.5484  1.17632e-14  6.50464e-15
       0.183      0.49531     0.285531      1.54522 -3.48409e-14 -6.03513e-14
       0.184     0.493785     0.286163      1.54204   4.0524e-14  3.48409e-14
       0.185     0.492266     0.286793      1.53888 -3.67955e-14 -4.36801e-15
       0.186     0.490751     0.287421      1.53572  3.72069e-14  4.14981e-14
       0.187     0.489242     0.288049      1.53257 -2.33505e-14  7.83018e-15
       0.188     0.487737     0.288674      1.52943 -6.94186e-15 -4.56692e-14
       0.189     0.486238     0.289299      1.52629  -1.1028e-14 -7.27822e-15
        0.19     0.484744     0.289922      1.52316   3.3631e-14  3.00908e-14
       0.191     0.483254     0.290543      1.52004 -1.66523e-14  5.17744e-16
       0.192      0.48177     0.291163      1.51693  3.42942e-14 -1.29171e-14
       0.193      0.48029     0.291782      1.51382 -9.26353e-15  2.83594e-14
       0.194     0.478815     0.292399      1.51072 -1.28346e-14 -9.43377e-15
       0.195     0.477346     0.293015      1.50762  1.93891e-14 -1.00991e-13
       0.196     0.475881      0.29363      1.50454 -2.96986e-14  8.23359e-14
       0.197      0.47442     0.294244      1.50146  2.60711e-14  4.34703e-14
       0.198     0.472965     0.294856      1.49839  9.41615e-15  -7.1962e-14
       0.199     0.471514     0.295467      1.49532 -2.23422e-14 -3.56527e-14
         0.2     0.470068     0.296076      1.49226 -1.62468e-14  1.16905e-14
       0.201     0.468626     0.296684      1.48921  2.50525e-14  1.16666e-13
       0.202      0.46719     0.297292      1.48616 -2.55874e-14 -4.82583e-14
       0.203     0.465757     0.297897      1.48313 -7.13885e-15 -7.35865e-14
       0.204      0.46433     0.298502      1.48009  4.02275e-14  7.81414e-14
       0.205     0.462907     0.299105      1.47707 -1.88022e-14  -6.8758e-15
       0.206     0.461488     0.299708      1.47405  7.82085e-15 -2.71123e-14
       0.207     0.460074     0.300309      1.47104 -2.38448e-14  3.52407e-14
       0.208     0.458665     0.300909      1.46803 -1.82103e-14 -2.45014e-14
       0.209      0.45726     0.301507      1.46503  4.19541e-14 -3.72592e-14
        0.21     0.455859     0.302105      1.46204 -3.23024e-14  9.56136e-14
       0.211     0.454463     0.302701      1.45905  4.42438e-14  -7.2392e-14
       0.212     0.453071     0.303297      1.45607  -1.6409e-14  2.03342e-14
       0.213     0.451683     0.303891      1.45309 -2.90016e-14 -2.87066e-14
       0.214       0.4503     0.304484      1.45013  3.09791e-14  -3.7868e-15
       0.215     0.448921     0.305076      1.44716 -1.89292e-14  3.26972e-14
       0.216     0.447546     0.305667      1.44421  2.83238e-14 -4.42724e-15
       0.217     0.446176     0.306256      1.44126 -3.68238e-14 -6.00547e-14
       0.218      0.44481     0.306845      1.43832 -2.21307e-14  7.49559e-14
       0.219     0.443448     0.307433      1.43538  2.65109e-14  4.25349e-14
        0.22      0.44209      0.30802      1.43245  3.84469e-15 -5.07425e-14
       0.221     0.440737     0.308605      1.42952 -8.03434e-16 -3.06755e-14
       0.222     0.439387      0.30919       1.4266  1.04766e-14 -5.28031e-14
       0.223     0.438042     0.309773      1.42369 -3.00707e-14  9.24592e-14
       0.224       0.4367     0.310356      1.42078   2.8865e-14  5.56526e-14
       0.225     0.435363     0.310938      1.41788 -1.13859e-14 -1.02224e-13
       0.226      0.43403     0.311518      1.41498  7.50486e-15 -4.41797e-14
       0.227     0.432701     0.312098      1.41209 -3.60014e-14  8.35295e-14
       0.228     0.431376     0.312676      1.40921  3.97211e-14  4.28794e-14
       0.229     0.430055     0.313254      1.40633  1.16888e-14 -5.98766e-14
        0.23     0.428738     0.313831      1.40346 -2.14663e-15  1.86434e-14
       0.231     0.427425     0.314407      1.40059 -1.07654e-14  -4.9296e-15
       0.232     0.426115     0.314982      1.39773 -2.25918e-14 -6.06213e-14
       0.233      0.42481     0.315556      1.39487  1.78275e-14  7.77598e-14
       0.234     0.423509     0.316129      1.39202 -1.03607e-14  2.21265e-14
       0.235     0.422211     0.316701      1.38918  3.97225e-14 -8.28049e-14
       0.236     0.420917     0.317272      1.38634 -4.67326e-14  4.95814e-14
       0.237     0.419627     0.317842       1.3835  1.58485e-14   6.9272e-14
       0.238     0.418341     0.318412      1.38068 -1.35279e-15 -8.65306e-14
       0.239     0.417059     0.318981      1.37785   2.3574e-14  4.67749e-14
        0.24      0.41578     0.319548      1.37504 -3.74212e-15  2.82573e-14
       0.241     0.414505     0.320115      1.37222 -1.34771e-14 -3.91055e-14
       0.242     0.413234     0.320681      1.36942 -1.19767e-14 -6.68564e-14
       0.243     0.411967     0.321247      1.36662    1.613e-14 -2.90153e-14
       0.244     0.410703     0.321811      1.36382  1.22189e-14  1.14895e-13
       0.245     0.409443     0.322375      1.36103 -1.41531e-14 -7.10827e-14
       0.246     0.408187     0.322937      1.35824  1.71369e-14  6.52314e-14
       0.247     0.406934     0.323499      1.35546 -1.97907e-14  2.10837e-14
       0.248     0.405685     0.324061      1.35269  1.49731e-14 -1.99655e-14
       0.249      0.40444     0.324621      1.34992 -3.03819e-14 -3.58643e-14
        0.25     0.403198      0.32518      1.34715   1.2433e-14  2.11074e-14
       0.251      0.40196     0.325739      1.34439  2.03716e-14 -1.70956e-14
       0.252     0.400725     0.326297      1.34164 -3.34632e-15  1.18814e-14
       0.253     0.399494     0.326855      1.33889  8.65474e-15 -2.50823e-14
       0.254     0.398266     0.327411      1.33614 -3.17068e-14 -4.32352e-14
       0.255     0.397042     0.327967      1.33341           -0  7.16081e-14
       0.256     0.395821     0.328522      1.33067  4.16863e-14  9.21594e-15
       0.257     0.394604     0.329076      1.32794 -2.80487e-14  1.79418e-14
       0.258      0.39339      0.32963      1.32522 -1.79162e-15 -4.73954e-14
       0.259      0.39218     0.330183       1.3225 -7.18683e-16  6.41153e-14
        0.26     0.390973     0.330735      1.31978 -2.77477e-14 -5.66413e-14
       0.261      0.38977     0.331286      1.31707  1.24676e-14 -3.48421e-14
       0.262      0.38857     0.331837      1.31437  -1.6308e-15   4.4769e-14
       0.263     0.387373     0.332387      1.31167  2.03516e-14 -6.73134e-14
       0.264      0.38618     0.332936      1.30897 -4.19111e-15  5.35023e-15
       0.265      0.38499     0.333485      1.30628  4.14807e-14  3.21837e-14
       0.266     0.383803     0.334033       1.3036 -4.36127e-14  4.39581e-14
       0.267      0.38262      0.33458      1.30092  9.00424e-15  1.84628e-14
       0.268      0.38144     0.335127      1.29824           -0  2.26994e-14
       0.269     0.380263     0.335673      1.29557  3.08596e-14 -9.57592e-14
        0.27     0.379089     0.336218       1.2929   -1.223e-14 -2.64227e-15
       0.271     0.377919     0.336763      1.29024 -9.29093e-16   2.3585e-14
       0.272     0.376752     0.337307      1.28758 -3.35403e-15 -5.05813e-14
       0.273     0.375589     0.337851      1.28493 -1.68166e-15  8.78244e-14
       0.274     0.374428     0.338394      1.28228 -3.01664e-14 -3.31938e-14
       0.275     0.373271     0.338936      1.27964  5.61782e-14  3.89369e-14
       0.276     0.372117     0.339477        1.277     -2.6e-14 -4.77008e-14
       0.277     0.370966     0.340018      1.27437 -1.36026e-14  2.90823e-14
       0.278     0.369818     0.340559      1.27174   3.7889e-16 -1.16955e-14
       0.279     0.368673     0.341098      1.26911  2.27959e-14   8.3573e-15
        0.28     0.367532     0.341638      1.26649  1.90487e-16  -3.2785e-14
       0.281     0.366394     0.342176      1.26387  -2.2157e-14 -1.80806e-14
       0.282     0.365258     0.342714      1.26126 -6.89513e-15 -1.87592e-14
       0.283     0.364126     0.343252      1.25865  8.06629e-15  5.25887e-14
       0.284     0.362997     0.343789      1.25605 -2.31094e-14 -2.16765e-14
       0.285     0.361871     0.344325      1.25345  2.56827e-14 -5.70677e-14
       0.286     0.360748     0.344861      1.25086 -1.10368e-14 -4.72923e-14
       0.287     0.359628     0.345396      1.24827  5.82463e-16  1.36623e-13
       0.288     0.358511     0.345931      1.24568  1.69372e-14  2.13561e-14
       0.289     0.357398     0.346465       1.2431  1.93256e-14  5.63142e-14
        0.29     0.356287     0.346998      1.24052 -4.03217e-14 -7.46482e-14
       0.291     0.355179     0.347531      1.23795 -1.02058e-14  7.04173e-14
       0.292     0.354074     0.348064      1.23538  7.67498e-15 -1.40823e-13
       0.293     0.352972     0.348596      1.23282  4.53846e-15  3.93318e-14
       0.294     0.351873     0.349127      1.23026  1.74113e-14   1.7041e-14
       0.295     0.350777     0.349658       1.2277  7.14193e-15 -2.60659e-14
       0.296     0.349684     0.350189      1.22515  7.95677e-16 -2.23951e-14
       0.297     0.348594     0.350719       1.2226  3.98905e-16  3.09548e-14
       0.298     0.347507     0.351248      1.22006 -3.27977e-14  3.32453e-15
       0.299     0.346423     0.351777      1.21752 -7.21875e-15  2.25321e-14
         0.3     0.345341     0.352306      1.21498  4.20207e-14 -2.68995e-14
       0.301     0.344263     0.352834      1.21245 -6.24935e-15 -1.51425e-14
       0.302     0.343187     0.353361      1.20993 -1.94044e-14 -4.09368e-14
       0.303     0.342115     0.353888       1.2074   1.0944e-14   4.6472e-14
       0.304     0.341045     0.354415      1.20488  -4.4705e-15  -4.5691e-14
       0.305     0.339978     0.354941      1.20237  6.11231e-16  8.13623e-14
       0.306     0.338913     0.355467      1.19986 -2.08369e-14   4.5228e-14
       0.307     0.337852     0.355992      1.19735   4.5471e-14 -5.65528e-14
       0.308     0.336793     0.356517      1.19485 -1.66346e-14 -6.24037e-15
       0.309     0.335737     0.357041      1.19235  2.82094e-14  3.51979e-14
        0.31     0.334684     0.357565      1.18986  3.71612e-15  3.29628e-14
       0.311     0.333634     0.358088      1.18737  5.38186e-15 -5.04191e-14
       0.312     0.332586     0.358611      1.18488 -3.29988e-14 -6.45735e-15
       0.313     0.331541     0.359134       1.1824  -5.4102e-15 -3.93341e-14
       0.314     0.330499     0.359656      1.17992 -4.58988e-14  5.80068e-14
       0.315      0.32946     0.360178      1.17744  5.54322e-14  3.07473e-14
       0.316     0.328423     0.360699      1.17497  -6.5015e-15 -6.59012e-14
       0.317     0.327389      0.36122       1.1725 -4.18447e-14  7.26852e-14
       0.318     0.326358      0.36174      1.17004  3.64726e-14  -1.2009e-13
       0.319      0.32533      0.36226      1.16758 -1.05687e-15  5.92562e-14
        0.32     0.324304      0.36278      1.16513  5.38292e-14 -9.65683e-15
       0.321     0.323281     0.363299      1.16267  2.33726e-15  9.24048e-14
       0.322      0.32226     0.363818      1.16023 -8.60644e-14 -6.58645e-14
       0.323     0.321242     0.364337      1.15778  6.92014e-14 -7.88709e-16
       0.324     0.320227     0.364855      1.15534 -7.10942e-14 -8.39516e-15
       0.325     0.319214     0.365373       1.1529   7.8793e-14   4.3458e-14
       0.326     0.318204      0.36589      1.15047 -1.16236e-14 -1.09722e-14
       0.327     0.317197     0.366407      1.14804 -3.86297e-14 -5.46148e-14
       0.328     0.316192     0.366924      1.14562 -1.44966e-14 -5.47595e-14
       0.329      0.31519      0.36744      1.14319  4.81575e-14 -4.02365e-15
        0.33      0.31419     0.367956      1.14077 -1.58764e-14  3.67839e-14
       0.331     0.313193     0.368472      1.13836  3.46694e-14 -5.05354e-14
       0.332     0.312199     0.368987      1.13595  2.40469e-15  1.89848e-13
       0.333     0.311207     0.369502      1.13354 -5.96144e-14 -1.30501e-13
       0.334     0.310218     0.370016      1.13114  1.71393e-14 -2.20894e-14
       0.335     0.309231     0.370531      1.12874 -4.33988e-14  6.18984e-14
       0.336     0.308246     0.371045      1.12634  5.80872e-14  1.57295e-14
       0.337     0.307265     0.371558      1.12395  -3.9636e-14  3.77726e-14
       0.338     0.306285     0.372071      1.12156 -5.99393e-15 -3.41268e-14
       0.339     0.305309     0.372584      1.11917  5.55301e-14 -5.81972e-14
        0.34     0.304334     0.373097      1.11679 -5.32177e-14 -1.07778e-14
       0.341     0.303363     0.373609      1.11441  6.86774e-14 -2.16362e-14
       0.342     0.302393     0.374121      1.11204 -4.67615e-14  9.54509e-14
       0.343     0.301426     0.374633      1.10967  2.13605e-15 -1.17421e-13
       0.344     0.300462     0.375144       1.1073 -2.13023e-14  7.69405e-14
       0.345       0.2995     0.375655      1.10493  2.70064e-14  -1.2796e-14
       0.346     0.298541     0.376166      1.10257 -1.14418e-14 -4.14356e-14
       0.347     0.297584     0.376676      1.10021  3.06646e-15  1.16296e-13
       0.348     0.296629     0.377187      1.09786  2.28861e-14 -8.40129e-14
       0.349     0.295677     0.377696      1.09551 -6.50655e-15  1.39307e-14
        0.35     0.294727     0.378206      1.09316 -8.92628e-15  4.09579e-15
       0.351     0.293779     0.378715      1.09082  3.95816e-14  4.26039e-14
       0.352     0.292834     0.379224      1.08848 -5.47494e-14  6.88357e-14
       0.353     0.291892     0.379733      1.08614  4.22037e-14 -1.60066e-13
       0.354     0.290952     0.380242      1.08381 -9.94178e-15  1.33143e-13
       0.355     0.290014      0.38075      1.08148  8.69205e-15  6.01661e-15
       0.356     0.289078     0.381258      1.07915 -7.31975e-15 -5.94241e-14
       0.357     0.288145     0.381766      1.07683  1.29292e-14 -1.20793e-13
       0.358     0.287214     0.382273      1.07451 -7.04141e-14  1.61401e-13
       0.359     0.286286      0.38278      1.07219  4.61244e-14 -3.26246e-14
        0.36      0.28536     0.383287      1.06988 -3.97855e-14 -9.08602e-14
       0.361     0.284436     0.383794      1.06756  7.84768e-14  1.29693e-14
       0.362     0.283514     0.384301      1.06526   -6.393e-14  1.02805e-13
       0.363     0.282595     0.384807      1.06295 -1.41898e-14 -1.43253e-13
       0.364     0.281678     0.385313      1.06065  3.55634e-15  8.75481e-14
       0.365     0.280764     0.385819      1.05836  6.16789e-14  2.09084e-14
       0.366     0.279851     0.386324      1.05606 -7.44623e-14 -2.29014e-14
       0.367     0.278941     0.386829      1.05377   1.6363e-14 -1.35196e-14
       0.368     0.278034     0.387335      1.05148  4.49012e-14  9.49093e-14
       0.369     0.277128     0.387839       1.0492  1.41642e-14 -7.79067e-14
        0.37     0.276225     0.388344      1.04692 -1.92537e-15  7.25073e-15
       0.371     0.275324     0.388849      1.04464 -3.47433e-14 -1.66048e-15
       0.372     0.274425     0.389353      1.04237  3.19274e-14 -8.73405e-14
       0.373     0.273529     0.389857       1.0401 -3.11584e-14   1.2671e-13
       0.374     0.272634     0.390361      1.03783 -4.61856e-15 -1.20307e-13
       0.375     0.271742     0.390864      1.03556 -2.50998e-14  5.39669e-14
       0.376     0.270853     0.391368       1.0333  1.99099e-14  5.15027e-14
       0.377     0.269965     0.391871      1.03104  4.68986e-14 -8.83816e-14
       0.378     0.269079     0.392374      1.02879 -4.54194e-14 -3.50417e-15
       0.379     0.268196     0.392877      1.02653  5.34081e-14  1.00932e-13
        0.38     0.267315      0.39338      1.02428 -1.27067e-14 -1.02921e-13
       0.381     0.266436     0.393882      1.02204 -5.44155e-15    7.647e-14
       0.382      0.26556     0.394385      1.01979 -4.38883e-14 -6.71552e-15
       0.383     0.264685     0.394887      1.01755  3.71614e-14  2.77273e-14
       0.384     0.263813     0.395389      1.01532  -1.9935e-15 -1.11127e-13
       0.385     0.262943      0.39589      1.01308 -2.06088e-14 -6.90137e-15
       0.386     0.262075     0.396392      1.01085  1.52757e-14  1.23951e-14
       0.387     0.261209     0.396894      1.00863  8.03333e-15  1.28602e-13
       0.388     0.260345     0.397395       1.0064 -3.81268e-14 -1.41802e-13
       0.389     0.259483     0.397896      1.00418 -1.81644e-14  5.54097e-14
        0.39     0.258624     0.398397      1.00196  7.92862e-14   1.4675e-14
       0.391     0.257766     0.398898     0.999744 -4.69032e-15  -1.3621e-15
       0.392     0.256911     0.399399     0.997532  8.51423e-15 -2.14056e-14
       0.393     0.256058     0.399899     0.995322  6.36957e-15  5.23219e-14
       0.394     0.255207       0.4004     0.993115 -6.73007e-14 -1.36998e-13
       0.395     0.254358       0.4009     0.990911 -1.79228e-15  7.93164e-14
       0.396     0.253511       0.4014     0.988711  4.87673e-14   5.0066e-14
       0.397     0.252666       0.4019     0.986513  6.04659e-15  3.36018e-15
       0.398     0.251823       0.4024     0.984318 -5.15869e-15  5.30845e-14
       0.399     0.250983       0.4029     0.982126  3.36139e-14  2.11865e-15
         0.4     0.250144       0.4034     0.979937 -6.41529e-14  4.22786e-14
       0.401     0.249308     0.403899     0.977751 -3.37793e-15  -1.6141e-13
       0.402     0.248473     0.404398     0.975568 -1.71916e-14 -1.24055e-14
       0.403     0.247641     0.404898     0.973388  2.42839e-14  1.05653e-13
       0.404      0.24681     0.405397      0.97121   8.7689e-15 -3.15368e-14
       0.405     0.245982     0.405896     0.969036    1.312e-16  4.40087e-15
       0.406     0.245155     0.406395     0.966864  8.41738e-15  7.28908e-14
       0.407     0.244331     0.406894     0.964696 -1.41073e-14 -1.30121e-13
       0.408     0.243509     0.407393      0.96253  2.40543e-14  3.82491e-14
       0.409     0.242688     0.407891     0.960367 -7.28696e-15  5.01573e-15
        0.41      0.24187      0.40839     0.958207 -5.71102e-15  9.35614e-15
       0.411     0.241054     0.408888      0.95605 -7.32266e-15  2.73539e-14
       0.412     0.240239     0.409387     0.953895 -1.62827e-14 -3.33573e-14
       0.413     0.239427     0.409885     0.951744 -1.19074e-14  9.07691e-15
       0.414     0.238617     0.410383     0.949595  4.10401e-14 -1.20752e-14
       0.415     0.237808     0.410881     0.947449 -2.62169e-14  7.83116e-14
       0.416     0.237002     0.411379     0.945306  1.23992e-14 -7.94224e-14
       0.417     0.236197     0.411877     0.943166 -7.56576e-15  3.72654e-14
       0.418     0.235395     0.412375     0.941028  2.05857e-14 -6.96609e-14
       0.419     0.234594     0.412873     0.938893 -2.49804e-14  1.49239e-15
        0.42     0.233796     0.413371     0.936761 -4.89938e-15  6.10492e-14
       0.421     0.232999     0.413868     0.934632  9.95908e-15 -7.21587e-15
       0.422     0.232204     0.414366     0.932506 -3.15911e-14 -8.38524e-14
       0.423     0.231412     0.414863     0.930382  3.01601e-14  4.85912e-14
       0.424     0.230621     0.415361     0.928261 -2.10261e-14    1.075e-14
       0.425     0.229832     0.415858     0.926143  9.50543e-15 -5.02626e-14
       0.426     0.229045     0.416356     0.924027  9.66666e-15  1.57367e-14
       0.427      0.22826     0.416853     0.921915  3.39156e-14  9.04364e-14
       0.428     0.227476      0.41735     0.919805 -2.76148e-14 -7.20582e-14
       0.429     0.226695     0.417848     0.917697  8.90275e-15   1.4587e-14
        0.43     0.225916     0.418345     0.915593  4.74109e-15 -4.82346e-14
       0.431     0.225138     0.418842     0.913491  1.81718e-15  1.90836e-14
       0.432     0.224362     0.419339     0.911391 -2.39609e-14   4.9462e-14
       0.433     0.223589     0.419836     0.909295 -9.13009e-15  3.79919e-14
       0.434     0.222817     0.420333     0.907201 -4.22412e-16 -7.06588e-14
       0.435     0.222047      0.42083      0.90511  1.28443e-14  6.88517e-14
       0.436     0.221279     0.421327     0.903021  1.66957e-14 -5.51593e-14
       0.437     0.220512     0.421824     0.900935 -2.04238e-14  6.52609e-14
       0.438     0.219748     0.422321     0.898852  7.10882e-16 -8.08262e-14
       0.439     0.218985     0.422818     0.896771  6.27094e-15  7.53446e-15
        0.44     0.218225     0.423315     0.894693  2.50018e-14 -2.66142e-14
       0.441     0.217466     0.423812     0.892617 -2.86427e-14  5.41185e-14
       0.442     0.216709     0.424309     0.890545  1.65095e-14  3.43774e-15
       0.443     0.215954     0.424806     0.888474 -1.38153e-14 -3.57098e-14
       0.444       0.2152     0.425303     0.886407 -2.56779e-14  1.99268e-14
       0.445     0.214449       0.4258     0.884342   1.5473e-14 -2.20893e-14
       0.446     0.213699     0.426297     0.882279  2.36282e-14  5.78992e-14
       0.447     0.212951     0.426793      0.88022  1.45309e-16  6.39602e-15
       0.448     0.212205      0.42729     0.878162 -1.31095e-15 -1.17252e-13
       0.449      0.21146     0.427787     0.876108  2.62826e-14  9.40995e-14
        0.45     0.210718     0.428284     0.874055 -4.84478e-14  3.17561e-14
       0.451     0.209977     0.428781     0.872006  3.21322e-14 -5.76211e-14
       0.452     0.209238     0.429278     0.869959 -9.56004e-15  1.42233e-14
       0.453     0.208501     0.429775     0.867914  1.65126e-14  5.61682e-14
       0.454     0.207766     0.430272     0.865872 -1.87694e-14 -4.46322e-14
       0.455     0.207032     0.430769     0.863833 -1.54074e-14  5.08041e-14
       0.456       0.2063     0.431266     0.861796  8.16788e-15 -7.82769e-14
       0.457      0.20557     0.431763     0.859762  4.91259e-15   8.3949e-15
       0.458     0.204842      0.43226      0.85773 -3.87989e-15  4.57707e-14
       0.459     0.204115     0.432757       0.8557  2.69258e-15 -7.92777e-14
        0.46      0.20339     0.433255     0.853674 -1.03465e-14  9.34346e-14
       0.461     0.202667     0.433752     0.851649  1.38287e-14 -4.71867e-14
       0.462     0.201946     0.434249     0.849627 -2.57656e-14 -3.29908e-14
       0.463     0.201227     0.434746     0.847608  2.74893e-14 -2.27115e-14
       0.464     0.200509     0.435244     0.845591  2.21052e-14 -5.76037e-15
       0.465     0.199793     0.435741     0.843576  -9.7134e-15  1.72399e-14
       0.466     0.199078     0.436239     0.841564  3.80347e-15 -2.65626e-14
       0.467     0.198366     0.436736     0.839555 -3.15689e-14  6.17679e-14
       0.468     0.197655     0.437234     0.837548  1.95681e-14 -9.31911e-15
       0.469     0.196946     0.437731     0.835543 -3.32543e-14 -9.67627e-15
        0.47     0.196238     0.438229     0.833541  2.30424e-15  8.08209e-14
       0.471     0.195532     0.438727     0.831541  2.34061e-14 -5.43807e-14
       0.472     0.194828     0.439225     0.829544 -4.16772e-15  2.75018e-14
       0.473     0.194126     0.439722     0.827549 -2.13532e-14 -1.21205e-13
       0.474     0.193425      0.44022     0.825556  2.28008e-14  1.97773e-13
       0.475     0.192726     0.440718     0.823566 -7.46315e-15 -1.79718e-13
       0.476     0.192029     0.441217     0.821578  2.82104e-14  7.51836e-14
       0.477     0.191333     0.441715     0.819593 -2.71849e-14 -1.30276e-14
       0.478     0.190639     0.442213      0.81761 -7.98727e-15 -2.52496e-14
       0.479     0.189947     0.442711     0.815629  1.38153e-14  5.29697e-14
        0.48     0.189256      0.44321     0.813651 -1.33766e-14   -3.843e-14
       0.481     0.188567     0.443708     0.811675   2.1612e-14  2.10115e-14
       0.482      0.18788     0.444207     0.809702  2.21387e-14 -4.41271e-14
       0.483     0.187194     0.444706     0.807731 -3.61417e-14  2.86128e-14
       0.484      0.18651     0.445205     0.805762   2.2246e-14  -1.1344e-14
       0.485     0.185828     0.445704     0.803796  -2.4689e-14 -1.56969e-14
       0.486     0.185147     0.446203     0.801832  2.39504e-15  2.78576e-14
       0.487     0.184468     0.446702      0.79987  1.69659e-14 -1.01713e-14
       0.488     0.183791     0.447201     0.797911  1.92532e-15  6.50456e-14
       0.489     0.183115       0.4477     0.795954  3.05579e-15 -1.24711e-14
        0.49     0.182441       0.4482     0.793999 -1.48323e-14 -2.77658e-14
       0.491     0.181769     0.448699     0.792047 -2.42416e-15 -6.22294e-14
       0.492     0.181098     0.449199     0.790097 -8.10009e-16  8.34261e-14
       0.493     0.180429     0.449699     0.788149 -6.49576e-15  3.48989e-14
       0.494     0.179761     0.450199     0.786203  3.02784e-14 -2.49938e-14
       0.495     0.179095     0.450699      0.78426 -2.17031e-14 -2.17265e-14
       0.496      0.17843     0.451199     0.782319 -2.29007e-15 -4.61877e-15
       0.497     0.177768     0.451699     0.780381  3.31225e-14 -7.15907e-14
       0.498     0.177106       0.4522     0.778445  4.43799e-15  2.40401e-14
       0.499     0.176447     0.452701     0.776511 -1.63121e-14  3.82627e-14
         0.5     0.175789     0.453201     0.774579  -7.1022e-15 -5.29421e-14
       0.501     0.175132     0.453702     0.772649 -2.00337e-14  1.04217e-13
       0.502     0.174478     0.454203     0.770722  2.73849e-14 -4.02527e-14
       0.503     0.173824     0.454704     0.768797  1.46407e-14  1.67591e-14
       0.504     0.173173     0.455206     0.766874  1.66775e-16  4.78879e-14
       0.505     0.172523     0.455707     0.764954  -2.8922e-14 -7.66025e-14
       0.506     0.171874     0.456209     0.763036  2.54729e-14  5.49254e-14
       0.507     0.171227     0.456711      0.76112  7.22362e-15 -1.65918e-14
       0.508     0.170582     0.457213     0.759206 -5.11932e-14 -3.27553e-14
       0.509     0.169938     0.457715     0.757294  4.06826e-14 -8.49495e-14
        0.51     0.169296     0.458217     0.755385 -2.53826e-15  1.09092e-13
       0.511     0.168655      0.45872     0.753478  1.03473e-14  2.05315e-15
       0.512     0.168016     0.459222     0.751573 -1.56437e-14 -2.50875e-14
       0.513     0.167378     0.459725     0.749671 -3.18747e-14 -1.06395e-13
       0.514     0.166742     0.460228      0.74777 -4.27168e-15  5.53547e-14
       0.515     0.166107     0.460731     0.745872  3.11734e-14  3.65836e-14
       0.516     0.165474     0.461234     0.743976 -1.30491e-14  5.03436e-14
       0.517     0.164843     0.461738     0.742082  1.41135e-14  3.20165e-14
       0.518     0.164213     0.462242      0.74019 -5.17604e-15 -1.21353e-13
       0.519     0.163585     0.462746     0.738301  6.91818e-15  1.12493e-13
        0.52     0.162958      0.46325     0.736413 -1.04025e-14 -1.05684e-13
       0.521     0.162332     0.463754     0.734528  3.18049e-14  1.80136e-14
       0.522     0.161709     0.464258     0.732645 -5.01754e-14  1.21779e-13
       0.523     0.161086     0.464763     0.730764  1.37969e-14 -1.51004e-13
       0.524     0.160466     0.465268     0.728885   3.5014e-15  4.15434e-14
       0.525     0.159846     0.465773     0.727009  1.19338e-14 -2.04706e-14
       0.526     0.159228     0.466278     0.725134 -1.40739e-15  2.89801e-14
       0.527     0.158612     0.466784     0.723262  1.21684e-14 -9.36137e-14
       0.528     0.157997      0.46729     0.721392 -3.07602e-14  8.50173e-14
       0.529     0.157384     0.467796     0.719524  1.20506e-14  2.87559e-14
        0.53     0.156772     0.468302     0.717658  2.02517e-14  1.05925e-14
       0.531     0.156162     0.468808     0.715794 -3.24106e-14  -2.7144e-14
       0.532     0.155553     0.469315     0.713933 -1.51738e-14  3.37201e-14
       0.533     0.154946     0.469822     0.712073  3.25691e-14 -2.65178e-14
       0.534      0.15434     0.470329     0.710216  1.48892e-14  1.62885e-14
       0.535     0.153736     0.470836      0.70836  1.25879e-15 -6.72356e-14
       0.536     0.153133     0.471343     0.706507 -1.83872e-14  4.95728e-14
       0.537     0.152531     0.471851     0.704656 -6.32476e-15 -7.08842e-14
       0.538     0.151931     0.472359     0.702807  2.77159e-14  1.13309e-14
       0.539     0.151333     0.472868      0.70096 -3.45027e-14  1.14762e-13
        0.54     0.150736     0.473376     0.699115  2.36649e-15 -9.38221e-14
       0.541      0.15014     0.473885     0.697272  3.39419e-14   -1.045e-14
       0.542     0.149546     0.474394     0.695432  -7.1343e-15   6.3166e-14
       0.543     0.148953     0.474903     0.693593   2.2739e-14  2.51996e-14
       0.544     0.148362     0.475413     0.691756 -5.42295e-14  7.38278e-15
       0.545     0.147772     0.475922     0.689922 -3.86988e-15  2.13063e-14
       0.546     0.147184     0.476432     0.688089  6.11463e-14  1.71872e-15
       0.547     0.146597     0.476943     0.686259 -5.37039e-15 -1.01603e-13
       0.548     0.146011     0.477453     0.684431 -4.62245e-14 -4.27396e-14
       0.549     0.145427     0.477964     0.682604  4.83852e-15  1.27412e-13
        0.55     0.144845     0.478475      0.68078  -2.0521e-15 -5.70429e-14
       0.551     0.144264     0.478987     0.678958  2.95481e-14  -8.9421e-14
       0.552     0.143684     0.479498     0.677137 -5.15551e-14  1.03942e-13
       0.553     0.143106      0.48001     0.675319  1.09002e-14 -7.89742e-14
       0.554     0.142529     0.480523     0.673503  2.03469e-14   1.0002e-13
       0.555     0.141953     0.481035     0.671689 -2.11525e-14 -1.03106e-13
       0.556     0.141379     0.481548     0.669877  1.45782e-14  5.50646e-14
       0.557     0.140806     0.482061     0.668067  2.39141e-14 -2.73062e-14
       0.558     0.140235     0.482575     0.666259 -5.13709e-15   8.0184e-15
       0.559     0.139665     0.483088     0.664452 -3.05172e-15 -5.88433e-15
        0.56     0.139097     0.483602     0.662648 -1.70171e-14  6.27463e-14
       0.561      0.13853     0.484117     0.660846  2.54929e-14  6.27257e-14
       0.562     0.137964     0.484631     0.659046 -1.44112e-14 -8.05132e-14
       0.563       0.1374     0.485146     0.657248  2.11887e-15 -6.17872e-14
       0.564     0.136837     0.485662     0.655452  2.81928e-14  7.54601e-14
       0.565     0.136276     0.486177     0.653658 -2.55525e-14 -9.79632e-14
       0.566     0.135716     0.486693     0.651865  9.31484e-15  7.59354e-14
       0.567     0.135157     0.487209     0.650075 -3.81299e-14 -1.13959e-13
       0.568       0.1346     0.487726     0.648287   3.4714e-14  7.59601e-14
       0.569     0.134044     0.488243       0.6465 -3.63642e-14 -1.32124e-15
        0.57     0.133489      0.48876     0.644716  4.89979e-14  2.56198e-14
       0.571     0.132936     0.489278     0.642934  1.57183e-14  7.86908e-14
       0.572     0.132384     0.489796     0.641153 -3.23026e-14 -6.36227e-14
       0.573     0.131834     0.490314     0.639375  5.13387e-15  2.25038e-14
       0.574     0.131285     0.490832     0.637598 -1.18769e-14 -8.52769e-14
       0.575     0.130737     0.491351     0.635824  1.72643e-14  6.26607e-14
       0.576      0.13019     0.491871     0.634051 -3.58083e-14 -3.97376e-14
       0.577     0.129645      0.49239      0.63228  1.77493e-14  1.05958e-13
       0.578     0.129102      0.49291     0.630511 -2.25919e-14 -5.08265e-14
       0.579      0.12856     0.493431     0.628744 -2.60555e-15  -3.8834e-14
        0.58     0.128019     0.493951      0.62698   3.5966e-14  6.07925e-14
       0.581     0.127479     0.494473     0.625216 -2.21572e-14  3.02398e-14
       0.582     0.126941     0.494994     0.623455  3.75595e-14 -1.05329e-13
       0.583     0.126404     0.495516     0.621696 -3.36047e-14  4.34808e-14
       0.584     0.125868     0.496038     0.619939 -2.65857e-14  1.02764e-14
       0.585     0.125334     0.496561     0.618183   4.0894e-14 -2.83555e-14
       0.586     0.124801     0.497084      0.61643 -4.07925e-16  2.00165e-14
       0.587      0.12427     0.497607     0.614678  5.72527e-15  2.33095e-14
       0.588     0.123739     0.498131     0.612928  8.19948e-16  1.11344e-15
       0.589      0.12321     0.498655     0.611181  4.31554e-15   -4.108e-14
        0.59     0.122683      0.49918     0.609435 -3.70833e-15  1.90974e-14
       0.591     0.122157     0.499705     0.607691 -2.06536e-15 -5.50585e-14
       0.592     0.121632      0.50023     0.605948 -9.93867e-15  1.40347e-14
       0.593     0.121108     0.500756     0.604208 -1.01713e-14  4.23949e-14
       0.594     0.120586     0.501282      0.60247  2.83016e-14  -3.5159e-14
       0.595     0.120065     0.501809     0.600733 -8.76223e-15  8.18468e-15
       0.596     0.119545     0.502336     0.598998 -4.18302e-16  1.97225e-14
       0.597     0.119027     0.502863     0.597265  8.38715e-15  2.57685e-15
       0.598     0.118509     0.503391     0.595534 -1.53452e-14  4.55728e-14
       0.599     0.117994     0.503919     0.593805 -1.39088e-14 -1.18658e-13
         0.6     0.117479     0.504448     0.592078   2.7043e-14  9.22299e-14
       0.601     0.116966     0.504977     0.590352  -1.1014e-14 -1.01077e-13
       0.602     0.116454     0.505507     0.588629  1.48641e-14  3.64899e-14
       0.603     0.115944     0.506037     0.586907 -1.61791e-14  7.91634e-14
       0.604     0.115434     0.506567     0.585187 -7.04296e-15 -1.92545e-13
       0.605     0.114926     0.507098     0.583469  4.06534e-15  3.00357e-13
       0.606      0.11442      0.50763     0.581752 -4.29017e-15 -8.89042e-14
       0.607     0.113914     0.508161     0.580038   2.7742e-14  1.05633e-13
       0.608      0.11341     0.508694     0.578325 -7.76166e-15 -2.61333e-13
       0.609     0.112907     0.509227     0.576614  6.05222e-15 -3.77092e-14
        0.61     0.112406      0.50976     0.574905  9.75157e-15   2.5561e-13
       0.611     0.111905     0.510293     0.573198 -1.52078e-14 -7.36699e-14
       0.612     0.111406     0.510828     0.571493 -7.62332e-15  5.19086e-15
       0.613     0.110908     0.511362     0.569789 -8.73462e-16 -1.29126e-13
       0.614     0.110412     0.511897     0.568087  5.03525e-15  1.58926e-13
       0.615     0.109917     0.512433     0.566387  1.18521e-14 -1.20124e-13
       0.616     0.109423     0.512969     0.564689 -1.76037e-15  9.66829e-14
       0.617      0.10893     0.513506     0.562993  -2.2061e-16 -7.03128e-15
       0.618     0.108438     0.514043     0.561298 -1.94635e-14 -7.12483e-14
       0.619     0.107948      0.51458     0.559605  7.31756e-15  -4.5746e-15
        0.62     0.107459     0.515119     0.557914  1.10045e-14  8.03204e-14
       0.621     0.106972     0.515657     0.556225 -4.12339e-15 -1.63186e-13
       0.622     0.106485     0.516196     0.554537  1.35193e-14  5.71683e-14
       0.623        0.106     0.516736     0.552852  2.35237e-15 -6.61589e-14
       0.624     0.105516     0.517276     0.551168  2.47074e-15   1.1577e-13
       0.625     0.105033     0.517817     0.549486  -3.0401e-14 -1.50603e-13
       0.626     0.104552     0.518358     0.547805  5.98302e-15  6.63013e-14
       0.627     0.104072       0.5189     0.546126  1.92404e-15  7.08106e-14
       0.628     0.103593     0.519442     0.544449 -8.39692e-15 -1.11391e-13
       0.629     0.103115     0.519985     0.542774  1.08077e-14   1.0846e-13
        0.63     0.102638     0.520528     0.541101 -5.58897e-15 -1.68332e-14
       0.631     0.102163     0.521072     0.539429 -1.08639e-14  1.97333e-13
       0.632     0.101689     0.521616     0.537759  4.81545e-15 -2.84154e-13
       0.633     0.101216     0.522161     0.536091  4.25321e-15  2.51987e-14
       0.634     0.100745     0.522707     0.534424 -2.07451e-15  2.26811e-13
       0.635     0.100274     0.523253      0.53276  3.81318e-15 -1.29687e-13
       0.636    0.0998052       0.5238     0.531097 -7.29868e-15   5.8008e-14
       0.637    0.0993373     0.524347     0.529435  2.24178e-14 -1.24069e-13
       0.638    0.0988706     0.524895     0.527776 -8.73433e-15  4.69791e-14
       0.639    0.0984051     0.525443     0.526118 -1.38947e-14 -1.42167e-14
        0.64    0.0979408     0.525992     0.524462  2.16575e-14  1.84235e-13
       0.641    0.0974778     0.526542     0.522807 -2.27706e-14 -1.29757e-13
       0.642    0.0970159     0.527092     0.521155  8.82616e-15  5.91705e-15
       0.643    0.0965553     0.527643     0.519504 -1.68727e-14 -1.85915e-13
       0.644    0.0960958     0.528194     0.517854  2.59079e-14  1.25353e-13
       0.645    0.0956376     0.528746     0.516207  -1.0082e-14 -1.45233e-13
       0.646    0.0951805     0.529299     0.514561  2.42606e-14  2.65937e-13
       0.647    0.0947247     0.529852     0.512917  -1.6574e-14 -2.46801e-13
       0.648    0.0942701     0.530406     0.511274 -1.07597e-14  1.82041e-13
       0.649    0.0938166      0.53096     0.509633 -3.11657e-15  1.49285e-13
        0.65    0.0933644     0.531515     0.507994  3.02866e-14 -2.59313e-13
       0.651    0.0929133     0.532071     0.506357 -1.39783e-14   1.8052e-14
       0.652    0.0924635     0.532627     0.504721 -2.89973e-15  7.26624e-14
       0.653    0.0920148     0.533184     0.503087 -1.21142e-15  8.59073e-14
       0.654    0.0915673     0.533742     0.501455 -8.38102e-15 -2.07922e-13
       0.655     0.091121       0.5343     0.499824   2.1678e-14   3.1121e-13
       0.656    0.0906759     0.534859     0.498195 -1.79503e-14 -3.72981e-13
       0.657    0.0902319     0.535419     0.496567 -8.69295e-15  2.36341e-13
       0.658    0.0897892     0.535979     0.494942  1.82916e-14 -7.19288e-15
       0.659    0.0893476      0.53654     0.493318 -1.46477e-14 -6.01547e-14
        0.66    0.0889072     0.537102     0.491695   1.9747e-14  2.67964e-15
       0.661    0.0884679     0.537664     0.490074  2.10373e-14  1.08056e-13
       0.662    0.0880299     0.538227     0.488455 -2.72977e-15 -2.48895e-13
       0.663     0.087593     0.538791     0.486838 -4.10563e-15 -2.52051e-14
       0.664    0.0871572     0.539355     0.485222 -1.95853e-14  2.20804e-13
       0.665    0.0867227      0.53992     0.483608  -9.8815e-15  3.09679e-14
       0.666    0.0862893     0.540486     0.481995  1.32944e-14 -4.37796e-14
       0.667     0.085857     0.541052     0.480384 -2.64089e-15  9.55568e-14
       0.668     0.085426     0.541619     0.478775 -9.07889e-15 -2.71794e-13
       0.669    0.0849961     0.542187     0.477167  1.66896e-14  2.55929e-13
        0.67    0.0845673     0.542756     0.475561 -1.90167e-15  -2.1684e-13
       0.671    0.0841397     0.543325     0.473957  7.75438e-15  1.05471e-13
       0.672    0.0837133     0.543895     0.472354 -1.30015e-14 -3.96861e-14
       0.673     0.083288     0.544466     0.470753 -2.87575e-14 -4.27584e-14
       0.674    0.0828638     0.545038     0.469153  3.40901e-14  2.09017e-13
       0.675    0.0824408      0.54561     0.467555 -6.68235e-15 -1.66899e-13
       0.676     0.082019     0.546183     0.465959  9.14882e-15   7.6393e-14
       0.677    0.0815983     0.546757     0.464364  5.03911e-15   -7.339e-14
       0.678    0.0811787     0.547332     0.462771 -8.68055e-15  6.59925e-14
       0.679    0.0807603     0.547907      0.46118 -3.11795e-15 -1.94783e-13
        0.68     0.080343     0.548483      0.45959 -1.19848e-14   1.6656e-13
       0.681    0.0799269      0.54906     0.458001   1.0842e-14  9.88005e-14
       0.682    0.0795119     0.549638     0.456415 -6.54926e-16 -1.48206e-13
       0.683     0.079098     0.550216     0.454829  1.11643e-14  9.19195e-14
       0.684    0.0786853     0.550796     0.453246  1.17219e-14 -7.67788e-14
       0.685    0.0782737     0.551376     0.451664  2.77345e-15  1.17741e-13
       0.686    0.0778632     0.551957     0.450083 -4.10543e-15  1.83965e-14
       0.687    0.0774539     0.552539     0.448505 -1.15535e-14 -1.83116e-13
       0.688    0.0770457     0.553121     0.446927 -3.22261e-14  2.71982e-14
       0.689    0.0766386     0.553705     0.445352  5.34138e-16  1.04566e-13
        0.69    0.0762326     0.554289     0.443778  2.57097e-14  5.40131e-14
       0.691    0.0758278     0.554874     0.442205 -4.02829e-16 -1.66486e-13
       0.692    0.0754241      0.55546     0.440634 -1.15799e-14 -1.10063e-14
       0.693    0.0750215     0.556047     0.439065 -1.02619e-14  8.95311e-14
       0.694      0.07462     0.556635     0.437497  4.77965e-14  1.05703e-13
       0.695    0.0742196     0.557223      0.43593 -3.84254e-14 -3.66259e-14
       0.696    0.0738204     0.557812     0.434366  1.62028e-14 -1.56827e-13
       0.697    0.0734222     0.558403     0.432803  1.84328e-14  6.52569e-14
       0.698    0.0730252     0.558994     0.431241  -5.2578e-14 -7.69682e-14
       0.699    0.0726293     0.559586     0.429681  2.66374e-14  1.97481e-13
         0.7    0.0722345     0.560179     0.428122  5.36999e-15  -9.3716e-14
       0.701    0.0718408     0.560773     0.426565 -1.09083e-14 -5.59863e-14
       0.702    0.0714482     0.561368      0.42501 -3.04632e-15  4.74824e-14
       0.703    0.0710567     0.561963     0.423456   3.9575e-14  4.65396e-14
       0.704    0.0706663      0.56256     0.421903 -7.93738e-15 -9.92525e-14
       0.705     0.070277     0.563158     0.420352 -4.02182e-14  2.37101e-13
       0.706    0.0698888     0.563756     0.418803   2.6328e-14 -3.28284e-13
       0.707    0.0695017     0.564355     0.417255 -1.16565e-14  1.64862e-13
       0.708    0.0691157     0.564956     0.415709  4.40828e-14 -4.56881e-14
       0.709    0.0687308     0.565557     0.414164 -4.98579e-14 -3.47971e-14
        0.71     0.068347      0.56616     0.412621 -6.94053e-15  1.31174e-14
       0.711    0.0679642     0.566763     0.411079 -5.39783e-15  1.34418e-14
       0.712    0.0675826     0.567367     0.409538  3.97448e-14  6.13773e-14
       0.713    0.0672021     0.567972        0.408  1.18576e-14 -1.15808e-13
       0.714    0.0668226     0.568579     0.406462 -4.87127e-15   9.0636e-14
       0.715    0.0664442     0.569186     0.404927 -5.01459e-14 -5.53531e-14
       0.716     0.066067     0.569794     0.403392  3.76096e-14 -8.39058e-14
       0.717    0.0656908     0.570403     0.401859  1.73416e-15  9.23472e-14
       0.718    0.0653156     0.571014     0.400328 -2.89862e-15 -4.10888e-14
       0.719    0.0649416     0.571625     0.398798 -2.38374e-14  1.13377e-13
        0.72    0.0645686     0.572237      0.39727 -2.62388e-15 -1.08072e-13
       0.721    0.0641967     0.572851     0.395743  5.37995e-14 -5.93098e-15
       0.722    0.0638259     0.573465     0.394218 -3.09367e-14  5.60376e-14
       0.723    0.0634562     0.574081     0.392694  1.08814e-14  2.99614e-14
       0.724    0.0630875     0.574697     0.391171   1.7697e-15 -6.78624e-14
       0.725      0.06272     0.575315      0.38965 -2.70667e-14  1.28827e-13
       0.726    0.0623534     0.575934     0.388131  1.78006e-15 -1.22155e-13
       0.727     0.061988     0.576554     0.386613  9.07516e-15  1.41693e-13
       0.728    0.0616236     0.577175     0.385096  8.05734e-15  -6.5934e-14
       0.729    0.0612603     0.577797     0.383581  4.48946e-16 -1.22291e-13
        0.73     0.060898      0.57842     0.382068  6.60394e-15  1.89653e-13
       0.731    0.0605369     0.579044     0.380555 -8.12875e-15 -1.68163e-13
       0.732    0.0601767      0.57967     0.379045  9.51157e-15  1.19467e-13
       0.733    0.0598177     0.580296     0.377535 -2.72564e-14 -2.48613e-14
       0.734    0.0594597     0.580924     0.376028  1.06311e-14 -4.86702e-14
       0.735    0.0591027     0.581553     0.374521 -1.11197e-14  1.37262e-13
       0.736    0.0587468     0.582183     0.373016  1.61945e-14  -9.7408e-14
       0.737     0.058392     0.582815     0.371513  -3.2179e-15  1.45101e-14
       0.738    0.0580382     0.583447     0.370011 -6.45503e-15  7.17531e-14
       0.739    0.0576855     0.584081      0.36851  1.78815e-14 -1.56146e-13
        0.74    0.0573338     0.584716     0.367011 -2.47381e-15  1.20341e-13
       0.741    0.0569832     0.585352     0.365513  6.35818e-15 -4.64793e-14
       0.742    0.0566337     0.585989     0.364017 -1.29102e-14 -1.48456e-13
       0.743    0.0562851     0.586628     0.362522   2.3402e-15  2.31482e-13
       0.744    0.0559377     0.587267     0.361028 -2.34726e-15 -1.87735e-13
       0.745    0.0555912     0.587908     0.359536  1.93058e-14  1.07767e-13
       0.746    0.0552459     0.588551     0.358045 -3.36907e-14 -1.31874e-13
       0.747    0.0549015     0.589194     0.356556  8.05348e-15  8.22603e-14
       0.748    0.0545582     0.589839     0.355068 -7.60281e-15  4.17648e-14
       0.749     0.054216     0.590485     0.353582  2.06537e-14  3.37216e-14
        0.75    0.0538748     0.591133     0.352096   -7.968e-16  6.01241e-14
       0.751    0.0535346     0.591782     0.350613   1.1509e-14 -1.46651e-13
       0.752    0.0531955     0.592432      0.34913 -4.97047e-15  9.51345e-14
       0.753    0.0528574     0.593083      0.34765 -8.20234e-15 -3.85239e-14
       0.754    0.0525203     0.593736      0.34617 -9.03422e-15  2.35819e-14
       0.755    0.0521843      0.59439     0.344692  6.47291e-15  9.09507e-14
       0.756    0.0518493     0.595046     0.343215 -1.78555e-15 -1.32802e-13
       0.757    0.0515153     0.595703      0.34174   1.0258e-14 -4.51635e-14
       0.758    0.0511824     0.596361     0.340266 -1.01265e-14 -3.38424e-14
       0.759    0.0508505     0.597021     0.338793  1.91691e-14  1.13858e-14
        0.76    0.0505196     0.597682     0.337322 -1.89001e-14  1.74948e-13
       0.761    0.0501897     0.598345     0.335852 -9.89172e-15 -1.26903e-13
       0.762    0.0498609     0.599008     0.334384  1.45532e-14 -1.07061e-13
       0.763    0.0495331     0.599674     0.332916  5.64047e-15   9.9032e-14
       0.764    0.0492064     0.600341     0.331451 -6.65669e-15 -9.40801e-14
       0.765    0.0488806     0.601009     0.329986 -6.17682e-15  1.16893e-13
       0.766    0.0485559     0.601679     0.328523  1.27275e-14  7.72849e-14
       0.767    0.0482322      0.60235     0.327061 -5.71189e-15 -1.09173e-13
       0.768    0.0479095     0.603023     0.325601  5.89852e-15  6.52114e-14
       0.769    0.0475878     0.603698     0.324142 -6.42444e-15   7.6107e-14
        0.77    0.0472672     0.604374     0.322684 -6.44487e-15 -9.15918e-14
       0.771    0.0469475     0.605051     0.321228  1.00384e-14  1.25316e-13
       0.772    0.0466289      0.60573     0.319773  1.34842e-14 -1.59021e-13
       0.773    0.0463113     0.606411     0.318319 -1.21575e-14 -8.13898e-14
       0.774    0.0459947     0.607093     0.316867 -1.15094e-14  1.07929e-13
       0.775    0.0456792     0.607777     0.315416  2.25759e-14 -2.16301e-14
       0.776    0.0453646     0.608462     0.313966  2.93914e-15  9.25393e-14
       0.777    0.0450511     0.609149     0.312518 -2.37626e-14 -1.25466e-13
       0.778    0.0447385     0.609838     0.311071  1.39209e-14  6.49854e-14
       0.779     0.044427     0.610528     0.309625  1.74576e-16 -4.73876e-14
        0.78    0.0441165      0.61122      0.30818 -6.13003e-15  1.25544e-13
       0.781    0.0438069     0.611913     0.306737  5.97431e-15 -9.65381e-14
       0.782    0.0434984     0.612609     0.305296 -5.81755e-15   2.4957e-14
       0.783    0.0431909     0.613306     0.303855 -9.90454e-15  5.85101e-14
       0.784    0.0428844     0.614005     0.302416  1.66801e-14 -1.92828e-13
       0.785    0.0425789     0.614705     0.300978 -1.42425e-15  1.45574e-13
       0.786    0.0422744     0.615407     0.299541 -1.44682e-14  1.89091e-14
       0.787    0.0419709     0.616111     0.298106  3.04657e-15 -4.73846e-14
       0.788    0.0416684     0.616817     0.296672  1.47439e-14 -2.69467e-16
       0.789    0.0413669     0.617525     0.295239  4.87085e-15  9.10421e-14
        0.79    0.0410664     0.618234     0.293807 -2.13583e-14 -6.76503e-14
       0.791    0.0407669     0.618946     0.292377 -1.81607e-15 -6.26736e-14
       0.792    0.0404684     0.619659     0.290948  1.82215e-14 -4.25471e-14
       0.793    0.0401709     0.620374     0.289521  1.17009e-14  5.89056e-14
       0.794    0.0398744     0.621091     0.288094  1.10065e-15 -1.84481e-14
       0.795    0.0395789     0.621809     0.286669 -1.28843e-14 -1.57531e-14
       0.796    0.0392844      0.62253     0.285245 -8.31076e-15 -8.29081e-14
       0.797    0.0389909     0.623253     0.283822   7.5977e-15  2.12037e-13
       0.798    0.0386983     0.623977     0.282401  1.26439e-14 -7.15648e-14
       0.799    0.0384068     0.624704     0.280981 -2.33217e-14 -2.30969e-14
         0.8    0.0381162     0.625432     0.279562  7.48844e-15  9.50952e-14
       0.801    0.0378266     0.626163     0.278144  5.63557e-15  1.94531e-14
       0.802    0.0375381     0.626896     0.276728  3.95845e-15 -1.13108e-14
       0.803    0.0372505      0.62763     0.275313 -6.80929e-15 -1.21782e-13
       0.804    0.0369639     0.628367     0.273899    1.898e-15 -5.94588e-14
       0.805    0.0366783     0.629106     0.272486  7.99922e-15  1.35629e-13
       0.806    0.0363936     0.629847     0.271074 -1.29961e-14 -6.78326e-14
       0.807      0.03611      0.63059     0.269664  1.15071e-15  3.75976e-14
       0.808    0.0358273     0.631335     0.268255 -1.63586e-14 -2.96042e-14
       0.809    0.0355456     0.632082     0.266847  1.44846e-14  4.08405e-14
        0.81    0.0352649     0.632831      0.26544   3.2947e-15 -1.58884e-13
       0.811    0.0349852     0.633583     0.264035  2.06158e-14  1.68715e-13
       0.812    0.0347065     0.634337     0.262631 -3.33749e-14  1.47899e-14
       0.813    0.0344288     0.635093     0.261227  2.29163e-14  -6.6555e-14
       0.814     0.034152     0.635852     0.259826  3.14498e-15 -4.56659e-14
       0.815    0.0338762     0.636612     0.258425 -1.00603e-14  9.57687e-14
       0.816    0.0336014     0.637375     0.257025  3.56339e-15 -2.70809e-14
       0.817    0.0333275     0.638141     0.255627 -1.78808e-15 -8.52122e-14
       0.818    0.0330547     0.638908      0.25423 -4.38656e-15  1.25619e-13
       0.819    0.0327828     0.639679     0.252834  1.20064e-15 -7.02725e-14
        0.82    0.0325119     0.640451     0.251439  1.20498e-15 -6.29192e-14
       0.821     0.032242     0.641226     0.250046  1.20935e-15  1.40244e-13
       0.822     0.031973     0.642003     0.248653 -3.23666e-15 -6.76425e-14
       0.823     0.031705     0.642783     0.247262 -1.46181e-14  7.70335e-14
       0.824     0.031438     0.643566     0.245872  1.93583e-14 -1.73077e-14
       0.825     0.031172     0.644351     0.244482 -3.06779e-15  7.21705e-14
       0.826    0.0309069     0.645138     0.243095  7.59508e-15 -4.99014e-14
       0.827    0.0306428     0.645928     0.241708  -2.0603e-15 -1.00331e-13
       0.828    0.0303797     0.646721     0.240322 -3.72228e-15   1.0434e-13
       0.829    0.0301176     0.647516     0.238938 -8.30248e-16 -4.36224e-14
        0.83    0.0298564     0.648314     0.237554  5.41673e-15 -6.40838e-14
       0.831    0.0295962     0.649115     0.236172  7.73725e-15  1.20557e-13
       0.832     0.029337     0.649918     0.234791 -1.86811e-14 -1.37126e-13
       0.833    0.0290787     0.650724     0.233411  5.05655e-15  1.39501e-13
       0.834    0.0288214     0.651533     0.232032  1.01513e-14 -1.04323e-13
       0.835    0.0285651     0.652345     0.230654 -1.95304e-14 -8.86198e-14
       0.836    0.0283097      0.65316     0.229278  1.61951e-14  1.36405e-13
       0.837    0.0280553     0.653977     0.227902 -7.05892e-15  2.11143e-14
       0.838    0.0278019     0.654797     0.226527 -1.93253e-15 -1.68307e-13
       0.839    0.0275494     0.655621     0.225154  8.19091e-15  1.29862e-13
        0.84    0.0272979     0.656447     0.223782 -9.73714e-15  2.25619e-14
       0.841    0.0270474     0.657276      0.22241  1.52052e-15 -8.20181e-14
       0.842    0.0267978     0.658108      0.22104  7.85019e-15  4.55749e-14
       0.843    0.0265492     0.658944     0.219671   4.3782e-15  -3.3321e-14
       0.844    0.0263016     0.659782     0.218303  -7.0325e-15  6.14681e-14
       0.845    0.0260549     0.660624     0.216936 -3.08879e-15  3.13298e-14
       0.846    0.0258092     0.661469      0.21557  1.28468e-14 -8.81108e-15
       0.847    0.0255645     0.662317     0.214205  -1.6789e-14 -6.96532e-14
       0.848    0.0253207     0.663168     0.212841  2.10974e-14  3.18983e-14
       0.849    0.0250779     0.664022     0.211478 -6.72426e-15  9.60426e-16
        0.85     0.024836      0.66488     0.210116 -5.73845e-15  7.78661e-14
       0.851    0.0245951     0.665741     0.208755  2.59831e-15 -9.80295e-14
       0.852    0.0243552     0.666606     0.207395 -1.36109e-15  -4.0501e-14
       0.853    0.0241162     0.667474     0.206036  8.42733e-15    3.144e-14
       0.854    0.0238782     0.668346     0.204679 -1.07484e-14 -1.85909e-16
       0.855    0.0236412     0.669221     0.203322 -1.83697e-15 -7.88571e-14
       0.856    0.0234051     0.670099     0.201966  7.72374e-15  1.43271e-13
       0.857    0.0231699     0.670982     0.200611 -1.38903e-15  6.76017e-14
       0.858    0.0229358     0.671867     0.199257  6.97378e-16 -1.74108e-13
       0.859    0.0227026     0.672757     0.197904 -9.80367e-15  1.45602e-13
        0.86    0.0224703      0.67365     0.196552  7.50049e-15 -1.46215e-13
       0.861    0.0222391     0.674547     0.195201 -2.00063e-15  7.69486e-14
       0.862    0.0220087     0.675448     0.193851  1.77265e-15 -4.13776e-14
       0.863    0.0217794     0.676353     0.192502  1.54276e-15 -2.97244e-14
       0.864     0.021551     0.677262     0.191154 -5.83955e-15  4.93094e-14
       0.865    0.0213235     0.678175     0.189806 -5.50527e-15 -3.96522e-14
       0.866    0.0210971     0.679092      0.18846  1.16584e-14  1.37285e-13
       0.867    0.0208715     0.680013     0.187115  1.44844e-15 -7.78398e-14
       0.868     0.020647     0.680938      0.18577 -2.90932e-15 -4.77519e-14
       0.869    0.0204234     0.681867     0.184426  7.30467e-15  5.02543e-14
        0.87    0.0202007     0.682801     0.183084 -1.61399e-14  1.39688e-14
       0.871    0.0199791     0.683739     0.181742  1.43681e-14 -1.12582e-13
       0.872    0.0197583     0.684681     0.180401 -1.97345e-15  1.09621e-13
       0.873    0.0195386     0.685628     0.179061 -1.23882e-16 -9.74217e-14
       0.874    0.0193198     0.686579     0.177721  4.60386e-15  1.19938e-13
       0.875    0.0191019     0.687535     0.176383 -4.49927e-15 -7.77011e-14
       0.876    0.0188851     0.688495     0.175045   5.9002e-15  1.03664e-13
       0.877    0.0186692      0.68946     0.173709 -1.10966e-14  2.60336e-14
       0.878    0.0184542      0.69043     0.172373  1.98863e-14 -9.06516e-14
       0.879    0.0182402     0.691404     0.171037 -2.45565e-14 -5.37522e-14
        0.88    0.0180272     0.692384     0.169703  7.54097e-15  9.40262e-15
       0.881    0.0178151     0.693369      0.16837 -1.12988e-14  1.01087e-13
       0.882     0.017604     0.694358     0.167037  1.28984e-15  -2.1089e-14
       0.883    0.0173939     0.695353     0.165705  8.81127e-15 -2.85968e-15
       0.884    0.0171847     0.696353     0.164374   1.0284e-14 -9.82397e-14
       0.885    0.0169765     0.697358     0.163043  4.57738e-15  1.35949e-13
       0.886    0.0167692     0.698368     0.161714 -1.93148e-14 -7.96113e-14
       0.887    0.0165629     0.699384     0.160385   1.2541e-14  7.72089e-15
       0.888    0.0163576     0.700405     0.159056  2.91794e-15 -3.53953e-14
       0.889    0.0161532     0.701432     0.157729  2.39874e-15 -3.18048e-14
        0.89    0.0159498     0.702465     0.156402 -8.70345e-15  7.10299e-14
       0.891    0.0157474     0.703503     0.155076  2.15266e-15 -7.94424e-14
       0.892     0.015546     0.704547      0.15375 -9.46333e-15  3.74266e-14
       0.893    0.0153455     0.705598     0.152426  1.22261e-14  4.99797e-14
       0.894    0.0151459     0.706654     0.151101 -6.27938e-15 -2.92333e-14
       0.895    0.0149474     0.707716     0.149778   5.4871e-15  1.91821e-14
       0.896    0.0147498     0.708785     0.148455 -6.34128e-15 -1.73946e-14
       0.897    0.0145532      0.70986     0.147133  8.45079e-15   2.3788e-14
       0.898    0.0143575     0.710941     0.145811 -6.68297e-15   3.2183e-14
       0.899    0.0141628     0.712029      0.14449  1.67912e-15 -3.17601e-14
         0.9    0.0139691     0.713124      0.14317  3.79709e-15 -4.18731e-14
       0.901    0.0137764     0.714225      0.14185  -2.1202e-15 -3.36277e-14
       0.902    0.0135846     0.715334      0.14053  2.55723e-15  9.03716e-14
       0.903    0.0133938     0.716449     0.139211  -8.7107e-15 -7.44764e-14
       0.904     0.013204     0.717571     0.137893  2.72719e-15   5.0976e-14
       0.905    0.0130152     0.718701     0.136575  6.20417e-15  1.37697e-14
       0.906    0.0128273     0.719839     0.135258 -4.49618e-15  -1.7691e-14
       0.907    0.0126404     0.720983     0.133941  1.31222e-15 -7.33599e-14
       0.908    0.0124545     0.722136     0.132624  6.59587e-15  3.73434e-14
       0.909    0.0122696     0.723296     0.131308 -7.07313e-15  9.66064e-15
        0.91    0.0120857     0.724464     0.129993 -2.51852e-15  3.18795e-14
       0.911    0.0119027     0.725641     0.128677 -3.72373e-15  5.61012e-15
       0.912    0.0117207     0.726825     0.127362  7.93727e-15 -5.43711e-14
       0.913    0.0115397     0.728018     0.126048 -4.51741e-16  2.36993e-14
       0.914    0.0113597      0.72922     0.124734 -6.05645e-16  7.37554e-14
       0.915    0.0111807     0.730431      0.12342 -1.06577e-15 -1.14344e-13
       0.916    0.0110027      0.73165     0.122106  7.65523e-15  1.06694e-13
       0.917    0.0108257     0.732879     0.120793 -5.23489e-15 -7.50457e-14
       0.918    0.0106496     0.734117      0.11948 -7.58724e-15  1.32398e-14
       0.919    0.0104746     0.735364     0.118167  1.04337e-14 -3.43459e-15
        0.92    0.0103005     0.736621     0.116854  5.95172e-15 -1.31612e-14
       0.921    0.0101275     0.737888     0.115542 -5.19861e-15  4.38676e-14
       0.922    0.0099554     0.739166     0.114229 -1.15672e-14 -6.39126e-14
       0.923   0.00978434     0.740453     0.112917  7.96946e-15  8.28704e-14
       0.924   0.00961428     0.741752     0.111605  6.41345e-16  -8.9206e-14
       0.925   0.00944523     0.743061     0.110293 -6.45186e-16  1.48264e-14
       0.926   0.00927719     0.744381     0.108981  1.13589e-15  4.75137e-15
       0.927   0.00911015     0.745712     0.107668  1.46932e-15  2.07326e-14
       0.928   0.00894412     0.747055     0.106356  6.57042e-16  2.72421e-14
       0.929   0.00877911      0.74841     0.105044 -9.25553e-15 -2.13722e-14
        0.93   0.00861511     0.749777     0.103732  4.49035e-15  3.24115e-14
       0.931   0.00845213     0.751157     0.102419  6.35955e-15 -6.21423e-14
       0.932   0.00829017     0.752549     0.101107   1.6842e-15   4.9591e-14
       0.933   0.00812924     0.753955     0.099794 -6.77999e-16  -1.6497e-14
       0.934   0.00796933     0.755374     0.098481  -4.7767e-15 -5.11655e-14
       0.935   0.00781044     0.756806    0.0971677  -1.7171e-16  4.99536e-14
       0.936   0.00765259     0.758253     0.095854 -2.24695e-15  -3.5348e-14
       0.937   0.00749577     0.759714      0.09454  2.60989e-15  5.99377e-14
       0.938   0.00733999      0.76119    0.0932255           -0  -3.9798e-14
       0.939   0.00718524     0.762682    0.0919106  1.76351e-15   5.2093e-14
        0.94   0.00703154     0.764189    0.0905952  3.55119e-16 -9.08454e-14
       0.941   0.00687889     0.765712    0.0892792   1.6091e-15 -1.58941e-14
       0.942   0.00672729     0.767252    0.0879626 -5.04114e-15 -2.39689e-15
       0.943   0.00657674     0.768809    0.0866453 -1.81314e-16  5.88675e-14
       0.944   0.00642725     0.770383    0.0853273 -1.27827e-15 -3.90614e-14
       0.945   0.00627881     0.771976    0.0840085  5.51791e-15  2.41123e-14
       0.946   0.00613145     0.773588    0.0826888 -2.03802e-15  -3.1094e-14
       0.947   0.00598515     0.775218    0.0813682 -3.35961e-15  5.40997e-14
       0.948   0.00583993     0.776869    0.0800466 -7.52165e-16 -1.49775e-14
       0.949   0.00569579      0.77854     0.078724 -7.57859e-16   2.8602e-14
        0.95   0.00555272     0.780233    0.0774002  1.71825e-15 -6.31317e-14
       0.951   0.00541075     0.781948    0.0760752  3.65556e-15  4.47762e-14
       0.952   0.00526987     0.783685    0.0747489  5.81728e-16  3.61198e-14
       0.953   0.00513009     0.785446    0.0734212 -2.93179e-15 -5.77521e-14
       0.954   0.00499141     0.787231     0.072092  5.91086e-16  2.00372e-14
       0.955   0.00485384     0.789041    0.0707612 -3.97279e-16 -1.02836e-14
       0.956   0.00471739     0.790878    0.0694287 -2.40343e-15  6.68458e-15
       0.957   0.00458206     0.792742    0.0680944  1.81772e-15  -1.7318e-14
       0.958   0.00444785     0.794634    0.0667582  1.42584e-15 -2.30419e-15
       0.959   0.00431478     0.796556      0.06542 -2.67091e-15  1.66379e-15
        0.96   0.00418286     0.798508    0.0640796  2.07261e-15  2.42126e-14
       0.961   0.00405208     0.800493    0.0627369 -8.36443e-16 -2.00583e-14
       0.962   0.00392246     0.802511    0.0613918 -1.68806e-15 -9.25651e-15
       0.963     0.003794     0.804563     0.060044  1.49067e-15  3.66495e-14
       0.964   0.00366672     0.806652    0.0586935   2.1495e-15 -2.81483e-14
       0.965   0.00354062     0.808779      0.05734 -1.95301e-15  -6.0415e-15
       0.966   0.00341571     0.810947    0.0559834  -2.1911e-16  1.78991e-14
       0.967   0.00329201     0.813156    0.0546234  2.21278e-16  -1.6472e-14
       0.968   0.00316952     0.815409    0.0532598 -8.94041e-16   2.8058e-14
       0.969   0.00304825     0.817709    0.0518925 -5.64523e-16 -2.86574e-14
        0.97   0.00292821     0.820058    0.0505211  2.39589e-15   8.9941e-15
       0.971   0.00280942     0.822459    0.0491454 -3.45938e-16  4.76741e-14
       0.972   0.00269189     0.824915     0.047765  6.99457e-16 -4.96324e-14
       0.973   0.00257564     0.827428    0.0463797 -1.17882e-16 -6.74026e-15
       0.974   0.00246067     0.830004    0.0449891 -1.19234e-16            0
       0.975   0.00234701     0.832645    0.0435928 -1.32699e-15 -1.97976e-14
       0.976   0.00223467     0.835357    0.0421904  1.70925e-15 -1.74746e-14
       0.977   0.00212366     0.838144    0.0407813  3.70801e-16    1.778e-14
       0.978   0.00201401     0.841012    0.0393652 -2.25311e-15  1.07266e-14
       0.979   0.00190574     0.843967    0.0379415 -1.64855e-15  3.44622e-15
        0.98   0.00179887     0.847016    0.0365094   1.1567e-15  7.95875e-15
       0.981   0.00169342     0.850167    0.0350683 -2.60626e-16 -4.33194e-15
       0.982   0.00158942      0.85343    0.0336174   2.6438e-16 -2.88247e-14
       0.983    0.0014869     0.856814    0.0321558 -1.47579e-15  2.06786e-14
       0.984   0.00138588     0.860332    0.0306824  1.36242e-16  -2.9318e-14
       0.985   0.00128641     0.863999    0.0291961 -2.76877e-16 -1.48505e-14
       0.986   0.00118851     0.867831    0.0276954 -2.81536e-15  5.83613e-15
       0.987   0.00109224     0.871849    0.0261788   2.7217e-15  1.92128e-14
       0.988   0.00099763     0.876076    0.0246444 -1.31309e-15 -1.79076e-16
       0.989   0.00090474     0.880544    0.0230898 -2.97493e-16  -1.9798e-14
        0.99  0.000813628     0.885289    0.0215124 -7.59128e-16 -2.18844e-14
       0.991  0.000724364      0.89036    0.0199087 -1.55178e-16 -2.18443e-14
       0.992  0.000637029      0.89582    0.0182744 -9.53151e-16 -1.14199e-14
       0.993  0.000551717     0.901752    0.0166041 -9.77667e-16 -2.30445e-14
       0.994  0.000468544     0.908277    0.0148904 -1.00526e-15  6.49195e-16
       0.995  0.000387654     0.915569     0.013123 -1.72815e-16 -3.16586e-14
       0.996  0.000309232     0.923903    0.0112874 -2.14817e-15 -4.67507e-14
       0.997  0.000233526     0.933757    0.0093604  -2.7988e-15 -8.62447e-14
       0.998  0.000160892     0.946093   0.00730175  -3.3396e-15 -1.33917e-13
       0.999  9.19034e-05     0.963459   0.00502681 -8.02029e-15 -3.69943e-13
           1  2.76918e-05            1   0.00225929 -4.32709e-12  5.60539e-08