       0.001            1    0.0603157      1.08798  5.38415e-15  2.47053e-16
       0.002      0.98389    0.0761096      1.07804  3.68569e-15  1.10158e-15
       0.003     0.975419    0.0872158      1.07278 -1.43584e-14 -1.21801e-16
       0.004     0.968049    0.0960784      1.06819   7.2798e-15   1.2128e-16
       0.005     0.961377     0.103579      1.06402  2.80959e-16  1.08726e-15
       0.006     0.955202      0.11015      1.06016  1.90143e-14 -1.08331e-15
       0.007     0.949409     0.116038      1.05652 -2.40232e-14   8.3968e-16
       0.008     0.943921     0.121399      1.05306  3.81048e-15 -1.19562e-16
       0.009     0.938686     0.126339      1.04976  5.70036e-15 -1.31105e-15
        0.01     0.933664     0.130933      1.04658  3.94556e-15   3.6836e-15
       0.011     0.928828     0.135238      1.04351 -4.45354e-15  1.77716e-15
       0.012     0.924154     0.139297      1.04054  2.08688e-14 -4.37118e-15
       0.013     0.919624     0.143142      1.03765 -1.37947e-14  1.17812e-15
       0.014     0.915222     0.146801      1.03484  9.91901e-15  3.05483e-15
       0.015     0.910937     0.150295       1.0321  9.54835e-15  4.68729e-16
       0.016     0.906759     0.153642      1.02942 -2.52902e-14 -2.33756e-16
       0.017     0.902678     0.156857       1.0268 -6.51894e-16 -3.26425e-15
       0.018     0.898686     0.159953      1.02423 -7.54515e-15  7.67506e-15
       0.019     0.894777     0.162941      1.02171  2.56954e-14 -5.10412e-15
        0.02     0.890946     0.165831      1.01924  1.15368e-16  -5.9018e-15
       0.021     0.887187     0.168629      1.01681 -1.39802e-14   1.4777e-14
       0.022     0.883496     0.171344      1.01441  2.74939e-15  5.41316e-15
       0.023     0.879868     0.173981      1.01206  2.77124e-14 -1.27546e-14
       0.024       0.8763     0.176547      1.00973 -1.11155e-14  3.20999e-15
       0.025     0.872788     0.179046      1.00744 -1.10371e-14 -3.54586e-15
       0.026      0.86933     0.181482      1.00519  7.12861e-15  3.65204e-15
       0.027     0.865924      0.18386      1.00296 -1.53669e-14 -1.36648e-15
       0.028     0.862565     0.186182      1.00076 -3.66616e-15  1.03397e-14
       0.029     0.859253     0.188454     0.998584  1.96399e-14 -9.07013e-15
        0.03     0.855985     0.190676     0.996435 -3.13239e-14 -9.05061e-16
       0.031     0.852759     0.192852     0.994311  2.23274e-14 -5.64457e-16
       0.032     0.849573     0.194985      0.99221  1.35064e-14  2.02775e-15
       0.033     0.846427     0.197076     0.990131  4.88147e-15  1.12417e-16
       0.034     0.843317     0.199129     0.988074 -1.24164e-14   1.7164e-14
       0.035     0.840244     0.201144     0.986036  8.84719e-15 -1.72406e-14
       0.036     0.837204     0.203123     0.984019 -2.07755e-14  2.79307e-15
       0.037     0.834198     0.205068      0.98202 -7.43736e-15 -7.35874e-15
       0.038     0.831225     0.206981      0.98004  7.36829e-16  6.00864e-15
       0.039     0.828282     0.208863     0.978078  2.14389e-14  -6.6629e-16
        0.04     0.825369     0.210715     0.976132 -1.23309e-14  1.55158e-15
       0.041     0.822485     0.212539     0.974203 -1.53374e-14  1.10608e-15
       0.042     0.819629     0.214336     0.972289  6.28596e-14   2.2299e-14
       0.043       0.8168     0.216106     0.970391 -2.29045e-14 -2.11537e-14
       0.044     0.813998     0.217851     0.968508 -2.92071e-14  6.81764e-15
       0.045     0.811221     0.219572     0.966639  -8.1952e-15  3.73149e-15
       0.046      0.80847      0.22127     0.964785  1.84437e-14 -4.16249e-15
       0.047     0.805742     0.222945     0.962943  1.17078e-14 -3.49856e-15
       0.048     0.803038     0.224599     0.961116 -2.47478e-14  1.52772e-15
       0.049     0.800357     0.226231       0.9593  1.45165e-14 -6.31716e-15
        0.05     0.797698     0.227844     0.957498  9.53813e-15 -1.95681e-15
       0.051     0.795061     0.229436     0.955707  9.44957e-15   7.5956e-15
       0.052     0.792445      0.23101     0.953929 -2.32271e-14  2.59936e-15
       0.053     0.789849     0.232566     0.952162  1.65041e-14   1.0162e-14
       0.054     0.787274     0.234104     0.950406 -5.26089e-15 -1.07907e-14
       0.055     0.784719     0.235625     0.948661  1.36794e-15 -9.47835e-15
       0.056     0.782183     0.237129     0.946927 -2.75629e-15  1.69868e-14
       0.057     0.779665     0.238616     0.945203 -1.61387e-14 -1.07316e-14
       0.058     0.777166     0.240089     0.943489  6.36235e-14  5.14182e-15
       0.059     0.774685     0.241546     0.941785 -4.22488e-14  8.12652e-15
        0.06     0.772221     0.242988     0.940091  -2.9782e-14 -1.83585e-14
       0.061     0.769775     0.244416     0.938407   3.4451e-14  5.32721e-15
       0.062     0.767345      0.24583     0.936732  2.30045e-14  1.04227e-14
       0.063     0.764932      0.24723     0.935066 -2.29787e-14  1.48631e-15
       0.064     0.762535     0.248617     0.933408 -1.43889e-14  2.11954e-16
       0.065     0.760154     0.249991      0.93176  1.17333e-14 -1.69263e-15
       0.066     0.757789     0.251353      0.93012  3.28448e-14   9.5043e-15
       0.067     0.755438     0.252702     0.928488 -4.69826e-14 -4.21673e-15
       0.068     0.753103     0.254039     0.926865  3.56932e-14 -2.98864e-14
       0.069     0.750782     0.255365     0.925249 -2.10607e-14  6.30302e-14
        0.07     0.748476     0.256679     0.923642 -3.50022e-14 -3.46064e-14
       0.071     0.746184     0.257983     0.922042   3.0076e-14 -5.65306e-15
       0.072     0.743906     0.259275      0.92045  8.23452e-15  2.38272e-14
       0.073     0.741641     0.260557     0.918865 -2.48506e-14 -2.08651e-16
       0.074      0.73939     0.261829     0.917287  5.85198e-14 -2.47868e-14
       0.075     0.737152      0.26309     0.915717    -4.97e-14  4.36666e-15
       0.076     0.734927     0.264342     0.914154  4.19492e-14 -1.97202e-14
       0.077     0.732714     0.265584     0.912597 -1.00542e-14  6.92141e-14
       0.078     0.730514     0.266817     0.911048 -1.05073e-14 -6.39247e-14
       0.079     0.728327      0.26804     0.909505 -2.83086e-14 -1.44568e-14
        0.08     0.726151     0.269255     0.907968  6.21415e-14  6.06159e-14
       0.081     0.723988      0.27046     0.906438 -5.96592e-14  -1.6878e-14
       0.082     0.721836     0.271657     0.904914  6.97085e-14 -6.98643e-15
       0.083     0.719696     0.272845     0.903397  -1.7113e-14  3.36427e-14
       0.084     0.717567     0.274026     0.901886  1.72037e-14 -2.04795e-14
       0.085      0.71545     0.275198      0.90038 -4.03527e-14  1.73786e-14
       0.086     0.713343     0.276362     0.898881 -3.43541e-14  -4.1435e-14
       0.087     0.711248     0.277518     0.897388   2.2882e-14  1.14113e-14
       0.088     0.709163     0.278666       0.8959  2.88531e-14  2.15642e-14
       0.089     0.707089     0.279807     0.894418 -3.36221e-15  -4.2854e-14
        0.09     0.705025     0.280941     0.892941 -3.56913e-14   4.2175e-14
       0.091     0.702971     0.282068      0.89147  3.65054e-14 -3.82594e-14
       0.092     0.700928     0.283187     0.890005  9.38459e-15  2.64748e-14
       0.093     0.698895     0.284299     0.888545 -1.90751e-14  3.63179e-15
       0.094     0.696871     0.285405      0.88709 -3.44584e-14 -1.95393e-14
       0.095     0.694858     0.286504      0.88564  5.95097e-14  4.28357e-14
       0.096     0.692854     0.287596     0.884195 -2.32649e-14 -3.47347e-14
       0.097     0.690859     0.288682     0.882756 -1.74765e-15  3.84867e-14
       0.098     0.688874     0.289761     0.881321  2.19479e-16 -4.28269e-14
       0.099     0.686898     0.290834     0.879891 -2.24908e-14  8.19185e-15
         0.1     0.684931     0.291901     0.878466  2.01578e-14 -1.69556e-14
       0.101     0.682973     0.292962     0.877046  -3.8386e-14  -7.9662e-16
       0.102     0.681024     0.294018     0.875631  9.31033e-14  6.16384e-14
       0.103     0.679084     0.295067      0.87422 -9.66662e-14 -2.69978e-14
       0.104     0.677153      0.29611     0.872814  6.56343e-14 -3.92424e-14
       0.105      0.67523     0.297148     0.871412 -2.03893e-14 -3.36389e-15
       0.106     0.673316      0.29818     0.870015  3.31079e-14   1.5212e-14
       0.107      0.67141     0.299207     0.868622 -3.74806e-14 -3.23477e-14
       0.108     0.669512     0.300229     0.867234  2.68552e-14  3.13114e-14
       0.109     0.667623     0.301245     0.865849  1.86722e-14 -5.70176e-15
        0.11     0.665741     0.302256      0.86447 -6.60952e-14  8.83346e-15
       0.111     0.663868     0.303262     0.863094  3.39436e-14 -2.62622e-14
       0.112     0.662003     0.304263     0.861722  4.48265e-14  2.73946e-14
       0.113     0.660145     0.305258     0.860355 -8.88565e-14 -5.86095e-15
       0.114     0.658295     0.306249     0.858991  4.36714e-14   2.8283e-14
       0.115     0.656453     0.307236     0.857632  2.71859e-15 -3.27174e-14
       0.116     0.654619     0.308217     0.856276 -1.34114e-14  3.28601e-14
       0.117     0.652792     0.309194     0.854925  5.48178e-15  2.31017e-14
       0.118     0.650972     0.310166     0.853577 -1.72299e-14  -5.8923e-14
       0.119      0.64916     0.311133     0.852233 -1.92215e-15 -9.48251e-15
        0.12     0.647355     0.312096     0.850893 -4.58338e-15  2.87892e-14
       0.121     0.645557     0.313055     0.849556  4.60161e-15  1.35039e-14
       0.122     0.643766      0.31401     0.848224  2.72325e-14 -1.36753e-14
       0.123     0.641983      0.31496     0.846895  8.78769e-15  4.46155e-14
       0.124     0.640206     0.315906     0.845569  3.92089e-15 -2.86091e-14
       0.125     0.638437     0.316847     0.844247 -4.14521e-14  2.05127e-14
       0.126     0.636674     0.317785     0.842929  5.07495e-14 -8.42195e-15
       0.127     0.634918     0.318718     0.841614 -2.35508e-14 -3.43997e-15
       0.128     0.633168     0.319648     0.840302  9.45624e-15  1.48833e-14
       0.129     0.631425     0.320574     0.838994  2.82265e-14 -3.82934e-14
        0.13     0.629689     0.321495      0.83769  -3.0088e-14 -6.65764e-15
       0.131      0.62796     0.322413     0.836388 -4.45462e-14  -1.7093e-14
       0.132     0.626236     0.323327      0.83509 -2.02089e-15  5.49921e-14
       0.133      0.62452     0.324238     0.833795  1.29309e-14 -4.99842e-14
       0.134     0.622809     0.325144     0.832504  5.89127e-14  6.69204e-14
       0.135     0.621105     0.326047     0.831216 -2.68186e-15   5.0962e-15
       0.136     0.619407     0.326947     0.829931  1.37145e-14 -6.97288e-15
       0.137     0.617715     0.327843     0.828649 -1.99389e-14 -1.54295e-14
       0.138      0.61603     0.328735      0.82737 -1.72997e-14 -5.07262e-14
       0.139      0.61435     0.329624     0.826094 -2.51357e-14  6.00272e-14
        0.14     0.612676      0.33051     0.824821   7.4116e-14 -3.74592e-16
       0.141     0.611009     0.331392     0.823551 -9.35612e-14 -5.08661e-14
       0.142     0.609347     0.332271     0.822285  4.72733e-14 -1.81119e-14
       0.143     0.607691     0.333147     0.821021  2.23399e-15  1.43554e-14
       0.144     0.606041     0.334019      0.81976  1.55608e-14  2.04762e-14
       0.145     0.604397     0.334888     0.818502 -1.01894e-14  1.41255e-14
       0.146     0.602758     0.335754     0.817247 -2.21756e-14 -1.11346e-15
       0.147     0.601125     0.336617     0.815995  3.10463e-14   2.8535e-14
       0.148     0.599498     0.337477     0.814746 -6.95255e-15 -5.55025e-14
       0.149     0.597876     0.338333     0.813499 -4.96389e-15  3.30658e-14
        0.15      0.59626     0.339187     0.812255   5.3846e-14  1.47554e-14
       0.151     0.594649     0.340038     0.811014 -5.78101e-14  2.19151e-14
       0.152     0.593043     0.340886     0.809776  6.36967e-15 -2.20656e-14
       0.153     0.591443     0.341731     0.808541   -6.391e-15  2.90087e-14
       0.154     0.589849     0.342573     0.807308 -9.68669e-15 -3.68472e-14
       0.155     0.588259     0.343412     0.806077 -2.12172e-14 -1.13485e-14
       0.156     0.586675     0.344248      0.80485 -5.90551e-15   2.9059e-14
       0.157     0.585096     0.345082     0.803625  5.47023e-14 -1.25913e-14
       0.158     0.583523     0.345912     0.802402 -3.99515e-14   4.0814e-14
       0.159     0.581954     0.346741     0.801183  3.25924e-14 -4.03881e-14
        0.16     0.580391     0.347566     0.799965  6.67879e-15  2.68845e-14
       0.161     0.578832     0.348389      0.79875 -7.67752e-15 -4.40744e-14
       0.162     0.577279     0.349209     0.797538 -1.13433e-14  5.07082e-15
       0.163      0.57573     0.350026     0.796328   1.3487e-14 -3.52611e-14
       0.164     0.574187     0.350841     0.795121 -1.62078e-14  7.78179e-14
       0.165     0.572648     0.351654     0.793916  5.90992e-14 -5.26413e-14
       0.166     0.571115     0.352464     0.792713 -2.86503e-14  5.85017e-14
       0.167     0.569586     0.353271     0.791513 -1.75004e-14 -5.39198e-14
       0.168     0.568062     0.354076     0.790316  1.99817e-14  3.94814e-15
       0.169     0.566543     0.354879      0.78912 -1.67512e-14 -1.18265e-14
        0.17     0.565028     0.355679     0.787927 -1.17767e-14  4.15091e-14
       0.171     0.563518     0.356477     0.786736 -1.62792e-14 -8.96813e-14
       0.172     0.562013     0.357272     0.785548  2.64452e-14  7.18864e-14
       0.173     0.560512     0.358065     0.784362 -2.98605e-14  -1.9592e-14
       0.174     0.559017     0.358856     0.783178  1.33766e-14  1.86732e-14
       0.175     0.557525     0.359644     0.781996  8.70676e-14 -2.16637e-14
       0.176     0.556038     0.360431     0.780817 -8.67473e-14 -2.48225e-14
       0.177     0.554556     0.361215      0.77964  4.85672e-14  6.97524e-14
       0.178     0.553078     0.361996     0.778465 -6.68159e-14 -5.99249e-14
       0.179     0.551605     0.362776     0.777292  4.47271e-14  5.03035e-14
        0.18     0.550136     0.363553     0.776121 -5.78901e-14  1.23366e-14
       0.181     0.548671     0.364329     0.774953  1.07364e-13   -2.534e-14
       0.182     0.547211     0.365102     0.773786 -3.87244e-14 -8.78537e-16
       0.183     0.545755     0.365873     0.772622  1.83739e-14 -5.12293e-14
       0.184     0.544304     0.366642      0.77146  -5.3187e-14  3.11819e-14
       0.185     0.542856     0.367409       0.7703  8.17433e-14  2.11648e-14
       0.186     0.541413     0.368173     0.769142 -5.04858e-14 -1.15271e-14
       0.187     0.539974     0.368936     0.767986  1.75327e-14  1.63927e-14
       0.188      0.53854     0.369697     0.766832  6.97288e-15 -3.37809e-14
       0.189     0.537109     0.370456      0.76568  -5.7161e-14  -1.5648e-15
        0.19     0.535683     0.371213      0.76453  2.22597e-14  1.99646e-14
       0.191     0.534261     0.371968     0.763382 -6.57483e-15  3.98693e-14
       0.192     0.532842     0.372721     0.762236  7.89712e-14 -3.51362e-14
       0.193     0.531428     0.373472     0.761092 -6.21275e-14  5.70322e-15
       0.194     0.530018     0.374221      0.75995  3.73211e-14 -5.05617e-14
       0.195     0.528612     0.374969      0.75881 -5.19651e-14  7.96056e-14
       0.196      0.52721     0.375714     0.757671 -8.84049e-15 -1.15272e-14
       0.197     0.525812     0.376458     0.756535  2.22414e-14 -1.68354e-14
       0.198     0.524418       0.3772     0.755401   5.1003e-14  5.66057e-15
       0.199     0.523028      0.37794     0.754268   1.4859e-14   2.0553e-15
         0.2     0.521641     0.378678     0.753137 -5.28576e-14 -3.89922e-14
       0.201     0.520259     0.379415     0.752008  4.73428e-14  9.56268e-15
       0.202      0.51888     0.380149     0.750881 -1.00154e-13  9.41194e-14
       0.203     0.517505     0.380882     0.749756  4.41265e-14 -4.20519e-14
       0.204     0.516134     0.381614     0.748633 -1.04674e-14 -1.00297e-14
       0.205     0.514767     0.382343     0.747511 -2.68766e-14  8.99627e-15
       0.206     0.513404     0.383071     0.746392  7.28777e-14 -3.18635e-14
       0.207     0.512044     0.383797     0.745274  1.40718e-14 -3.38466e-14
       0.208     0.510688     0.384522     0.744157 -1.10636e-14  6.08326e-14
       0.209     0.509335     0.385245     0.743043 -9.22872e-14 -8.28446e-14
        0.21     0.507987     0.385966      0.74193  1.16881e-13  5.84604e-14
       0.211     0.506642     0.386686     0.740819 -4.46158e-14 -3.28032e-14
       0.212       0.5053     0.387404      0.73971 -8.76893e-14  1.86446e-14
       0.213     0.503962     0.388121     0.738602  8.25618e-14  2.58286e-14
       0.214     0.502628     0.388836     0.737497  6.22504e-14  1.35648e-14
       0.215     0.501298     0.389549     0.736392 -4.57506e-14  1.33773e-15
       0.216     0.499971     0.390261      0.73529 -5.94705e-14  9.68402e-15
       0.217     0.498647     0.390971     0.734189  3.30175e-14 -7.16878e-15
       0.218     0.497327      0.39168      0.73309  3.62344e-15  2.87987e-14
       0.219      0.49601     0.392388     0.731992 -6.60549e-15 -1.06379e-14
        0.22     0.494697     0.393094     0.730896 -1.53983e-14 -2.55591e-14
       0.221     0.493388     0.393798     0.729802  1.27826e-14  -2.7178e-14
       0.222     0.492081     0.394501     0.728709  1.13181e-14   6.9498e-15
       0.223     0.490779     0.395202     0.727618  1.00127e-15   3.7671e-14
       0.224     0.489479     0.395902     0.726529  1.10427e-14 -9.73361e-15
       0.225     0.488183     0.396601     0.725441 -2.41559e-14 -1.66377e-14
       0.226     0.486891     0.397298     0.724355  5.48281e-14  1.64483e-16
       0.227     0.485601     0.397994      0.72327 -4.45156e-14  1.87229e-14
       0.228     0.484315     0.398688     0.722187 -1.97794e-14 -3.57499e-14
       0.229     0.483033     0.399382     0.721105           -0 -1.32633e-14
        0.23     0.481753     0.400073     0.720025  3.72136e-14 -2.12549e-15
       0.231     0.480477     0.400764     0.718946 -2.26579e-14  5.66493e-14
       0.232     0.479204     0.401453     0.717869  3.79166e-14 -7.00943e-15
       0.233     0.477935      0.40214     0.716793 -2.94517e-14 -4.02031e-14
       0.234     0.476668     0.402827     0.715719 -1.95699e-14  3.59173e-14
       0.235     0.475405     0.403512     0.714647  2.11685e-14  6.97796e-15
       0.236     0.474145     0.404195     0.713576  2.46727e-14   3.2569e-14
       0.237     0.472888     0.404878     0.712506 -1.10702e-14 -5.59801e-14
       0.238     0.471635     0.405559     0.711438 -1.17917e-14  5.47653e-14
       0.239     0.470384     0.406239     0.710371  2.72933e-14 -1.72599e-14
        0.24     0.469137     0.406918     0.709306  -2.5096e-14 -7.11909e-14
       0.241     0.467893     0.407595     0.708242  1.45012e-14  1.26408e-13
       0.242     0.466652     0.408271     0.707179  -2.1193e-14 -6.74447e-14
       0.243     0.465414     0.408946     0.706118  2.51086e-14  1.66755e-14
       0.244     0.464179      0.40962     0.705058 -7.39286e-15  1.13672e-14
       0.245     0.462947     0.410293        0.704  2.94682e-14 -4.09243e-14
       0.246     0.461718     0.410964     0.702943 -5.16524e-14 -4.15014e-15
       0.247     0.460492     0.411634     0.701888  6.56113e-15  7.04464e-14
       0.248     0.459269     0.412303     0.700834  3.37751e-15 -4.05811e-14
       0.249     0.458049     0.412971     0.699781  1.72854e-14 -6.21309e-14
        0.25     0.456833     0.413638      0.69873 -1.73277e-14  7.10814e-14
       0.251     0.455619     0.414304      0.69768 -2.02352e-14  3.01008e-15
       0.252     0.454408     0.414968     0.696631  3.03369e-14 -3.06883e-14
       0.253       0.4532     0.415631     0.695584 -9.35714e-15  6.72865e-14
       0.254     0.451995     0.416293     0.694538 -2.27281e-14 -5.99306e-14
       0.255     0.450793     0.416955     0.693493    7.956e-15 -3.65342e-14
       0.256     0.449594     0.417615      0.69245  5.27452e-14   4.8901e-14
       0.257     0.448397     0.418273     0.691408 -3.88821e-14 -7.53606e-15
       0.258     0.447204     0.418931     0.690367  2.51338e-14  2.25741e-14
       0.259     0.446013     0.419588     0.689328 -5.42221e-14 -1.25223e-14
        0.26     0.444825     0.420244     0.688289  3.53196e-14  3.31341e-14
       0.261      0.44364     0.420898     0.687253  3.66881e-15  -7.8341e-14
       0.262     0.442458     0.421552     0.686217   1.2136e-14  3.45926e-14
       0.263     0.441279     0.422204     0.685183  1.78786e-14  6.02124e-14
       0.264     0.440103     0.422856     0.684149 -3.95373e-14 -3.46437e-14
       0.265     0.438929     0.423506     0.683118 -3.51864e-15 -3.38159e-14
       0.266     0.437758     0.424156     0.682087  3.50841e-14  2.84988e-14
       0.267      0.43659     0.424804     0.681058 -5.58205e-16  8.50581e-15
       0.268     0.435425     0.425452      0.68003   2.7603e-14 -6.48554e-15
       0.269     0.434262     0.426098     0.679003 -5.70183e-14 -2.94492e-14
        0.27     0.433102     0.426744     0.677977   1.1243e-14 -2.61717e-14
       0.271     0.431945     0.427388     0.676952  2.89248e-14  7.67057e-14
       0.272      0.43079     0.428032     0.675929 -5.04543e-14 -4.72738e-14
       0.273     0.429639     0.428675     0.674907  1.54735e-14  1.27201e-14
       0.274     0.428489     0.429316     0.673886  3.66934e-14  2.78501e-14
       0.275     0.427343     0.429957     0.672867 -3.79162e-14  -6.8756e-15
       0.276     0.426199     0.430597     0.671848  6.02366e-14 -6.43802e-14
       0.277     0.425058     0.431236     0.670831 -1.77129e-14   3.3817e-14
       0.278      0.42392     0.431873     0.669815 -3.64621e-14  7.74179e-14
       0.279     0.422784      0.43251       0.6688  3.82683e-16 -9.47653e-14
        0.28      0.42165     0.433147     0.667786  2.09043e-14 -4.36715e-14
       0.281      0.42052     0.433782     0.666773 -2.59502e-14  7.57037e-14
       0.282     0.419392     0.434416     0.665761  9.05523e-15 -7.86124e-15
       0.283     0.418266     0.435049     0.664751  5.00144e-14 -4.84544e-14
       0.284     0.417143     0.435682     0.663742 -4.74191e-14  2.96916e-14
       0.285     0.416023     0.436314     0.662734  6.40165e-15  3.29573e-14
       0.286     0.414905     0.436944     0.661726 -3.79141e-14 -6.14569e-14
       0.287      0.41379     0.437574     0.660721  4.46261e-14 -1.60535e-14
       0.288     0.412677     0.438203     0.659716 -4.92197e-14  1.05463e-13
       0.289     0.411567     0.438832     0.658712  5.63786e-14  -7.8827e-14
        0.29     0.410459     0.439459     0.657709  -1.6481e-14 -1.35908e-14
       0.291     0.409354     0.440086     0.656708  1.47484e-14  2.38595e-15
       0.292     0.408251     0.440711     0.655707 -8.47481e-15  1.15096e-13
       0.293     0.407151     0.441336     0.654708 -2.05434e-14 -2.37868e-15
       0.294     0.406053      0.44196      0.65371  5.34536e-14 -9.54475e-14
       0.295     0.404958     0.442584     0.652712 -2.79773e-14  -1.5859e-14
       0.296     0.403865     0.443206     0.651716  2.46593e-14 -4.32126e-14
       0.297     0.402775     0.443828     0.650721  1.33538e-14  1.14073e-13
       0.298     0.401687     0.444449     0.649727 -3.89522e-14 -1.01505e-13
       0.299     0.400601     0.445069     0.648734  4.08409e-14  7.17405e-14
         0.3     0.399518     0.445688     0.647742 -6.01938e-14 -6.54532e-14
       0.301     0.398438     0.446307     0.646751  5.59036e-14  5.77163e-14
       0.302     0.397359     0.446925     0.645761 -6.00584e-14 -4.69235e-15
       0.303     0.396283     0.447542     0.644772   6.6251e-14 -7.90622e-15
       0.304      0.39521     0.448158     0.643784 -7.57094e-14 -2.17819e-14
       0.305     0.394139     0.448773     0.642798  2.27224e-14  6.91865e-14
       0.306      0.39307     0.449388     0.641812  2.23659e-15 -6.31051e-14
       0.307     0.392003     0.450002     0.640827  8.35472e-15  8.93466e-14
       0.308     0.390939     0.450616     0.639843  3.32881e-14 -2.55714e-14
       0.309     0.389877     0.451228      0.63886 -7.98213e-15 -3.33659e-15
        0.31     0.388818      0.45184     0.637878 -5.14848e-14 -3.18661e-15
       0.311     0.387761     0.452451     0.636898  4.64583e-14 -4.00607e-14
       0.312     0.386706     0.453062     0.635918 -3.25506e-14  8.93841e-14
       0.313     0.385653     0.453672     0.634939  3.17958e-14 -5.76714e-15
       0.314     0.384603     0.454281     0.633961  5.79365e-15 -5.70068e-14
       0.315     0.383555     0.454889     0.632984 -2.52987e-14  8.91155e-15
       0.316      0.38251     0.455497     0.632008 -2.57693e-14 -7.74971e-15
       0.317     0.381466     0.456104     0.631033  1.45788e-14 -3.51065e-14
       0.318     0.380425      0.45671     0.630059  2.50463e-14  7.62566e-14
       0.319     0.379386     0.457316     0.629086  -1.4642e-14  -4.5569e-14
        0.32     0.378349     0.457921     0.628114 -1.23677e-14 -6.11877e-14
       0.321     0.377315     0.458525     0.627142  8.61307e-15   1.1179e-13
       0.322     0.376283     0.459129     0.626172  3.70528e-14   2.5736e-14
       0.323     0.375253     0.459732     0.625203  3.12251e-14 -3.90411e-14
       0.324     0.374225     0.460334     0.624234 -8.24592e-14 -4.76273e-14
       0.325     0.373199     0.460936     0.623267  9.11117e-15 -1.55681e-14
       0.326     0.372176     0.461537       0.6223  1.35899e-14  3.53272e-14
       0.327     0.371155     0.462137     0.621335  3.48986e-14  -2.3703e-14
       0.328     0.370136     0.462737      0.62037  -4.7555e-14  -2.9301e-14
       0.329     0.369119     0.463336     0.619406  4.44509e-14  4.16328e-14
        0.33     0.368104     0.463935     0.618443 -2.31295e-14  3.32826e-14
       0.331     0.367092     0.464533     0.617481  3.94896e-14  4.06622e-15
       0.332     0.366082      0.46513      0.61652 -2.45184e-14  -7.1398e-14
       0.333     0.365073     0.465727      0.61556 -4.09508e-14   -2.516e-14
       0.334     0.364067     0.466323       0.6146  4.36295e-14  9.49009e-14
       0.335     0.363063     0.466919     0.613642 -5.23798e-14  9.19661e-15
       0.336     0.362061     0.467514     0.612684  1.97382e-14  9.04313e-15
       0.337     0.361062     0.468108     0.611727  5.69487e-14 -1.40019e-13
       0.338     0.360064     0.468702     0.610771 -3.04948e-14  5.82501e-14
       0.339     0.359069     0.469295     0.609816  1.96451e-14  1.29335e-13
        0.34     0.358075     0.469888     0.608862  2.31863e-14 -1.83882e-14
       0.341     0.357084      0.47048     0.607909  -8.5926e-14 -2.77462e-14
       0.342     0.356095     0.471072     0.606956  5.16199e-14 -8.75185e-14
       0.343     0.355108     0.471663     0.606005  4.05021e-14  1.21095e-14
       0.344     0.354122     0.472253     0.605054 -1.32349e-14  5.63309e-14
       0.345     0.353139     0.472843     0.604104 -6.29972e-14 -8.09343e-14
       0.346     0.352158     0.473432     0.603155  1.86064e-14  3.38294e-14
       0.347     0.351179     0.474021     0.602207 -1.46499e-14  1.04337e-13
       0.348     0.350203      0.47461     0.601259  4.87123e-14 -1.12911e-13
       0.349     0.349228     0.475197     0.600313 -1.39309e-14  1.01283e-13
        0.35     0.348255     0.475785     0.599367  3.90876e-14 -1.23171e-13
       0.351     0.347284     0.476371     0.598422 -7.47566e-14  6.67203e-14
       0.352     0.346315     0.476958     0.597478 -1.07658e-14  6.30875e-14
       0.353     0.345348     0.477543     0.596534 -1.34851e-15 -3.33226e-14
       0.354     0.344384     0.478128     0.595592  5.36018e-14  9.33183e-15
       0.355     0.343421     0.478713      0.59465   1.5008e-14 -5.79279e-14
       0.356      0.34246     0.479297     0.593709   1.3569e-15 -5.37917e-14
       0.357     0.341501     0.479881     0.592769 -2.50412e-14  1.13874e-13
       0.358     0.340544     0.480464      0.59183  2.22543e-14  -1.8277e-14
       0.359     0.339589     0.481047     0.590891 -8.87456e-15 -6.41364e-14
        0.36     0.338636     0.481629     0.589953 -1.49354e-14  6.41685e-14
       0.361     0.337686     0.482211     0.589017 -1.93074e-14 -6.25954e-14
       0.362     0.336737     0.482792      0.58808  2.50711e-14   2.8043e-14
       0.363     0.335789     0.483373     0.587145 -4.60006e-14  3.97311e-14
       0.364     0.334844     0.483953      0.58621  5.12677e-14 -5.87031e-14
       0.365     0.333901     0.484533     0.585276  3.45556e-16   9.7151e-14
       0.366      0.33296     0.485112     0.584343 -5.35554e-14 -3.09167e-14
       0.367      0.33202     0.485691     0.583411  3.99017e-14 -2.43759e-14
       0.368     0.331083      0.48627     0.582479  2.42217e-14 -5.50228e-14
       0.369     0.330148     0.486848     0.581548 -4.28518e-14  4.43705e-14
        0.37     0.329214     0.487425     0.580618  4.61974e-14  6.72403e-15
       0.371     0.328282     0.488002     0.579689  9.79468e-15 -5.56806e-14
       0.372     0.327352     0.488579      0.57876 -9.93144e-15  1.05006e-13
       0.373     0.326424     0.489155     0.577833 -1.83812e-14 -7.91203e-14
       0.374     0.325498     0.489731     0.576905 -1.37259e-14 -5.55443e-14
       0.375     0.324574     0.490306     0.575979  4.99603e-14  1.08556e-13
       0.376     0.323652     0.490881     0.575053 -5.02972e-14  6.52901e-15
       0.377     0.322731     0.491456     0.574128   3.4701e-14   2.9594e-14
       0.378     0.321813      0.49203     0.573204 -3.31154e-14 -1.28859e-14
       0.379     0.320896     0.492604     0.572281  6.39945e-15 -6.71844e-14
        0.38     0.319981     0.493177     0.571358  1.38935e-14  4.38525e-14
       0.381     0.319068      0.49375     0.570436 -2.48683e-14  3.19943e-14
       0.382     0.318157     0.494322     0.569515 -3.09991e-15  1.28029e-14
       0.383     0.317248     0.494894     0.568594  1.17078e-14 -9.94173e-14
       0.384      0.31634     0.495466     0.567674  4.72846e-14  3.08082e-14
       0.385     0.315435     0.496037     0.566755 -4.49807e-14  4.92905e-14
       0.386     0.314531     0.496608     0.565836  2.25956e-14 -4.90821e-14
       0.387     0.313629     0.497179     0.564918  2.89034e-15 -5.41336e-14
       0.388     0.312728     0.497749     0.564001   -5.744e-14  6.37791e-14
       0.389      0.31183     0.498319     0.563085  4.60683e-14   1.1124e-14
        0.39     0.310933     0.498888     0.562169  4.96741e-15  9.06346e-15
       0.391     0.310038     0.499457     0.561254  1.23827e-14   -1.797e-14
       0.392     0.309145     0.500026      0.56034  7.17684e-15   -1.705e-14
       0.393     0.308254     0.500594     0.559426 -8.28814e-15 -3.72202e-14
       0.394     0.307364     0.501162     0.558513 -6.10638e-16  4.79395e-14
       0.395     0.306477      0.50173     0.557601  2.20268e-14  2.65896e-15
       0.396     0.305591     0.502297     0.556689 -3.77655e-14 -1.49164e-13
       0.397     0.304706     0.502864     0.555778  5.06181e-14  1.26203e-15
       0.398     0.303824      0.50343     0.554868 -3.54539e-14  2.03484e-13
       0.399     0.302943     0.503996     0.553958 -1.61587e-14  -2.0705e-13
         0.4     0.302064     0.504562     0.553049  4.75836e-14  1.77198e-13
       0.401     0.301187     0.505128      0.55214 -5.41177e-14 -2.77084e-14
       0.402     0.300311     0.505693     0.551233  7.07284e-15  1.13405e-13
       0.403     0.299438     0.506258     0.550326  2.42445e-14 -1.81449e-13
       0.404     0.298566     0.506822     0.549419 -2.86528e-15 -2.12091e-15
       0.405     0.297695     0.507386     0.548513  2.99577e-15   1.1434e-13
       0.406     0.296827      0.50795     0.547608 -2.26378e-14 -9.40071e-14
       0.407      0.29596     0.508514     0.546704 -2.56902e-14  3.10357e-15
       0.408     0.295095     0.509077       0.5458   6.5043e-14  5.47803e-14
       0.409     0.294231      0.50964     0.544897 -4.61736e-14 -1.55037e-13
        0.41      0.29337     0.510202     0.543994 -2.29433e-14  1.98138e-13
       0.411     0.292509     0.510765     0.543092  2.14728e-15 -1.11237e-13
       0.412     0.291651     0.511327     0.542191 -1.48074e-14  7.58406e-14
       0.413     0.290794     0.511888      0.54129  3.09413e-14 -6.48982e-14
       0.414     0.289939      0.51245      0.54039  4.72656e-14 -7.48524e-15
       0.415     0.289086     0.513011      0.53949 -5.60155e-14  8.31807e-14
       0.416     0.288234     0.513572     0.538591  6.64578e-14  7.58263e-14
       0.417     0.287385     0.514132     0.537693 -3.69367e-14 -1.04881e-13
       0.418     0.286536     0.514692     0.536796 -1.35743e-14  2.13312e-13
       0.419      0.28569     0.515252     0.535898 -2.98964e-14 -2.60658e-13
        0.42     0.284845     0.515812     0.535002  5.20678e-14   1.3655e-13
       0.421     0.284001     0.516371     0.534106 -1.23662e-14 -1.60335e-13
       0.422      0.28316      0.51693     0.533211  3.22666e-14  3.66869e-14
       0.423      0.28232     0.517489     0.532316 -1.13801e-14  9.83927e-14
       0.424     0.281481     0.518048     0.531422 -4.70346e-14 -4.30801e-14
       0.425     0.280644     0.518606     0.530529  4.41406e-14 -7.55345e-14
       0.426     0.279809     0.519164     0.529636   3.6292e-14  1.91585e-13
       0.427     0.278976     0.519722     0.528743 -4.00122e-14  7.81619e-14
       0.428     0.278144      0.52028     0.527852  1.95881e-14 -2.05203e-13
       0.429     0.277314     0.520837     0.526961 -4.72339e-14 -2.71627e-14
        0.43     0.276485     0.521394      0.52607  2.51706e-14  1.47649e-13
       0.431     0.275658     0.521951      0.52518  2.62705e-16 -1.28676e-13
       0.432     0.274833     0.522507     0.524291  3.61922e-14  1.10124e-13
       0.433     0.274009     0.523063     0.523402  -7.0943e-14   -7.036e-14
       0.434     0.273187      0.52362     0.522513  3.52762e-14 -5.36296e-14
       0.435     0.272366     0.524175     0.521626  1.58853e-15  1.53035e-13
       0.436     0.271547     0.524731     0.520739 -3.23629e-14 -1.85174e-13
       0.437     0.270729     0.525286     0.519852  3.98677e-15 -4.81625e-14
       0.438     0.269914     0.525841     0.518966 -1.62444e-14 -4.47807e-15
       0.439     0.269099     0.526396      0.51808  5.46976e-14  1.25643e-13
        0.44     0.268287     0.526951     0.517195 -5.48037e-15  -9.2192e-14
       0.441     0.267476     0.527506     0.516311 -1.40623e-14  2.31434e-13
       0.442     0.266666      0.52806     0.515427  5.85052e-14 -2.35251e-13
       0.443     0.265858     0.528614     0.514544 -6.10385e-14   1.6638e-13
       0.444     0.265052     0.529168     0.513661   2.3843e-14  -1.1314e-13
       0.445     0.264247     0.529721     0.512779  2.09199e-14  1.20282e-13
       0.446     0.263443     0.530275     0.511897  2.42058e-14  -1.4588e-13
       0.447     0.262642     0.530828     0.511016  -6.3951e-14  1.64427e-13
       0.448     0.261841     0.531381     0.510136  2.44352e-14 -3.24117e-13
       0.449     0.261043     0.531934     0.509256 -3.97159e-14  2.99968e-13
        0.45     0.260246     0.532486     0.508376  2.53473e-14 -1.63231e-13
       0.451      0.25945     0.533039     0.507497  4.35559e-14  2.19071e-13
       0.452     0.258656     0.533591     0.506618   -7.059e-14  -1.2873e-13
       0.453     0.257863     0.534143     0.505741   3.9475e-14 -4.96113e-14
       0.454     0.257072     0.534695     0.504863  1.67543e-14  -1.1212e-13
       0.455     0.256283     0.535247     0.503986 -6.32937e-14  5.00114e-14
       0.456     0.255495     0.535798      0.50311  3.15699e-14  3.22167e-14
       0.457     0.254709      0.53635     0.502234  4.69626e-14  2.81234e-13
       0.458     0.253924     0.536901     0.501358 -1.96516e-14 -1.56538e-13
       0.459      0.25314     0.537452     0.500484 -2.44037e-14  5.42097e-14
        0.46     0.252358     0.538003     0.499609  3.62592e-14 -3.06198e-13
       0.461     0.251578     0.538553     0.498735   2.5472e-14  3.29445e-13
       0.462     0.250799     0.539104     0.497862 -1.89664e-14 -1.08756e-13
       0.463     0.250021     0.539654     0.496989 -1.77453e-14 -1.20415e-13
       0.464     0.249246     0.540205     0.496117 -2.46391e-14  1.97823e-13
       0.465     0.248471     0.540755     0.495245  1.83746e-14 -1.05935e-13
       0.466     0.247698     0.541305     0.494373 -1.54586e-14  1.24047e-13
       0.467     0.246927     0.541854     0.493502  1.80227e-14  -2.2121e-13
       0.468     0.246157     0.542404     0.492632 -5.64291e-15  7.76338e-14
       0.469     0.245388     0.542953     0.491762   1.9364e-14  1.20935e-13
        0.47     0.244621     0.543503     0.490893 -4.31923e-14 -1.07568e-13
       0.471     0.243855     0.544052     0.490024  2.25598e-14    1.382e-13
       0.472     0.243091     0.544601     0.489155   1.7201e-14 -1.03744e-13
       0.473     0.242329      0.54515     0.488287 -3.38982e-14 -1.70308e-13
       0.474     0.241567     0.545699      0.48742  1.88367e-14  3.47537e-13
       0.475     0.240808     0.546247     0.486552 -5.57604e-15 -1.57108e-13
       0.476     0.240049     0.546796     0.485686  2.90796e-14  4.83057e-14
       0.477     0.239292     0.547344      0.48482 -1.92321e-14 -1.84732e-13
       0.478     0.238537     0.547893     0.483954  -2.6315e-14  3.03307e-14
       0.479     0.237783     0.548441     0.483089  3.54419e-14  3.29092e-14
        0.48      0.23703     0.548989     0.482224 -1.37131e-14 -1.97102e-15
       0.481     0.236279     0.549537      0.48136 -6.36345e-15  8.48204e-14
       0.482      0.23553     0.550085     0.480496  7.38991e-15   2.3131e-14
       0.483     0.234781     0.550633     0.479633  1.23401e-14 -8.99617e-14
       0.484     0.234035      0.55118      0.47877 -2.53091e-14  3.80508e-14
       0.485     0.233289     0.551728     0.477907  1.36988e-14  3.42925e-14
       0.486     0.232545     0.552275     0.477045  7.44653e-15  1.54038e-13
       0.487     0.231803     0.552823     0.476184  1.74084e-14 -1.69763e-13
       0.488     0.231062      0.55337     0.475322 -3.54695e-14   -2.612e-14
       0.489     0.230322     0.553917     0.474462  3.26002e-14 -6.44275e-14
        0.49     0.229584     0.554464     0.473601 -2.35405e-14  1.51205e-13
       0.491     0.228847     0.555011     0.472742 -6.92821e-15 -1.54151e-13
       0.492     0.228111     0.555558     0.471882  9.59983e-15  2.85026e-13
       0.493     0.227377     0.556105     0.471023 -1.47971e-15 -8.23573e-14
       0.494     0.226644     0.556652     0.470165  5.93014e-16   4.6335e-14
       0.495     0.225913     0.557198     0.469307  4.01047e-14 -2.77715e-13
       0.496     0.225183     0.557745     0.468449 -2.78292e-14  9.33955e-14
       0.497     0.224455     0.558292     0.467592  2.23654e-14  4.14095e-14
       0.498     0.223727     0.558838     0.466735  -4.4816e-16 -1.63215e-14
       0.499     0.223002     0.559384     0.465879 -2.48454e-14  1.40277e-13
         0.5     0.222277     0.559931     0.465023  1.69451e-14 -1.22279e-13
       0.501     0.221554     0.560477     0.464167  9.16476e-15  1.16362e-13
       0.502     0.220833     0.561023     0.463312 -1.61065e-14 -7.95361e-14
       0.503     0.220112     0.561569     0.462457    2.036e-14  -1.7285e-13
       0.504     0.219393     0.562116     0.461603 -3.95887e-14  2.26408e-13
       0.505     0.218676     0.562662     0.460749  5.29863e-15  -1.5045e-13
       0.506      0.21796     0.563208     0.459896  2.80604e-14  6.82977e-14
       0.507     0.217245     0.563754     0.459042 -1.12455e-14 -4.58643e-14
       0.508     0.216531       0.5643      0.45819 -1.55301e-14  9.15581e-14
       0.509     0.215819     0.564846     0.457337  4.88145e-15 -1.51205e-13
        0.51     0.215109     0.565391     0.456486  2.64405e-14   1.6274e-13
       0.511     0.214399     0.565937     0.455634 -7.04381e-15 -2.83489e-14
       0.512     0.213691     0.566483     0.454783 -4.14228e-15  1.11531e-13
       0.513     0.212984     0.567029     0.453932  1.84451e-14 -1.36886e-13
       0.514     0.212279     0.567575     0.453082 -3.58824e-14 -1.71198e-13
       0.515     0.211575      0.56812     0.452232  2.88531e-14  2.86096e-13
       0.516     0.210872     0.568666     0.451382  -2.1797e-14 -1.59281e-13
       0.517     0.210171     0.569212     0.450533  1.23906e-15 -5.72907e-15
       0.518     0.209471     0.569757     0.449685 -5.58637e-15  5.67743e-14
       0.519     0.208772     0.570303     0.448836  8.86191e-15  2.87413e-14
        0.52     0.208075     0.570849     0.447988 -1.57326e-14 -1.28786e-13
       0.521     0.207379     0.571394      0.44714 -2.02883e-15   1.6875e-13
       0.522     0.206684      0.57194     0.446293   3.9872e-14 -2.11602e-13
       0.523     0.205991     0.572485     0.445446 -5.31072e-14  6.95909e-14
       0.524     0.205299     0.573031       0.4446  2.43282e-14  3.95753e-14
       0.525     0.204608     0.573577     0.443754  1.38384e-14 -8.78673e-14
       0.526     0.203919     0.574122     0.442908 -2.55237e-14  8.38781e-14
       0.527      0.20323     0.574668     0.442062  1.57854e-15 -4.01525e-14
       0.528     0.202544     0.575213     0.441217  1.26523e-15  9.17734e-14
       0.529     0.201858     0.575759     0.440373  6.81355e-15 -3.35992e-14
        0.53     0.201174     0.576305     0.439528  4.92144e-15 -8.52342e-14
       0.531     0.200491      0.57685     0.438684  1.35199e-14  1.76516e-13
       0.532     0.199809     0.577396     0.437841 -6.85251e-15 -1.74984e-13
       0.533     0.199129     0.577942     0.436997  1.21345e-14   1.0578e-13
       0.534      0.19845     0.578487     0.436155  5.27893e-15  1.34892e-13
       0.535     0.197772     0.579033     0.435312 -2.61243e-14 -1.90184e-13
       0.536     0.197096     0.579579      0.43447  1.34885e-14  6.82707e-14
       0.537      0.19642     0.580125     0.433628 -2.70283e-14 -6.18366e-14
       0.538     0.195746     0.580671     0.432786  2.98199e-14 -7.80302e-14
       0.539     0.195074     0.581217     0.431945 -1.58266e-14   2.8974e-13
        0.54     0.194403     0.581762     0.431104  4.04507e-15 -3.01706e-13
       0.541     0.193732     0.582308     0.430264  1.26447e-14  -4.6897e-14
       0.542     0.193064     0.582854     0.429424 -9.25792e-15  8.17144e-14
       0.543     0.192396       0.5834     0.428584  1.65983e-14   1.1659e-13
       0.544      0.19173     0.583947     0.427744 -2.60862e-14  6.15804e-14
       0.545     0.191065     0.584493     0.426905  4.52478e-14 -6.92147e-14
       0.546     0.190401     0.585039     0.426066 -2.27488e-14  3.98605e-14
       0.547     0.189739     0.585585     0.425228 -8.03464e-15 -2.52983e-14
       0.548     0.189077     0.586131     0.424389  2.49713e-14 -1.06198e-13
       0.549     0.188417     0.586678     0.423552  -2.6994e-14  8.07894e-15
        0.55     0.187759     0.587224     0.422714   3.3477e-14  1.67978e-13
       0.551     0.187101     0.587771     0.421877  -5.4855e-14 -1.88721e-13
       0.552     0.186445     0.588317      0.42104  2.66521e-14  1.65401e-13
       0.553      0.18579     0.588864     0.420203   2.8859e-14 -1.56485e-14
       0.554     0.185136     0.589411     0.419367 -5.89913e-14  6.68498e-14
       0.555     0.184484     0.589957     0.418531  3.41304e-14 -1.53771e-13
       0.556     0.183833     0.590504     0.417695 -1.56799e-14   4.0595e-14
       0.557     0.183183     0.591051      0.41686  2.50688e-14  4.92223e-14
       0.558     0.182534     0.591598     0.416025           -0  1.83269e-14
       0.559     0.181887     0.592145      0.41519  1.24146e-14 -1.03141e-13
        0.56      0.18124     0.592693     0.414356   5.3787e-15  -5.4572e-15
       0.561     0.180595      0.59324     0.413521 -5.65843e-14            0
       0.562     0.179952     0.593787     0.412688  1.36669e-14  2.00541e-14
       0.563     0.179309     0.594335     0.411854  3.53314e-14 -6.30336e-14
       0.564     0.178668     0.594882     0.411021 -1.67679e-14  5.48795e-14
       0.565     0.178027      0.59543     0.410188  4.07271e-15   1.2239e-13
       0.566     0.177389     0.595978     0.409355  6.80083e-15 -2.16583e-13
       0.567     0.176751     0.596526     0.408523 -7.15453e-15 -2.15215e-14
       0.568     0.176114     0.597074      0.40769 -3.66944e-14  1.43308e-13
       0.569     0.175479     0.597622     0.406859 -7.86592e-15  3.45529e-14
        0.57     0.174845      0.59817     0.406027  7.21281e-14 -8.72198e-14
       0.571     0.174212     0.598719     0.405196 -2.84945e-14   6.5695e-14
       0.572     0.173581     0.599267     0.404365 -2.57973e-14  4.02176e-14
       0.573      0.17295     0.599816     0.403534  4.13548e-14  3.88521e-14
       0.574     0.172321     0.600365     0.402704  3.62548e-15 -1.01868e-13
       0.575     0.171693     0.600913     0.401873  -4.4281e-14 -5.87684e-14
       0.576     0.171066     0.601462     0.401044  3.44875e-14  1.75759e-13
       0.577     0.170441     0.602012     0.400214 -5.03546e-15 -1.85574e-13
       0.578     0.169816     0.602561     0.399385 -9.56833e-15 -1.25697e-13
       0.579     0.169193      0.60311     0.398555  1.96963e-14   3.8228e-13
        0.58     0.168571      0.60366     0.397727 -2.81167e-14 -2.29216e-13
       0.581      0.16795      0.60421     0.396898  8.22374e-15 -5.37148e-14
       0.582      0.16733     0.604759      0.39607 -1.38494e-14  3.99322e-14
       0.583     0.166712     0.605309     0.395242  3.05624e-14 -1.05186e-13
       0.584     0.166095      0.60586     0.394414 -2.42858e-14  1.20371e-13
       0.585     0.165479      0.60641     0.393586  2.39798e-14  6.18465e-14
       0.586     0.164864      0.60696     0.392759   1.0423e-14  7.38457e-14
       0.587      0.16425     0.607511     0.391932  1.59301e-15 -8.93538e-14
       0.588     0.163638     0.608062     0.391105 -3.08575e-14 -1.68739e-14
       0.589     0.163026     0.608613     0.390278  6.92965e-15   3.2613e-14
        0.59     0.162416     0.609164     0.389452  8.72325e-15 -1.63958e-13
       0.591     0.161807     0.609715     0.388626  6.42127e-15   1.0219e-13
       0.592     0.161199     0.610267       0.3878 -1.53693e-14 -4.98418e-14
       0.593     0.160592     0.610818     0.386975  2.04125e-14  1.00526e-13
       0.594     0.159987      0.61137     0.386149   -3.301e-14 -9.99606e-14
       0.595     0.159383     0.611922     0.385324   3.2175e-14  1.24596e-13
       0.596     0.158779     0.612474     0.384499 -3.89007e-14 -9.02786e-14
       0.597     0.158177     0.613027     0.383675  1.19093e-14  1.98291e-13
       0.598     0.157577     0.613579      0.38285  6.14693e-15 -1.88302e-13
       0.599     0.156977     0.614132     0.382026   8.6948e-15 -1.15202e-13
         0.6     0.156378     0.614685     0.381202  3.62984e-14  2.34754e-13
       0.601     0.155781     0.615238     0.380378 -3.34591e-14  6.65082e-14
       0.602     0.155185     0.615792     0.379555  6.19464e-15 -7.98094e-14
       0.603      0.15459     0.616345     0.378731   2.4644e-14 -2.52841e-14
       0.604     0.153996     0.616899     0.377908 -2.34114e-14 -7.24265e-14
       0.605     0.153403     0.617453     0.377085 -3.37191e-14  4.77796e-14
       0.606     0.152811     0.618008     0.376262  2.35023e-14  4.11819e-14
       0.607     0.152221     0.618562      0.37544  9.93426e-15  1.22764e-14
       0.608     0.151631     0.619117     0.374618  1.30871e-14 -1.65028e-14
       0.609     0.151043     0.619672     0.373796 -3.13961e-15 -7.12988e-14
        0.61     0.150456     0.620227     0.372974  -2.6646e-14  2.60854e-14
       0.611      0.14987     0.620782     0.372152  8.52847e-15   2.6873e-14
       0.612     0.149285     0.621338     0.371331 -2.04338e-14  1.41151e-13
       0.613     0.148702     0.621894     0.370509    3.313e-14 -2.59299e-13
       0.614     0.148119      0.62245     0.369688 -2.21918e-14  1.57484e-13
       0.615     0.147538     0.623006     0.368867  6.35287e-15  3.85298e-15
       0.616     0.146958     0.623563     0.368047 -1.12328e-15 -3.86113e-14
       0.617     0.146379     0.624119     0.367226 -2.06336e-15  9.40615e-14
       0.618     0.145801     0.624676     0.366406  3.64612e-14 -1.72227e-13
       0.619     0.145224     0.625234     0.365586  -1.7513e-14   1.5391e-13
        0.62     0.144648     0.625791     0.364766 -5.28302e-15 -6.42754e-14
       0.621     0.144073     0.626349     0.363946  1.38005e-14  -6.4131e-14
       0.622       0.1435     0.626907     0.363127 -6.62961e-15  1.37208e-13
       0.623     0.142927     0.627466     0.362307 -8.54047e-15 -2.23777e-14
       0.624     0.142356     0.628024     0.361488  3.30878e-14 -2.27211e-13
       0.625     0.141786     0.628583     0.360669 -8.19289e-15  6.89588e-14
       0.626     0.141217     0.629142      0.35985 -1.03089e-14  1.43488e-13
       0.627     0.140649     0.629702     0.359031 -2.62054e-14 -9.92999e-14
       0.628     0.140082     0.630262     0.358213  3.54563e-14  4.99434e-14
       0.629     0.139516     0.630822     0.357395 -3.78303e-14  3.00275e-14
        0.63     0.138952     0.631382     0.356576  1.03901e-14 -2.18456e-13
       0.631     0.138388     0.631943     0.355758  5.20526e-15  2.45744e-13
       0.632     0.137826     0.632503      0.35494  2.04757e-14  1.95047e-14
       0.633     0.137265     0.633065     0.354123  2.32256e-15 -5.11422e-14
       0.634     0.136705     0.633626     0.353305 -2.26896e-14  -1.5211e-13
       0.635     0.136146     0.634188     0.352488 -1.36017e-15 -3.77794e-14
       0.636     0.135588      0.63475     0.351671  2.12216e-14 -1.27769e-14
       0.637     0.135031     0.635313     0.350853  -2.0093e-14  3.22504e-13
       0.638     0.134475     0.635875     0.350036  2.56057e-14 -4.76907e-16
       0.639      0.13392     0.636438      0.34922 -6.85473e-15 -2.35359e-13
        0.64     0.133367     0.637002     0.348403  1.56989e-15  2.82435e-13
       0.641     0.132814     0.637565     0.347586   -6.292e-15 -2.77353e-13
       0.642     0.132263     0.638129      0.34677  1.49731e-14  1.87723e-13
       0.643     0.131712     0.638694     0.345954 -1.99379e-14 -2.48241e-14
       0.644     0.131163     0.639259     0.345138  1.34501e-14 -2.39818e-13
       0.645     0.130615     0.639824     0.344322  1.10986e-14  2.03286e-13
       0.646     0.130068     0.640389     0.343506 -1.96596e-14 -5.46011e-15
       0.647     0.129522     0.640955      0.34269 -3.97954e-16 -2.73913e-14
       0.648     0.128977     0.641521     0.341874  1.61492e-14 -5.10812e-14
       0.649     0.128433     0.642087     0.341059  -9.1894e-15  1.54892e-15
        0.65     0.127891     0.642654     0.340244  1.66139e-14  8.56049e-14
       0.651     0.127349     0.643221     0.339428 -1.04295e-14  9.64987e-14
       0.652     0.126808     0.643789     0.338613  -5.3859e-14 -2.38668e-13
       0.653     0.126269     0.644357     0.337798   3.5038e-14  7.68589e-14
       0.654      0.12573     0.644925     0.336983  -1.3115e-14   7.8816e-14
       0.655     0.125193     0.645494     0.336169  2.38565e-14 -1.19541e-13
       0.656     0.124657     0.646063     0.335354 -5.87476e-15   2.0454e-13
       0.657     0.124122     0.646632     0.334539  1.42088e-15 -1.41296e-13
       0.658     0.123587     0.647202     0.333725 -2.23729e-15 -3.53137e-14
       0.659     0.123054     0.647772     0.332911  1.32469e-14  1.00845e-13
        0.66     0.122522     0.648342     0.332096 -9.18933e-15 -1.32572e-13
       0.661     0.121991     0.648913     0.331282  1.43232e-14  5.91275e-14
       0.662     0.121462     0.649485     0.330468 -4.71567e-15  9.75532e-15
       0.663     0.120933     0.650057     0.329654 -5.13604e-15  -1.0944e-13
       0.664     0.120405     0.650629      0.32884  9.05764e-15  8.91575e-14
       0.665     0.119878     0.651201     0.328026 -1.38201e-14  1.40482e-13
       0.666     0.119353     0.651774     0.327213  -3.1003e-15 -1.80999e-13
       0.667     0.118828     0.652348     0.326399  8.49126e-15   1.2674e-13
       0.668     0.118305     0.652922     0.325585  1.32814e-14 -4.16978e-14
       0.669     0.117782     0.653496     0.324772  -2.1626e-14  1.21683e-13
        0.67     0.117261      0.65407     0.323959  2.18781e-14 -1.63751e-13
       0.671     0.116741     0.654646     0.323145 -2.35927e-14  1.69504e-13
       0.672     0.116221     0.655221     0.322332  9.41439e-15 -1.21501e-14
       0.673     0.115703     0.655797     0.321519 -1.11106e-14 -1.47478e-13
       0.674     0.115186     0.656374     0.320706  2.14261e-14   2.1556e-14
       0.675      0.11467      0.65695     0.319893 -1.34711e-14  6.53756e-14
       0.676     0.114155     0.657528      0.31908 -9.28026e-15 -5.83987e-14
       0.677     0.113641     0.658106     0.318267  6.34034e-16  2.90527e-14
       0.678     0.113128     0.658684     0.317454 -7.20037e-15 -5.89662e-14
       0.679     0.112616     0.659263     0.316641  3.28922e-14 -6.80185e-14
        0.68     0.112105     0.659842     0.315828 -8.50566e-15  1.73554e-13
       0.681     0.111595     0.660422     0.315016  1.42761e-14 -1.83265e-13
       0.682     0.111086     0.661002     0.314203 -3.58701e-14   1.1701e-14
       0.683     0.110578     0.661582      0.31339   2.1609e-14  2.24875e-14
       0.684     0.110071     0.662164     0.312578  1.28633e-15  7.04107e-14
       0.685     0.109566     0.662745     0.311765  -1.8905e-14 -9.35897e-14
       0.686     0.109061     0.663327     0.310953  2.08813e-14 -1.83585e-14
       0.687     0.108557      0.66391      0.31014 -1.16485e-14  1.07328e-13
       0.688     0.108055     0.664493     0.309328  1.10241e-14  -2.9501e-14
       0.689     0.107553     0.665077     0.308515 -3.89886e-15  1.44316e-14
        0.69     0.107053     0.665661     0.307703 -4.12396e-15 -3.28397e-14
       0.691     0.106553     0.666246     0.306891  1.95749e-14 -3.76311e-14
       0.692     0.106055     0.666831     0.306078 -1.52564e-14  2.29081e-13
       0.693     0.105557     0.667417     0.305266 -1.28856e-14 -2.95989e-13
       0.694     0.105061     0.668003     0.304454  3.54541e-14  1.82375e-13
       0.695     0.104565      0.66859     0.303642 -2.58781e-14 -1.49206e-13
       0.696     0.104071     0.669177     0.302829  2.48331e-14  1.42068e-13
       0.697     0.103578     0.669765     0.302017 -1.93792e-14  6.74832e-14
       0.698     0.103085     0.670353     0.301205 -1.03718e-14  -2.1873e-13
       0.699     0.102594     0.670942     0.300393  9.73002e-15  3.95627e-14
         0.7     0.102104     0.671532      0.29958 -1.30743e-14  7.86394e-14
       0.701     0.101614     0.672122     0.298768  1.29906e-14 -3.54139e-14
       0.702     0.101126     0.672713     0.297956  1.11262e-16  5.45326e-14
       0.703     0.100639     0.673304     0.297144 -4.45981e-16 -1.13221e-13
       0.704     0.100153     0.673896     0.296331  1.63124e-14   1.6459e-13
       0.705    0.0996675     0.674488     0.295519  2.23927e-16 -4.36182e-14
       0.706    0.0991833     0.675081     0.294707  7.85389e-15 -4.91196e-14
       0.707    0.0987002     0.675675     0.293894 -2.67594e-14 -6.58017e-14
       0.708     0.098218     0.676269     0.293082  4.50684e-15  1.66778e-13
       0.709    0.0977369     0.676864      0.29227  1.08392e-14 -2.45691e-13
        0.71    0.0972568     0.677459     0.291457 -2.33082e-14  2.46596e-13
       0.711    0.0967776     0.678055     0.290645  1.09984e-14  2.77192e-15
       0.712    0.0962995     0.678652     0.289833  8.52192e-15  4.50165e-14
       0.713    0.0958224     0.679249      0.28902 -3.07439e-15 -1.15507e-13
       0.714    0.0953464     0.679847     0.288208  -4.5643e-16 -9.76434e-14
       0.715    0.0948713     0.680446     0.287395  6.40359e-15  2.07397e-13
       0.716    0.0943972     0.681045     0.286582  1.08863e-14 -6.41646e-14
       0.717    0.0939241     0.681645      0.28577 -1.06798e-14   5.2432e-14
       0.718    0.0934521     0.682245     0.284957 -1.95638e-15 -5.97889e-14
       0.719     0.092981     0.682846     0.284144   8.9955e-15  1.29302e-13
        0.72     0.092511     0.683448     0.283332 -2.02253e-14 -2.51173e-13
       0.721    0.0920419     0.684051     0.282519  2.46698e-14  1.70903e-13
       0.722    0.0915739     0.684654     0.281706 -2.11245e-14 -1.76041e-13
       0.723    0.0911068     0.685258     0.280893  2.79162e-14  1.44661e-13
       0.724    0.0906408     0.685862      0.28008 -2.31969e-14   6.3599e-15
       0.725    0.0901757     0.686468     0.279267   1.9859e-15 -1.62468e-13
       0.726    0.0897116     0.687073     0.278453 -7.02417e-16  1.70341e-13
       0.727    0.0892486      0.68768      0.27764  3.16769e-15 -8.90196e-14
       0.728    0.0887865     0.688287     0.276827 -4.82058e-15  1.67209e-14
       0.729    0.0883254     0.688895     0.276013  3.75875e-14 -9.84007e-14
        0.73    0.0878654     0.689504       0.2752 -3.48349e-14 -1.11234e-14
       0.731    0.0874063     0.690114     0.274386 -1.33725e-14  1.41684e-13
       0.732    0.0869482     0.690724     0.273572  1.79082e-14 -6.97002e-14
       0.733    0.0864911     0.691335     0.272758   7.1313e-16  7.11032e-14
       0.734     0.086035     0.691947     0.271945   9.5291e-16   3.7051e-14
       0.735    0.0855799     0.692559     0.271131 -6.56554e-15  -1.2929e-14
       0.736    0.0851258     0.693172     0.270316  8.97255e-15 -2.57805e-14
       0.737    0.0846726     0.693786     0.269502 -9.35185e-15  5.31191e-14
       0.738    0.0842205     0.694401     0.268688  1.65818e-14 -7.56551e-14
       0.739    0.0837693     0.695017     0.267873 -7.82739e-15  4.14842e-14
        0.74    0.0833192     0.695633     0.267059 -2.13614e-14 -4.28135e-14
       0.741      0.08287      0.69625     0.266244  2.74559e-14   2.2611e-14
       0.742    0.0824218     0.696868     0.265429  3.51531e-15 -8.98057e-14
       0.743    0.0819746     0.697487     0.264614  -6.4387e-15  1.13204e-13
       0.744    0.0815283     0.698106     0.263799 -5.35714e-15 -6.86478e-14
       0.745    0.0810831     0.698727     0.262984  5.49102e-15  1.46665e-13
       0.746    0.0806388     0.699348     0.262168  1.33299e-14  -5.9889e-14
       0.747    0.0801956      0.69997     0.261353 -1.58108e-14 -4.78334e-14
       0.748    0.0797533     0.700593     0.260537  2.21106e-15 -7.95129e-14
       0.749    0.0793119     0.701216     0.259721  -8.6177e-16  2.38735e-13
        0.75    0.0788716     0.701841     0.258905  1.32021e-14 -1.00297e-13
       0.751    0.0784322     0.702466     0.258089 -1.96619e-14 -4.55951e-14
       0.752    0.0779939     0.703092     0.257273  2.30522e-14 -7.55957e-14
       0.753    0.0775565      0.70372     0.256456  -1.9129e-14  1.38133e-13
       0.754      0.07712     0.704348      0.25564  1.80515e-14 -6.38542e-14
       0.755    0.0766846     0.704976     0.254823 -4.24227e-15  1.78336e-13
       0.756    0.0762501     0.705606     0.254006 -1.61319e-14 -2.58168e-13
       0.757    0.0758166     0.706237     0.253188  2.11817e-14  1.40972e-13
       0.758    0.0753841     0.706869     0.252371 -1.06776e-14 -1.62981e-13
       0.759    0.0749526     0.707501     0.251553  1.62414e-14 -7.84848e-14
        0.76     0.074522     0.708135     0.250736 -2.10734e-14  1.51677e-13
       0.761    0.0740924     0.708769     0.249918  1.39122e-15  1.82735e-14
       0.762    0.0736638     0.709404     0.249099   4.3099e-15  1.38243e-13
       0.763    0.0732361     0.710041     0.248281   2.0074e-14 -8.81757e-14
       0.764    0.0728094     0.710678     0.247462 -2.16478e-14 -2.22522e-14
       0.765    0.0723837     0.711316     0.246643  5.48814e-15 -2.22906e-14
       0.766     0.071959     0.711955     0.245824  2.59685e-14  8.46239e-14
       0.767    0.0715352     0.712596     0.245005 -1.84632e-14 -2.09853e-13
       0.768    0.0711124     0.713237     0.244186  1.16945e-14  8.07328e-14
       0.769    0.0706906     0.713879     0.243366 -1.03046e-15  1.14945e-14
        0.77    0.0702697     0.714522     0.242546  2.45298e-15  8.01907e-14
       0.771    0.0698498     0.715167     0.241726  -5.6937e-15  1.99799e-14
       0.772    0.0694309     0.715812     0.240905 -1.30999e-14  2.10061e-14
       0.773    0.0690129     0.716458     0.240084  2.84705e-14 -2.00623e-13
       0.774    0.0685959     0.717105     0.239263 -1.30304e-15   9.5622e-14
       0.775    0.0681799     0.717754     0.238442  -3.5264e-15  2.66389e-14
       0.776    0.0677648     0.718403      0.23762 -3.05025e-14 -3.32379e-14
       0.777    0.0673508     0.719054     0.236799  1.37779e-14 -1.05391e-14
       0.778    0.0669376     0.719706     0.235977  1.31525e-16  8.33772e-14
       0.779    0.0665255     0.720358     0.235154  1.51608e-14  -7.5611e-14
        0.78    0.0661142     0.721012     0.234332 -3.15821e-14  8.15189e-14
       0.781     0.065704     0.721667     0.233509  1.00665e-14 -1.50376e-13
       0.782    0.0652947     0.722323     0.232685 -1.63302e-14  2.17688e-14
       0.783    0.0648864      0.72298     0.231862  3.28707e-14  8.29763e-14
       0.784    0.0644791     0.723639     0.231038  1.20055e-15 -5.12038e-14
       0.785    0.0640727     0.724298     0.230214 -3.30266e-14 -6.75402e-14
       0.786    0.0636673     0.724959     0.229389  4.10128e-14  9.20925e-14
       0.787    0.0632628     0.725621     0.228564 -2.61979e-14  9.07233e-14
       0.788    0.0628593     0.726284     0.227739  1.05042e-14 -9.01889e-14
       0.789    0.0624567     0.726948     0.226914 -1.05293e-14 -4.26639e-14
        0.79    0.0620552     0.727613     0.226088 -3.65348e-15  9.75439e-14
       0.791    0.0616545      0.72828     0.225262  1.19362e-14 -1.39131e-13
       0.792    0.0612549     0.728948     0.224435  2.31141e-15  9.15306e-14
       0.793    0.0608562     0.729617     0.223608  8.85906e-15  1.44813e-13
       0.794    0.0604584     0.730287     0.222781 -5.05504e-15 -5.94915e-14
       0.795    0.0600616     0.730959     0.221954  2.73907e-16  4.03201e-16
       0.796    0.0596658     0.731632     0.221126    8.649e-15 -1.59072e-13
       0.797    0.0592709     0.732306     0.220297 -2.07806e-14  4.00192e-16
       0.798     0.058877     0.732982     0.219469  1.08984e-14  1.55488e-13
       0.799    0.0584841     0.733659     0.218639 -1.02336e-14 -6.47404e-14
         0.8    0.0580921     0.734337      0.21781 -1.24767e-15  7.77498e-14
       0.801     0.057701     0.735016      0.21698  6.94853e-15 -2.75916e-14
       0.802    0.0573109     0.735697      0.21615  3.20418e-15 -3.88731e-14
       0.803    0.0569218     0.736379     0.215319  9.35692e-15 -1.13824e-13
       0.804    0.0565336     0.737063     0.214488 -7.14002e-15  9.54614e-14
       0.805    0.0561464     0.737748     0.213656  6.45596e-15   3.3379e-14
       0.806    0.0557602     0.738434     0.212824  -2.9546e-15 -1.21784e-14
       0.807    0.0553749     0.739122     0.211992 -3.66717e-15    9.281e-14
       0.808    0.0549905     0.739811     0.211159 -4.66609e-15 -9.66649e-14
       0.809    0.0546071     0.740502     0.210325  -1.4175e-16 -7.03021e-14
        0.81    0.0542247     0.741194     0.209492   8.2421e-15 -2.09309e-15
       0.811    0.0538432     0.741887     0.208657 -9.40248e-15  3.10818e-14
       0.812    0.0534627     0.742582     0.207823   6.2841e-15  5.85172e-14
       0.813    0.0530831     0.743279     0.206987  1.46044e-14 -8.36628e-14
       0.814    0.0527045     0.743977     0.206152 -2.87085e-15  3.65132e-14
       0.815    0.0523269     0.744677     0.205315 -1.00735e-15 -1.01449e-13
       0.816    0.0519502     0.745378     0.204479 -8.65634e-16  2.25288e-13
       0.817    0.0515744      0.74608     0.203641 -4.04992e-15 -1.07836e-13
       0.818    0.0511996     0.746785     0.202804 -6.67043e-15  1.07576e-13
       0.819    0.0508258     0.747491     0.201965  2.03533e-14  2.21968e-14
        0.82    0.0504529     0.748198     0.201126 -1.44296e-14 -5.51702e-14
       0.821     0.050081     0.748907     0.200287  1.37361e-14 -8.96868e-14
       0.822      0.04971     0.749618     0.199447 -2.12434e-14  5.19922e-14
       0.823      0.04934      0.75033     0.198607  4.55343e-15  1.08237e-15
       0.824    0.0489709     0.751044     0.197766  6.18517e-15 -4.49076e-15
       0.825    0.0486028      0.75176     0.196924  1.32884e-15 -4.04237e-14
       0.826    0.0482356     0.752477     0.196082  1.61357e-14 -5.53894e-14
       0.827    0.0478694     0.753197     0.195239 -2.79031e-14  6.65008e-14
       0.828    0.0475042     0.753917     0.194396  1.93453e-15 -6.83323e-14
       0.829    0.0471399      0.75464     0.193552  9.99648e-15  1.34665e-13
        0.83    0.0467766     0.755364     0.192707 -7.33013e-15 -1.64883e-13
       0.831    0.0464142     0.756091     0.191862  2.84981e-15  2.36133e-13
       0.832    0.0460528     0.756819     0.191016  9.32403e-15 -2.19997e-13
       0.833    0.0456923     0.757549     0.190169  6.33306e-15  1.36112e-13
       0.834    0.0453328      0.75828     0.189322 -1.14904e-14 -1.76776e-13
       0.835    0.0449742     0.759014     0.188474 -6.36692e-15  1.65542e-13
       0.836    0.0446166     0.759749     0.187626  7.14399e-15 -4.77177e-15
       0.837      0.04426     0.760487     0.186777 -3.81021e-15  7.82082e-14
       0.838    0.0439043     0.761226     0.185927  1.06974e-14  5.06631e-15
       0.839    0.0435495     0.761967     0.185076 -1.76218e-14 -1.46587e-13
        0.84    0.0431958     0.762711     0.184225  1.30601e-14  6.96098e-14
       0.841    0.0428429     0.763456     0.183373 -3.85166e-15 -1.98203e-14
       0.842    0.0424911     0.764203      0.18252  4.78909e-15  -2.6691e-14
       0.843    0.0421402     0.764953     0.181667   1.5336e-14   6.5178e-14
       0.844    0.0417902     0.765704     0.180812  2.33002e-15  6.43788e-14
       0.845    0.0414412     0.766457     0.179957  -2.4922e-14 -1.45638e-13
       0.846    0.0410932     0.767213     0.179101  1.64003e-14  1.74065e-14
       0.847    0.0407461     0.767971     0.178245  8.77104e-15  1.52186e-14
       0.848       0.0404     0.768731     0.177388 -7.38187e-15  6.00981e-14
       0.849    0.0400549     0.769493     0.176529  6.61496e-15 -9.54032e-14
        0.85    0.0397107     0.770257      0.17567 -2.71656e-14  3.28696e-14
       0.851    0.0393675     0.771024     0.174811  1.55215e-14  4.39821e-14
       0.852    0.0390252     0.771792      0.17395 -3.01775e-15 -1.19763e-13
       0.853    0.0386839     0.772563     0.173088 -1.75205e-15  1.18541e-13
       0.854    0.0383435     0.773337     0.172226  1.59729e-15  6.16345e-14
       0.855    0.0380041     0.774112     0.171363  2.40275e-15 -5.91464e-15
       0.856    0.0376657     0.774891     0.170498 -7.22883e-15 -1.21878e-13
       0.857    0.0373282     0.775671     0.169633  1.11159e-14  2.61932e-15
       0.858    0.0369917     0.776454     0.168767 -1.17941e-14  -3.0505e-14
       0.859    0.0366562     0.777239       0.1679  2.18739e-14  1.43964e-13
        0.86    0.0363216     0.778027     0.167032 -2.30747e-14 -1.17124e-13
       0.861     0.035988     0.778817     0.166164   1.6297e-14  1.69188e-13
       0.862    0.0356554      0.77961     0.165294  3.43234e-15 -9.02318e-14
       0.863    0.0353237     0.780406     0.164423 -1.29499e-14 -1.49495e-13
       0.864     0.034993     0.781204     0.163551   4.4389e-15  1.88366e-13
       0.865    0.0346633     0.782005     0.162678  8.73906e-15  -7.0925e-14
       0.866    0.0343345     0.782808     0.161804 -1.48838e-14  8.08317e-14
       0.867    0.0340067     0.783614     0.160929  1.99039e-15 -1.62251e-13
       0.868    0.0336799     0.784423     0.160053  6.65441e-16  1.26768e-13
       0.869     0.033354     0.785235     0.159176  8.84345e-15  9.68683e-14
        0.87    0.0330291     0.786049     0.158298  3.34717e-15 -3.19196e-14
       0.871    0.0327052     0.786866     0.157419 -1.86327e-14 -1.18104e-13
       0.872    0.0323823     0.787687     0.156538  2.25616e-14  9.65426e-14
       0.873    0.0320603      0.78851     0.155657 -3.71539e-15 -1.49866e-13
       0.874    0.0317393     0.789336     0.154774 -5.08188e-16  1.54498e-13
       0.875    0.0314193     0.790165      0.15389 -3.90803e-15 -4.41698e-14
       0.876    0.0311002     0.790997     0.153005  6.13572e-15 -6.42059e-14
       0.877    0.0307822     0.791832     0.152118 -5.29984e-15  8.70463e-15
       0.878    0.0304651     0.792671      0.15123  1.02895e-14  3.37912e-14
       0.879     0.030149     0.793512     0.150342 -1.29019e-14  4.09665e-14
        0.88    0.0298339     0.794357     0.149451  9.49096e-15 -8.42986e-14
       0.881    0.0295197     0.795205      0.14856 -8.30901e-15 -7.31357e-14
       0.882    0.0292065     0.796056     0.147667  7.11964e-15   1.3654e-13
       0.883    0.0288944     0.796911     0.146773 -4.18078e-15  4.85261e-14
       0.884    0.0285832     0.797769     0.145877   9.9609e-15 -2.10145e-13
       0.885     0.028273      0.79863      0.14498  -6.6618e-15  1.26418e-13
       0.886    0.0279637     0.799495     0.144082  -5.1003e-15 -6.34716e-14
       0.887    0.0276555     0.800364     0.143182  7.05755e-16  8.46639e-14
       0.888    0.0273482     0.801236     0.142281  7.96543e-15 -3.33422e-14
       0.889     0.027042     0.802112     0.141378 -1.06551e-15 -1.88768e-14
        0.89    0.0267367     0.802991     0.140474  1.10462e-14  7.45137e-14
       0.891    0.0264325     0.803875     0.139568 -1.35849e-14 -1.13839e-13
       0.892    0.0261292     0.804762      0.13866 -1.07603e-15  1.92948e-13
       0.893    0.0258269     0.805653     0.137751   4.4983e-15 -1.27247e-13
       0.894    0.0255256     0.806548     0.136841  5.77698e-15  4.72311e-15
       0.895    0.0252253     0.807447     0.135929  5.07175e-15  4.64224e-14
       0.896    0.0249261      0.80835     0.135015 -2.72614e-15 -3.65449e-14
       0.897    0.0246278     0.809257     0.134099 -5.47069e-16 -7.40557e-14
       0.898    0.0243305     0.810168     0.133182 -1.82975e-15  5.75812e-14
       0.899    0.0240342     0.811084     0.132263 -1.83599e-16  4.13261e-14
         0.9     0.023739     0.812004     0.131342 -5.52686e-16  5.84559e-15
       0.901    0.0234447     0.812928     0.130419 -2.77295e-15 -1.00217e-13
       0.902    0.0231515     0.813857     0.129495  9.27521e-16 -3.99908e-15
       0.903    0.0228592      0.81479     0.128568 -6.32911e-15   1.0767e-13
       0.904     0.022568     0.815728      0.12764   8.7797e-15 -3.47806e-16
       0.905    0.0222778     0.816671      0.12671   9.7479e-15 -7.25068e-15
       0.906    0.0219886     0.817619     0.125777 -9.97054e-15 -1.07275e-13
       0.907    0.0217005     0.818571     0.124843  3.77586e-16 -1.30404e-14
       0.908    0.0214133     0.819528     0.123907  1.13681e-15  1.17384e-13
       0.909    0.0211272     0.820491     0.122968  9.88785e-15  -1.3403e-15
        0.91    0.0208421     0.821458     0.122027 -7.44274e-15  6.36206e-14
       0.911    0.0205581     0.822431     0.121085 -1.34074e-15 -6.59886e-14
       0.912     0.020275     0.823409     0.120139  4.61368e-15 -2.20428e-14
       0.913     0.019993     0.824393     0.119192  -5.9813e-15  7.49174e-14
       0.914    0.0197121     0.825382     0.118243  8.52106e-15  -1.7055e-13
       0.915    0.0194322     0.826377      0.11729           -0   1.0206e-13
       0.916    0.0191533     0.827377     0.116336 -5.26805e-15  1.24688e-14
       0.917    0.0188754     0.828383     0.115379   2.3502e-15 -1.11925e-13
       0.918    0.0185986     0.829396      0.11442 -9.23995e-15  1.06422e-13
       0.919    0.0183229     0.830414     0.113458  1.34196e-14 -9.27483e-14
        0.92    0.0180482     0.831439     0.112493  2.57539e-15  3.06533e-14
       0.921    0.0177746     0.832469     0.111526 -6.76177e-15  9.17769e-14
       0.922     0.017502     0.833507     0.110556  1.99652e-16 -4.98073e-14
       0.923    0.0172305     0.834551     0.109583  9.22008e-15 -2.76706e-14
       0.924      0.01696     0.835601     0.108608 -1.10676e-14   5.7808e-14
       0.925    0.0166906     0.836659     0.107629  2.82845e-15  6.25662e-15
       0.926    0.0164223     0.837724     0.106648   1.0345e-14 -2.57669e-14
       0.927     0.016155     0.838795     0.105663 -1.34418e-14  2.34177e-14
       0.928    0.0158889     0.839875     0.104676  2.24942e-15 -3.49883e-14
       0.929    0.0156238     0.840961     0.103685  4.51729e-15  3.76709e-15
        0.93    0.0153597     0.842056     0.102691           -0   3.2646e-14
       0.931    0.0150968     0.843158     0.101694  3.51967e-15 -6.70595e-14
       0.932     0.014835     0.844268     0.100693  3.11863e-15  1.06459e-13
       0.933    0.0145742     0.845386     0.099689 -3.54941e-15 -1.31656e-13
       0.934    0.0143146     0.846513    0.0986813  -1.0484e-15  7.95933e-14
       0.935    0.0140561     0.847649    0.0976699  2.94814e-15 -1.73878e-14
       0.936    0.0137986     0.848793    0.0966548 -5.71035e-15  2.96735e-14
       0.937    0.0135423     0.849946    0.0956359  4.67323e-15  2.50174e-14
       0.938    0.0132871     0.851109     0.094613 -8.53425e-16  1.85624e-14
       0.939     0.013033     0.852281    0.0935861  -3.8575e-15 -1.88709e-14
        0.94    0.0127801     0.853463     0.092555  1.07634e-14  1.54684e-14
       0.941    0.0125282     0.854655    0.0915198  -3.0274e-15 -8.96113e-14
       0.942    0.0122776     0.855858    0.0904801 -2.38955e-15  8.23474e-14
       0.943     0.012028     0.857071     0.089436  3.92821e-15 -3.88302e-14
       0.944    0.0117796     0.858295    0.0883873 -8.77003e-16 -4.33523e-15
       0.945    0.0115323      0.85953    0.0873339 -6.60847e-16 -1.22161e-14
       0.946    0.0112863     0.860776    0.0862755 -5.53322e-15 -2.68005e-14
       0.947    0.0110413     0.862035    0.0852122 -5.55977e-16  3.48292e-14
       0.948    0.0107976     0.863306    0.0841438  4.91632e-15 -6.00722e-14
       0.949     0.010555     0.864589      0.08307  4.49128e-16  7.24343e-14
        0.95    0.0103136     0.865886    0.0819907 -3.72366e-15  3.41082e-14
       0.951    0.0100734     0.867196    0.0809059  1.28146e-14 -3.73313e-14
       0.952   0.00983435     0.868519    0.0798152 -9.23216e-15  3.87129e-14
       0.953   0.00959654     0.869857    0.0787185 -1.14561e-15  -1.9305e-14
       0.954   0.00935994      0.87121    0.0776155  7.13958e-15  -3.7928e-14
       0.955   0.00912456     0.872579    0.0765062 -2.54668e-15 -2.77962e-16
       0.956   0.00889041     0.873963    0.0753903  8.14609e-16  4.64274e-14
       0.957   0.00865749     0.875363    0.0742675  3.86094e-15 -7.00204e-14
       0.958   0.00842582     0.876781    0.0731376 -1.64689e-15  3.78655e-14
       0.959   0.00819541     0.878216    0.0720003  3.54851e-16  5.75501e-15
        0.96   0.00796625      0.87967    0.0708554 -9.51559e-16  5.53478e-15
       0.961   0.00773837     0.881143    0.0697025  3.58857e-15 -3.81131e-14
       0.962   0.00751178     0.882636    0.0685415 -1.44368e-15  8.46683e-14
       0.963   0.00728648     0.884149    0.0673718  2.42016e-15 -4.63849e-14
       0.964   0.00706248     0.885685    0.0661933 -2.79966e-15 -3.96814e-14
       0.965   0.00683981     0.887242    0.0650054   3.0614e-15 -4.36928e-15
       0.966   0.00661846     0.888824    0.0638079 -1.23204e-15  5.14655e-14
       0.967   0.00639846      0.89043    0.0626003  1.23968e-16 -1.09171e-14
       0.968   0.00617981     0.892062     0.061382  1.99601e-15  3.07758e-14
       0.969   0.00596254     0.893722    0.0601528 -4.77096e-15  -6.0756e-14
        0.97   0.00574665     0.895409    0.0589119  1.89559e-15 -1.49827e-15
       0.971   0.00553217     0.897128    0.0576588    1.781e-15  2.68142e-14
       0.972    0.0053191     0.898877    0.0563929  2.56155e-16 -2.04887e-16
       0.973   0.00510747     0.900661    0.0551136 -2.96618e-15 -4.94589e-14
       0.974    0.0048973      0.90248      0.05382  4.28591e-15  8.01708e-14
       0.975    0.0046886     0.904337    0.0525114  6.54069e-16 -2.78545e-14
       0.976   0.00448139     0.906234    0.0511868 -1.44958e-15  3.70084e-14
       0.977   0.00427571     0.908174    0.0498454  3.98327e-16 -4.81721e-14
       0.978   0.00407157     0.910159     0.048486 -1.33804e-16 -8.45564e-15
       0.979   0.00386899     0.912194    0.0471074   1.6184e-15  4.87779e-14
        0.98   0.00366802     0.914281    0.0457083  -1.2237e-15 -3.55384e-14
       0.981   0.00346867     0.916426    0.0442871   2.0566e-15  1.43204e-14
       0.982   0.00327097     0.918632    0.0428423  5.53163e-16  7.00445e-15
       0.983   0.00307497     0.920906    0.0413718  8.37137e-16  -2.5553e-14
       0.984    0.0028807     0.923253    0.0398735 -4.22423e-16   1.9847e-14
       0.985    0.0026882     0.925682    0.0383449  5.68601e-16 -3.39928e-14
       0.986   0.00249753     0.928199    0.0367831 -8.61345e-16  3.99584e-14
       0.987   0.00230872     0.930817    0.0351845   4.3511e-16 -3.20859e-14
       0.988   0.00212183     0.933547    0.0335452  8.79583e-16 -7.31259e-15
       0.989   0.00193694     0.936404    0.0318604  1.03775e-15  2.96333e-14
        0.99    0.0017541     0.939407     0.030124 -7.50046e-16            0
       0.991   0.00157341      0.94258    0.0283288  1.36703e-15  1.68795e-14
       0.992   0.00139497     0.945952    0.0264654 -1.53923e-16 -2.30769e-14
       0.993   0.00121887     0.949565    0.0245218  9.36781e-16            0
       0.994   0.00104527     0.953474     0.022482  -6.3423e-16 -1.97669e-14
       0.995  0.000874317     0.957762    0.0203235  6.45067e-16  3.82488e-14
       0.996  0.000706241     0.962554    0.0180133  3.28707e-16 -5.10479e-15
       0.997  0.000541322     0.968064    0.0154993  5.03941e-16 -2.33132e-14
       0.998  0.000379963      0.97471    0.0126891  5.17404e-16    9.036e-15
       0.999  0.000222804     0.983555   0.00938432  1.78635e-16 -3.46406e-14
           1  7.10694e-05            1   0.00491948 -3.38482e-13 -7.98272e-09