       0.001            1    0.0580598      1.21979 -6.93948e-15  1.38492e-16
       0.002     0.983501    0.0732694      1.20801 -6.00006e-16  1.09724e-15
       0.003     0.974828    0.0839662      1.20178  3.44954e-15 -6.82237e-16
       0.004     0.967285    0.0925033      1.19635  9.27332e-15 -1.08664e-15
       0.005     0.960457    0.0997298      1.19142 -7.13963e-15  -1.3527e-16
       0.006     0.954139     0.106061      1.18684   1.0684e-14  2.82977e-15
       0.007     0.948213     0.111734      1.18253 -6.79894e-15 -9.39833e-16
       0.008       0.9426       0.1169      1.17845 -1.31221e-14 -8.02786e-16
       0.009     0.937246     0.121662      1.17454  5.57482e-15  4.00061e-16
        0.01     0.932111     0.126091      1.17078 -7.71839e-15  4.25367e-15
       0.011     0.927167     0.130241      1.16715  8.35022e-15  6.62577e-16
       0.012     0.922389     0.134154      1.16364  1.53599e-14 -1.32117e-15
       0.013     0.917758     0.137861      1.16023 -9.83423e-15  5.26917e-16
       0.014      0.91326     0.141389      1.15691 -6.93348e-15 -1.31352e-15
       0.015     0.908882     0.144759      1.15367  2.90516e-14 -2.61969e-16
       0.016     0.904612     0.147987      1.15051  7.90502e-15 -3.26563e-15
       0.017     0.900443     0.151089      1.14741 -2.80798e-14  7.81643e-15
       0.018     0.896365     0.154075      1.14438  1.30363e-14 -7.14611e-15
       0.019     0.892373     0.156958       1.1414   3.9902e-15  1.81428e-15
        0.02     0.888461     0.159745      1.13848 -6.77872e-16  1.03408e-15
       0.021     0.884622     0.162446      1.13561 -3.27921e-14  2.70761e-15
       0.022     0.880853     0.165065      1.13278  4.32055e-14  2.44365e-15
       0.023     0.877149      0.16761         1.13 -4.45308e-14 -1.15467e-14
       0.024     0.873507     0.170086      1.12726  5.08195e-15  9.72695e-15
       0.025     0.869923     0.172498      1.12456  2.23657e-14  5.49022e-15
       0.026     0.866393      0.17485       1.1219           -0 -1.13366e-14
       0.027     0.862917     0.177145      1.11927 -1.88561e-14 -3.30405e-15
       0.028      0.85949     0.179388      1.11667  1.89926e-14  6.21242e-15
       0.029      0.85611      0.18158      1.11411 -1.20968e-14  1.39142e-15
        0.03     0.852776     0.183726      1.11158   1.0543e-14  8.45576e-15
       0.031     0.849485     0.185828      1.10907    2.883e-14 -1.35995e-14
       0.032     0.846236     0.187887       1.1066 -8.24291e-15  8.04096e-15
       0.033     0.843027     0.189907      1.10415 -4.10283e-15 -1.26615e-14
       0.034     0.839856     0.191889      1.10172 -3.18245e-14  1.17581e-14
       0.035     0.836722     0.193835      1.09932 -8.25707e-15 -3.24516e-15
       0.036     0.833623     0.195747      1.09694  2.98588e-14  2.86451e-15
       0.037     0.830558     0.197626      1.09459  3.57626e-15 -1.30491e-14
       0.038     0.827526     0.199474      1.09226 -5.92735e-15  3.34832e-15
       0.039     0.824527     0.201293      1.08995 -8.76416e-16 -5.32123e-15
        0.04     0.821558     0.203082      1.08765  8.70549e-15  6.05098e-15
       0.041     0.818618     0.204845      1.08538 -5.51353e-15  7.27066e-15
       0.042     0.815708     0.206581      1.08313   4.2129e-15  4.91903e-15
       0.043     0.812826     0.208292       1.0809 -1.41259e-14  1.59539e-15
       0.044     0.809971     0.209978      1.07868 -1.79368e-14  -1.4329e-14
       0.045     0.807142     0.211642      1.07648  2.61453e-14  3.17774e-15
       0.046     0.804338     0.213283       1.0743  2.80964e-15 -3.41524e-15
       0.047      0.80156     0.214902      1.07213 -2.20448e-14  1.32682e-14
       0.048     0.798806     0.216501      1.06998   1.5088e-14  6.80304e-15
       0.049     0.796075     0.218079      1.06785 -3.25138e-14  -1.9641e-14
        0.05     0.793368     0.219638      1.06573  7.05754e-14  2.28689e-14
       0.051     0.790682     0.221178      1.06362 -4.10309e-14   -1.111e-14
       0.052     0.788019       0.2227      1.06153 -1.96957e-15  -3.1336e-15
       0.053     0.785376     0.224204      1.05945  3.87104e-14 -7.33752e-15
       0.054     0.782755     0.225691      1.05739 -3.31767e-14  1.92085e-15
       0.055     0.780154     0.227162      1.05534  1.47835e-14  5.15226e-15
       0.056     0.777572     0.228617       1.0533 -1.13405e-14  6.09902e-15
       0.057      0.77501     0.230056      1.05127  1.60288e-14 -1.19359e-16
       0.058     0.772467      0.23148      1.04926  -2.4391e-14 -1.72738e-14
       0.059     0.769942      0.23289      1.04726  -2.4221e-15 -2.37805e-16
        0.06     0.767435     0.234285      1.04526  8.53762e-15  1.18677e-14
       0.061     0.764946     0.235667      1.04329  3.49163e-14 -1.83601e-14
       0.062     0.762474     0.237035      1.04132  1.59005e-15  1.02859e-14
       0.063      0.76002      0.23839      1.03936 -3.73543e-14 -2.36013e-15
       0.064     0.757581     0.239732      1.03741    3.098e-14  8.71612e-15
       0.065      0.75516     0.241062      1.03548 -3.67741e-14  4.58506e-15
       0.066     0.752754     0.242379      1.03355 -1.94149e-14 -4.69388e-16
       0.067     0.750364     0.243685      1.03164  5.33259e-14 -6.67638e-15
       0.068     0.747989      0.24498      1.02973 -1.28654e-15    2.689e-15
       0.069     0.745629     0.246263      1.02784 -9.24765e-15 -7.81875e-15
        0.07     0.743285     0.247536      1.02595 -1.71219e-14   7.1055e-15
       0.071     0.740954     0.248797      1.02407  3.03356e-14  1.40687e-14
       0.072     0.738638     0.250049       1.0222  -2.9767e-14  4.75839e-15
       0.073     0.736336      0.25129      1.02034  3.01361e-14 -8.92023e-15
       0.074     0.734048     0.252521      1.01849 -2.93625e-14 -4.97239e-15
       0.075     0.731774     0.253743      1.01665  -1.9179e-15  1.61599e-14
       0.076     0.729512     0.254955      1.01482  3.49165e-14 -5.86468e-14
       0.077     0.727264     0.256158      1.01299  1.64919e-14  3.20885e-14
       0.078     0.725029     0.257351      1.01117 -6.04904e-14   7.5772e-15
       0.079     0.722807     0.258536      1.00937  1.02041e-14 -1.28353e-14
        0.08     0.720597     0.259713      1.00756  2.34824e-14  1.49859e-14
       0.081     0.718399      0.26088      1.00577  1.21038e-14  3.88254e-14
       0.082     0.716213      0.26204      1.00398 -3.19219e-14  -4.4684e-14
       0.083      0.71404     0.263191      1.00221  1.84547e-14  2.02542e-14
       0.084     0.711878     0.264334      1.00043 -2.42008e-14 -8.63259e-15
       0.085     0.709727      0.26547      0.99867  5.14979e-14  1.53072e-14
       0.086     0.707588     0.266598     0.996913 -6.27757e-14 -3.41825e-14
       0.087      0.70546     0.267718     0.995163 -2.35615e-14 -2.37275e-15
       0.088     0.703344     0.268831     0.993421  4.71612e-14 -8.68486e-15
       0.089     0.701238     0.269937     0.991684  4.14002e-16  1.56505e-14
        0.09     0.699143     0.271036     0.989955 -1.31074e-14 -2.67505e-14
       0.091     0.697058     0.272127     0.988232  4.60028e-15   3.6241e-14
       0.092     0.694984     0.273212     0.986516  5.02256e-14 -3.15858e-14
       0.093     0.692921     0.274291     0.984806 -6.37795e-14 -6.93236e-15
       0.094     0.690867     0.275362     0.983103   2.4194e-14  3.70575e-14
       0.095     0.688824     0.276428     0.981405 -2.55915e-15 -3.95563e-14
       0.096      0.68679     0.277487     0.979714 -3.98586e-14  6.21799e-14
       0.097     0.684766     0.278539     0.978029  3.12216e-14 -1.43245e-14
       0.098     0.682752     0.279586      0.97635  4.45672e-14 -1.01984e-14
       0.099     0.680748     0.280626     0.974677  4.99943e-15  6.41841e-15
         0.1     0.678752     0.281661     0.973009 -2.70796e-14  1.45824e-14
       0.101     0.676767      0.28269     0.971348 -4.05887e-14  -2.4042e-14
       0.102      0.67479     0.283713     0.969692  2.62288e-14 -2.62029e-14
       0.103     0.672822     0.284731     0.968041  3.49841e-14  5.80319e-14
       0.104     0.670864     0.285743     0.966397  1.14548e-14 -5.04722e-14
       0.105     0.668914      0.28675     0.964757 -1.48579e-14  1.18299e-14
       0.106     0.666973     0.287751     0.963123 -1.12213e-16  1.81522e-14
       0.107      0.66504     0.288747     0.961494 -4.93678e-14  3.79896e-14
       0.108     0.663117     0.289738     0.959871  4.89064e-14 -2.68094e-14
       0.109     0.661201     0.290724     0.958253 -7.27712e-15 -2.15419e-14
        0.11     0.659294     0.291705     0.956639  8.67918e-15 -2.65019e-14
       0.111     0.657395     0.292681     0.955031 -3.34904e-14  2.32044e-14
       0.112     0.655505     0.293652     0.953428 -1.09426e-14  -2.0351e-14
       0.113     0.653622     0.294618      0.95183 -9.48543e-15  4.64694e-14
       0.114     0.651748      0.29558     0.950237  4.49561e-14  1.81251e-14
       0.115     0.649881     0.296537     0.948648 -2.21643e-15 -4.37291e-14
       0.116     0.648022     0.297489     0.947064 -1.71027e-14  5.37636e-14
       0.117     0.646171     0.298437     0.945485  2.19964e-14 -1.65316e-14
       0.118     0.644328     0.299381     0.943911  1.52366e-14 -1.13599e-14
       0.119     0.642492      0.30032     0.942341 -1.61292e-14  1.11271e-14
        0.12     0.640663     0.301255     0.940776 -2.25062e-14 -9.39956e-15
       0.121     0.638842     0.302186     0.939215 -8.72805e-15  -2.9005e-14
       0.122     0.637029     0.303112     0.937659  2.17279e-14  2.34211e-15
       0.123     0.635222     0.304035     0.936107 -9.88293e-15 -7.22725e-15
       0.124     0.633423     0.304953     0.934559  1.33103e-15  1.06107e-15
       0.125     0.631631     0.305868     0.933016  2.74546e-14  3.45339e-14
       0.126     0.629846     0.306778     0.931477 -4.26853e-15  1.50176e-14
       0.127     0.628068     0.307685     0.929942  2.63234e-14 -5.91266e-14
       0.128     0.626297     0.308587     0.928412 -1.80677e-14  7.71597e-14
       0.129     0.624533     0.309486     0.926885 -4.66392e-14 -5.61961e-14
        0.13     0.622776     0.310382     0.925363  3.22031e-14   9.4557e-15
       0.131     0.621025     0.311273     0.923845  9.94647e-15 -5.18161e-14
       0.132     0.619281     0.312161      0.92233 -1.14819e-14  1.15191e-14
       0.133     0.617543     0.313046      0.92082 -2.56812e-14  7.27651e-14
       0.134     0.615812     0.313926     0.919313  4.42621e-14 -3.98718e-14
       0.135     0.614088     0.314804     0.917811  -4.0641e-14            0
       0.136      0.61237     0.315678     0.916312  1.50753e-14  3.62044e-14
       0.137     0.610658     0.316548     0.914817 -2.67018e-14 -2.57588e-14
       0.138     0.608953     0.317415     0.913326  4.96438e-14  1.72136e-14
       0.139     0.607254     0.318279     0.911839 -4.72636e-14 -6.48084e-14
        0.14     0.605561      0.31914     0.910355  -1.4912e-14  6.98709e-14
       0.141     0.603874     0.319997     0.908875  7.16045e-14  -2.6417e-14
       0.142     0.602193     0.320851     0.907398 -3.75498e-14 -3.56462e-14
       0.143     0.600519     0.321702     0.905926  1.29946e-15  7.57023e-14
       0.144      0.59885      0.32255     0.904456  4.13398e-14 -5.50416e-14
       0.145     0.597187     0.323395      0.90299 -6.41275e-14   1.7634e-14
       0.146      0.59553     0.324237     0.901528  7.52547e-14  3.19354e-14
       0.147     0.593879     0.325076     0.900069 -3.86163e-14 -4.41467e-14
       0.148     0.592234     0.325911     0.898614  3.57095e-15  2.67309e-14
       0.149     0.590594     0.326744     0.897162  3.98153e-16 -6.11169e-16
        0.15     0.588961     0.327574     0.895713 -1.53154e-14  6.30521e-15
       0.151     0.587332     0.328402     0.894268  5.37221e-14 -2.33526e-14
       0.152      0.58571     0.329226     0.892826 -7.24118e-15  2.87888e-14
       0.153     0.584093     0.330048     0.891387 -3.96935e-14  -2.1658e-14
       0.154     0.582481     0.330866     0.889952 -4.11787e-14 -2.24315e-14
       0.155     0.580875     0.331683      0.88852   2.6823e-14  5.58876e-14
       0.156     0.579274     0.332496      0.88709  5.92639e-14 -4.81432e-14
       0.157     0.577679     0.333307     0.885665 -4.62337e-14   3.7608e-14
       0.158     0.576089     0.334115     0.884242  4.31042e-14 -6.06383e-14
       0.159     0.574505      0.33492     0.882822 -2.29281e-14  1.96457e-14
        0.16     0.572925     0.335723     0.881406 -3.65035e-14  1.14083e-14
       0.161     0.571351     0.336524     0.879992 -1.32676e-14  3.53689e-14
       0.162     0.569782     0.337322     0.878582  5.25513e-14 -2.07484e-14
       0.163     0.568218     0.338117     0.877174 -1.53023e-14 -1.87233e-14
       0.164     0.566659      0.33891      0.87577 -2.65173e-15  2.02843e-14
       0.165     0.565106       0.3397     0.874368  1.90424e-14 -8.53752e-14
       0.166     0.563557     0.340489      0.87297 -1.60136e-14  9.81235e-14
       0.167     0.562013     0.341274     0.871574 -4.46725e-14  2.65203e-14
       0.168     0.560475     0.342058     0.870181  1.73891e-14 -5.31534e-14
       0.169     0.558941     0.342839     0.868791  4.62353e-14 -1.34151e-14
        0.17     0.557412     0.343618     0.867404 -4.83743e-15  1.28028e-14
       0.171     0.555888     0.344394      0.86602 -5.00975e-14 -4.95561e-14
       0.172     0.554369     0.345168     0.864639  5.34056e-14  7.36266e-14
       0.173     0.552854      0.34594      0.86326  2.06825e-14 -9.99725e-15
       0.174     0.551344      0.34671     0.861884 -2.78072e-14 -4.07081e-14
       0.175     0.549839     0.347478     0.860511  -5.9112e-14 -5.27581e-15
       0.176     0.548339     0.348243      0.85914  7.35035e-14  6.28187e-14
       0.177     0.546843     0.349006     0.857772  5.67163e-15 -2.45421e-14
       0.178     0.545352     0.349768     0.856407 -8.63581e-14 -2.39196e-14
       0.179     0.543866     0.350527     0.855045  3.45324e-14 -1.90276e-14
        0.18     0.542384     0.351284     0.853685 -3.03818e-14  2.28743e-14
       0.181     0.540907     0.352039     0.852328  8.09709e-15  6.92881e-14
       0.182     0.539434     0.352792     0.850973  7.87068e-14 -9.37188e-14
       0.183     0.537965     0.353543     0.849621  9.33124e-15  4.12865e-14
       0.184     0.536501     0.354292     0.848272 -7.50239e-14 -3.64054e-14
       0.185     0.535042     0.355039     0.846925  1.40069e-14  3.76938e-14
       0.186     0.533586     0.355784      0.84558  2.34646e-14  -3.8018e-14
       0.187     0.532136     0.356527     0.844238  -5.5464e-15  6.34544e-14
       0.188     0.530689     0.357268     0.842899  2.52586e-14 -2.20111e-14
       0.189     0.529247     0.358007     0.841562 -7.11754e-14 -7.08972e-14
        0.19     0.527809     0.358745     0.840227  2.43499e-14  6.14358e-14
       0.191     0.526375      0.35948     0.838895  -1.4562e-14  3.94318e-14
       0.192     0.524945     0.360214     0.837565  9.15841e-14 -9.33833e-14
       0.193      0.52352     0.360946     0.836238 -7.88831e-14  1.00451e-13
       0.194     0.522099     0.361676     0.834913 -7.80422e-15 -7.24225e-14
       0.195     0.520682     0.362404      0.83359 -8.90121e-15 -1.21144e-14
       0.196     0.519269     0.363131      0.83227   2.5088e-14  8.92021e-14
       0.197      0.51786     0.363856     0.830952  6.51396e-14 -5.43422e-14
       0.198     0.516455     0.364579     0.829637 -7.53896e-14 -7.79933e-14
       0.199     0.515055       0.3653     0.828323  5.85288e-14  9.79956e-14
         0.2     0.513658      0.36602     0.827012  1.47909e-14 -5.50235e-14
       0.201     0.512265     0.366738     0.825703 -3.90345e-15  3.16869e-14
       0.202     0.510876     0.367454     0.824397 -6.16935e-14 -2.28384e-14
       0.203     0.509492     0.368169     0.823092 -5.80999e-15  1.75689e-14
       0.204     0.508111     0.368882      0.82179  7.65309e-14  2.83644e-14
       0.205     0.506734     0.369593     0.820491 -4.59533e-14  1.39735e-14
       0.206     0.505361     0.370303     0.819193 -3.35722e-14 -4.92948e-14
       0.207     0.503991     0.371011     0.817897   5.8916e-14  1.31864e-14
       0.208     0.502626     0.371718     0.816604 -7.73941e-14 -9.08608e-15
       0.209     0.501264     0.372423     0.815313   3.4653e-14 -9.07171e-15
        0.21     0.499906     0.373126     0.814024 -1.28108e-14  9.35312e-14
       0.211     0.498552     0.373828     0.812737  3.01888e-14 -3.63567e-14
       0.212     0.497202     0.374528     0.811452 -2.49585e-14  3.22455e-14
       0.213     0.495855     0.375227     0.810169  3.24547e-14 -1.00447e-13
       0.214     0.494512     0.375925     0.808888 -1.78101e-14  2.88375e-14
       0.215     0.493173     0.376621      0.80761 -2.77624e-14 -5.50163e-15
       0.216     0.491837     0.377315     0.806333  3.17454e-14 -2.03239e-14
       0.217     0.490505     0.378008     0.805059  1.68138e-14  9.96306e-14
       0.218     0.489177       0.3787     0.803786 -4.41948e-15 -1.07322e-13
       0.219     0.487852      0.37939     0.802516 -5.58035e-15  4.64689e-14
        0.22     0.486531     0.380079     0.801247  2.60023e-14 -2.14693e-14
       0.221     0.485213     0.380766     0.799981  3.63034e-15  8.55597e-14
       0.222     0.483899     0.381452     0.798716 -3.39191e-14 -5.53173e-14
       0.223     0.482589     0.382137     0.797454 -4.14756e-15   2.4446e-14
       0.224     0.481282      0.38282     0.796193  3.32693e-16 -7.61148e-14
       0.225     0.479978     0.383502     0.794934   6.6716e-16  6.10122e-14
       0.226     0.478678     0.384182     0.793678  4.84978e-15 -3.33415e-14
       0.227     0.477382     0.384862     0.792423 -2.12951e-14  6.54979e-14
       0.228     0.476088     0.385539      0.79117  1.34497e-15 -4.49137e-14
       0.229     0.474799     0.386216     0.789919  1.36538e-14 -2.51119e-15
        0.23     0.473512     0.386891      0.78867 -1.97741e-14 -7.16348e-14
       0.231     0.472229     0.387565     0.787423  2.96543e-14  7.77797e-14
       0.232      0.47095     0.388238     0.786177 -2.63341e-14  5.71267e-15
       0.233     0.469673     0.388909     0.784934  2.81064e-14 -2.97658e-14
       0.234       0.4684      0.38958     0.783692 -3.41571e-16  6.92251e-14
       0.235     0.467131     0.390248     0.782452  1.30135e-14 -3.30476e-14
       0.236     0.465864     0.390916     0.781214 -2.71246e-14 -3.54788e-15
       0.237     0.464601     0.391583     0.779978  3.83825e-14 -7.36791e-14
       0.238     0.463341     0.392248     0.778743 -4.64196e-14 -1.04331e-14
       0.239     0.462085     0.392912     0.777511  4.67122e-15  1.25529e-13
        0.24     0.460831     0.393575      0.77628  9.88682e-15 -4.08955e-14
       0.241     0.459581     0.394237     0.775051 -1.73898e-16  3.51989e-14
       0.242     0.458334     0.394897     0.773823 -3.48686e-15  2.42488e-14
       0.243      0.45709     0.395557     0.772598 -1.43326e-14 -7.10522e-14
       0.244      0.45585     0.396215     0.771374  3.50466e-15  3.92357e-14
       0.245     0.454612     0.396872     0.770151  2.44193e-14 -1.46201e-13
       0.246     0.453378     0.397528     0.768931 -2.78276e-14  7.22864e-14
       0.247     0.452147     0.398183     0.767712   3.9375e-14 -4.04441e-14
       0.248     0.450919     0.398837     0.766495 -3.80583e-14  6.96207e-14
       0.249     0.449694     0.399489      0.76528  3.51373e-14 -5.76936e-14
        0.25     0.448472     0.400141     0.764066  1.83245e-14 -1.78705e-14
       0.251     0.447253     0.400791     0.762854 -5.35061e-16  4.27866e-14
       0.252     0.446037     0.401441     0.761644 -1.84164e-14  6.88341e-14
       0.253     0.444825     0.402089     0.760435   1.1651e-14 -1.65769e-14
       0.254     0.443615     0.402736     0.759228  4.31264e-15 -6.36162e-14
       0.255     0.442408     0.403382     0.758023 -4.48549e-14  7.05724e-14
       0.256     0.441204     0.404028     0.756819   5.5982e-15 -1.40921e-14
       0.257     0.440004     0.404672     0.755617  5.15948e-14 -7.18926e-14
       0.258     0.438806     0.405315     0.754416 -3.44815e-14  8.29135e-14
       0.259     0.437611     0.405957     0.753217  2.18315e-14 -2.95893e-14
        0.26     0.436419     0.406598      0.75202 -2.31619e-14  3.32991e-14
       0.261      0.43523     0.407238     0.750824 -4.02215e-15  -1.3469e-14
       0.262     0.434044     0.407877      0.74963  1.26458e-14 -2.87675e-14
       0.263     0.432861     0.408515     0.748437 -1.10233e-14  9.34732e-15
       0.264     0.431681     0.409152     0.747246 -2.61522e-14 -1.51016e-14
       0.265     0.430503     0.409789     0.746056  5.83396e-14 -2.42257e-14
       0.266     0.429329     0.410424     0.744868 -1.29548e-15  2.31723e-14
       0.267     0.428157     0.411058     0.743682 -1.87372e-14 -6.41711e-15
       0.268     0.426988     0.411691     0.742497  -8.9264e-15  3.37205e-15
       0.269     0.425822     0.412324     0.741314  6.15174e-15 -1.80117e-14
        0.27     0.424659     0.412955     0.740132 -8.22211e-15  1.01848e-13
       0.271     0.423499     0.413586     0.738951 -1.57346e-14  3.85933e-15
       0.272     0.422341     0.414215     0.737772  3.56757e-14 -1.24809e-13
       0.273     0.421186     0.414844     0.736595 -2.20214e-14  6.59013e-14
       0.274     0.420034     0.415472     0.735419 -3.32056e-14  2.30453e-14
       0.275     0.418885     0.416099     0.734244  5.08731e-14 -2.81771e-14
       0.276     0.417738     0.416725     0.733071 -4.17055e-14 -1.81444e-14
       0.277     0.416594      0.41735       0.7319  3.68643e-14 -6.39854e-14
       0.278     0.415453     0.417974      0.73073  1.52379e-14   1.1947e-14
       0.279     0.414315     0.418598     0.729561 -3.81853e-15  1.43134e-13
        0.28     0.413179      0.41922     0.728394   5.3586e-15 -9.09699e-15
       0.281     0.412046     0.419842     0.727228 -5.14108e-14 -6.27513e-14
       0.282     0.410916     0.420463     0.726063  3.17269e-14 -4.61638e-14
       0.283     0.409788     0.421083       0.7249 -1.86955e-14  4.11516e-15
       0.284     0.408663     0.421702     0.723739  2.39557e-14  5.86704e-14
       0.285     0.407541      0.42232     0.722578  3.73735e-14 -5.21772e-14
       0.286     0.406421     0.422938      0.72142 -2.09627e-14  9.17371e-15
       0.287     0.405304     0.423555     0.720262 -2.56811e-14  5.60988e-14
       0.288     0.404189     0.424171     0.719106  1.48206e-14 -9.63416e-14
       0.289     0.403077     0.424786     0.717951  2.81467e-14  5.46146e-14
        0.29     0.401968       0.4254     0.716798 -7.62123e-14  1.87182e-14
       0.291     0.400861     0.426014     0.715646  9.03321e-15  1.85256e-14
       0.292     0.399757     0.426627     0.714496  6.35761e-14  1.86581e-14
       0.293     0.398655     0.427239     0.713346 -6.62882e-14  6.47932e-14
       0.294     0.397556      0.42785     0.712198  3.83621e-14 -1.26467e-13
       0.295     0.396459      0.42846     0.711052   8.5226e-15  7.75017e-14
       0.296     0.395365      0.42907     0.709907 -1.09261e-14 -7.35081e-14
       0.297     0.394274     0.429679     0.708763 -1.35398e-14 -1.03003e-14
       0.298     0.393185     0.430287      0.70762  1.87598e-14  6.53978e-14
       0.299     0.392098     0.430895     0.706479 -2.36036e-14 -6.09609e-14
         0.3     0.391014     0.431502     0.705339  1.00245e-14 -2.85093e-14
       0.301     0.389933     0.432108       0.7042  1.14541e-14  4.28548e-14
       0.302     0.388854     0.432713     0.703062 -1.28901e-14 -6.51363e-14
       0.303     0.387777     0.433318     0.701926   5.4706e-14  1.16992e-13
       0.304     0.386703     0.433922     0.700791 -5.26051e-15 -1.59132e-15
       0.305     0.385631     0.434525     0.699658 -7.21924e-14 -2.33546e-14
       0.306     0.384562     0.435127     0.698525  4.63406e-14 -2.61719e-14
       0.307     0.383495     0.435729     0.697394 -3.52417e-14 -2.86633e-14
       0.308      0.38243      0.43633     0.696265  4.30801e-14  5.39135e-14
       0.309     0.381368     0.436931     0.695136 -5.58648e-14  2.84126e-15
        0.31     0.380309     0.437531     0.694009  5.92725e-14  -1.4656e-14
       0.311     0.379251      0.43813     0.692882   1.0689e-14  2.39151e-14
       0.312     0.378196     0.438728     0.691758 -1.91599e-14 -4.82238e-14
       0.313     0.377144     0.439326     0.690634 -3.86125e-14  5.19093e-14
       0.314     0.376094     0.439923     0.689511  1.86253e-15  3.97689e-14
       0.315     0.375046      0.44052      0.68839  4.56306e-15 -1.02387e-13
       0.316     0.374001     0.441116      0.68727   1.1849e-14 -5.97716e-14
       0.317     0.372957     0.441711     0.686151  3.31263e-14    7.619e-14
       0.318     0.371917     0.442305     0.685034 -5.09489e-14  7.20215e-14
       0.319     0.370878     0.442899     0.683917 -2.32293e-14 -1.08244e-13
        0.32     0.369842     0.443493     0.682802  9.66896e-14  2.71332e-14
       0.321     0.368808     0.444085     0.681688 -1.89185e-14  8.12669e-14
       0.322     0.367777     0.444678     0.680575 -1.45364e-14 -6.52165e-14
       0.323     0.366747     0.445269     0.679463 -2.47034e-14  2.57663e-14
       0.324      0.36572      0.44586     0.678353  9.52235e-15 -2.75726e-14
       0.325     0.364696      0.44645     0.677243 -2.12076e-15 -2.30677e-15
       0.326     0.363673      0.44704     0.676135 -1.14774e-14 -5.89568e-14
       0.327     0.362653     0.447629     0.675028  2.21535e-14  1.21246e-13
       0.328     0.361635     0.448218     0.673922 -3.20225e-14 -7.49851e-15
       0.329     0.360619     0.448806     0.672817  2.16093e-14 -5.88202e-14
        0.33     0.359606     0.449393     0.671714 -4.28848e-15 -6.49775e-14
       0.331     0.358594      0.44998     0.670611  2.83662e-14  5.71046e-14
       0.332     0.357585     0.450566      0.66951 -1.48603e-14  5.48824e-14
       0.333     0.356579     0.451152     0.668409  1.48929e-14 -2.07937e-14
       0.334     0.355574     0.451737      0.66731 -3.85033e-14    3.864e-14
       0.335     0.354571     0.452321     0.666212 -1.14895e-14  -1.4069e-14
       0.336     0.353571     0.452905     0.665115  8.25576e-15 -2.58263e-14
       0.337     0.352573     0.453489     0.664019  5.63922e-14  1.50782e-14
       0.338     0.351577     0.454072     0.662925  1.87656e-14 -2.58918e-14
       0.339     0.350583     0.454654     0.661831 -6.91028e-14 -1.09708e-14
        0.34     0.349592     0.455236     0.660738  1.46834e-14 -4.57613e-14
       0.341     0.348602     0.455818     0.659647  9.88337e-15  5.24262e-15
       0.342     0.347615     0.456398     0.658556  3.60975e-14  7.65653e-14
       0.343      0.34663     0.456979     0.657467 -3.66168e-14 -4.62812e-14
       0.344     0.345647     0.457559     0.656379 -5.52651e-15  1.24752e-13
       0.345     0.344666     0.458138     0.655291 -3.56676e-14 -1.65466e-13
       0.346     0.343687     0.458717     0.654205   4.1073e-14  1.02353e-13
       0.347     0.342711     0.459295      0.65312 -3.63779e-14 -9.62513e-14
       0.348     0.341736     0.459873     0.652036  3.13279e-14  4.76756e-14
       0.349     0.340763      0.46045     0.650953  1.08375e-14 -7.08034e-14
        0.35     0.339793     0.461027     0.649871 -3.65012e-14  9.40017e-14
       0.351     0.338825     0.461603      0.64879  1.88508e-14  5.45098e-14
       0.352     0.337858     0.462179      0.64771 -3.81199e-14  -3.3681e-14
       0.353     0.336894     0.462755     0.646631  5.74713e-14 -6.82776e-14
       0.354     0.335932      0.46333     0.645553 -2.49575e-14  9.66021e-14
       0.355     0.334972     0.463904     0.644477  2.26343e-14 -3.51226e-14
       0.356     0.334014     0.464478     0.643401  -6.9182e-15 -2.98044e-14
       0.357     0.333058     0.465052     0.642326  4.02339e-14 -2.47955e-14
       0.358     0.332104     0.465625     0.641252 -6.68577e-14 -1.71822e-14
       0.359     0.331152     0.466197     0.640179   4.3259e-14  3.54699e-14
        0.36     0.330202     0.466769     0.639107 -6.94303e-14  3.17824e-14
       0.361     0.329255     0.467341     0.638037  1.67354e-14 -4.52032e-14
       0.362     0.328309     0.467913     0.636967  3.43458e-14  1.02694e-14
       0.363     0.327365     0.468483     0.635898 -1.48495e-14 -1.31401e-14
       0.364     0.326423     0.469054      0.63483 -1.74188e-14 -1.90283e-14
       0.365     0.325483     0.469624     0.633763  3.07498e-14  7.58414e-14
       0.366     0.324545     0.470193     0.632697  3.03514e-14 -9.00808e-14
       0.367     0.323609     0.470763     0.631632 -3.26213e-14  7.65904e-14
       0.368     0.322675     0.471331     0.630568 -2.26853e-14  2.52008e-14
       0.369     0.321743       0.4719     0.629505 -3.96373e-15 -3.84521e-14
        0.37     0.320813     0.472468     0.628443  6.65908e-14 -1.36995e-14
       0.371     0.319885     0.473035     0.627382 -1.28779e-14 -3.51883e-14
       0.372     0.318959     0.473602     0.626322 -1.52514e-14  4.57954e-14
       0.373     0.318035     0.474169     0.625263  1.17565e-14  4.27364e-14
       0.374     0.317113     0.474735     0.624204 -5.18371e-14   1.2615e-14
       0.375     0.316193     0.475301     0.623147  4.94666e-14 -1.18861e-14
       0.376     0.315274     0.475867     0.622091 -4.30634e-14 -1.12444e-13
       0.377     0.314358     0.476432     0.621035  8.06166e-15  1.05766e-13
       0.378     0.313443     0.476997     0.619981  1.41374e-14 -3.77296e-14
       0.379     0.312531     0.477561     0.618927 -8.92877e-15 -2.31895e-14
        0.38      0.31162     0.478125     0.617874  4.52143e-14 -1.90813e-14
       0.381     0.310711     0.478689     0.616822 -3.09629e-14  1.11352e-13
       0.382     0.309804     0.479252     0.615772  5.15128e-15 -7.46672e-14
       0.383     0.308899     0.479815     0.614722  4.00956e-14   8.9057e-14
       0.384     0.307996     0.480378     0.613673 -3.51267e-14 -5.89449e-14
       0.385     0.307095      0.48094     0.612624  2.41094e-16  2.19796e-14
       0.386     0.306195     0.481502     0.611577 -1.66701e-14 -5.06889e-14
       0.387     0.305298     0.482064     0.610531 -3.17147e-14 -3.71545e-14
       0.388     0.304402     0.482625     0.609485  4.13632e-14  3.65373e-14
       0.389     0.303508     0.483186     0.608441  2.56473e-14   5.3054e-14
        0.39     0.302616     0.483746     0.607397 -4.71378e-14  4.96528e-15
       0.391     0.301726     0.484306     0.606354  5.67557e-14   7.8482e-15
       0.392     0.300838     0.484866     0.605312 -2.59293e-14 -8.09587e-14
       0.393     0.299951     0.485426     0.604271  2.74536e-14  7.91729e-14
       0.394     0.299067     0.485985     0.603231 -3.63529e-14 -3.68472e-14
       0.395     0.298184     0.486544     0.602191  3.50742e-14 -7.68493e-14
       0.396     0.297303     0.487102     0.601153 -3.08304e-14  3.54917e-14
       0.397     0.296424     0.487661     0.600115 -3.10175e-14  1.22644e-15
       0.398     0.295547     0.488218     0.599079  4.33406e-14 -2.47585e-14
       0.399     0.294671     0.488776     0.598043 -1.11677e-14  9.65541e-14
         0.4     0.293797     0.489333     0.597008 -3.56857e-14 -2.29105e-14
       0.401     0.292925      0.48989     0.595973  8.70926e-14  2.39535e-14
       0.402     0.292055     0.490447      0.59494 -8.58982e-14  7.45729e-14
       0.403     0.291187     0.491004     0.593907  6.29295e-14 -9.33241e-14
       0.404      0.29032      0.49156     0.592876 -3.38486e-14 -6.85252e-14
       0.405     0.289455     0.492115     0.591845 -2.88931e-15    2.325e-14
       0.406     0.288592     0.492671     0.590815 -2.17771e-14 -8.18371e-15
       0.407     0.287731     0.493226     0.589786  2.81286e-14  4.59364e-14
       0.408     0.286871     0.493781     0.588757  2.32567e-14 -6.18994e-14
       0.409     0.286014     0.494336      0.58773 -5.57277e-15 -7.60714e-15
        0.41     0.285158      0.49489     0.586703 -2.72862e-14  2.66451e-14
       0.411     0.284303     0.495445     0.585677 -3.30647e-15  4.93402e-14
       0.412     0.283451     0.495998     0.584652  2.21731e-14 -1.26122e-14
       0.413       0.2826     0.496552     0.583627 -3.57536e-15 -1.66984e-14
       0.414     0.281751     0.497105     0.582604  3.01966e-14  1.32295e-15
       0.415     0.280903     0.497658     0.581581  1.73087e-14   3.1695e-15
       0.416     0.280058     0.498211     0.580559 -5.81985e-14  4.36358e-14
       0.417     0.279214     0.498764     0.579538  1.53195e-14 -1.64498e-14
       0.418     0.278372     0.499316     0.578518 -6.70784e-15 -7.47477e-14
       0.419     0.277531     0.499868     0.577498  1.43478e-14  6.34695e-14
        0.42     0.276692      0.50042     0.576479 -2.91424e-14 -1.16504e-13
       0.421     0.275855     0.500972     0.575461  2.16741e-14  1.65693e-13
       0.422      0.27502     0.501523     0.574444  2.47092e-15 -1.59009e-13
       0.423     0.274186     0.502074     0.573428  6.25497e-15  1.39065e-13
       0.424     0.273354     0.502625     0.572412 -1.04461e-14 -1.14903e-13
       0.425     0.272524     0.503176     0.571397  3.40186e-14  3.46432e-14
       0.426     0.271695     0.503726     0.570383  -3.2252e-14  2.77172e-14
       0.427     0.270868     0.504276      0.56937   -3.258e-14  5.94732e-14
       0.428     0.270043     0.504826     0.568357  6.70032e-14 -5.44631e-14
       0.429     0.269219     0.505376     0.567345 -3.21843e-14 -9.77818e-14
        0.43     0.268397     0.505926     0.566334  4.17656e-14  1.19212e-13
       0.431     0.267577     0.506475     0.565324 -5.69478e-14  6.18747e-14
       0.432     0.266758     0.507024     0.564314  3.83515e-14 -6.31738e-14
       0.433     0.265941     0.507573     0.563305 -3.25781e-14 -3.69667e-14
       0.434     0.265126     0.508122     0.562297  2.69145e-14  1.03168e-13
       0.435     0.264312      0.50867      0.56129  1.44189e-14 -9.22773e-14
       0.436       0.2635     0.509219     0.560283 -3.89293e-14   1.1374e-13
       0.437      0.26269     0.509767     0.559277  1.51473e-14 -2.12086e-13
       0.438     0.261881     0.510315     0.558272 -2.87439e-14 -2.00296e-14
       0.439     0.261074     0.510863     0.557268 -6.05644e-15  6.58016e-14
        0.44     0.260268      0.51141     0.556264  3.06128e-14  1.97807e-13
       0.441     0.259464     0.511958     0.555261  1.51345e-14 -1.60003e-13
       0.442     0.258662     0.512505     0.554259 -7.31166e-15 -1.88787e-14
       0.443     0.257861     0.513052     0.553257   5.5626e-15  1.60682e-13
       0.444     0.257062     0.513599     0.552257  2.85486e-14 -3.08744e-13
       0.445     0.256265     0.514145     0.551256 -3.78688e-14  6.69694e-14
       0.446     0.255469     0.514692     0.550257  6.00565e-15  4.23579e-14
       0.447     0.254674     0.515238     0.549258 -1.88737e-14  7.09672e-14
       0.448     0.253882     0.515784      0.54826 -5.05678e-14  1.18022e-13
       0.449      0.25309      0.51633     0.547263  4.61377e-14 -1.65154e-13
        0.45     0.252301     0.516876     0.546267  1.98129e-14  5.07337e-14
       0.451     0.251513     0.517422     0.545271 -3.17091e-15  -1.1515e-14
       0.452     0.250726     0.517967     0.544275 -1.60244e-14 -3.46055e-15
       0.453     0.249942     0.518513     0.543281  4.98305e-15  8.01875e-15
       0.454     0.249158     0.519058     0.542287  1.30373e-14  1.57619e-14
       0.455     0.248377     0.519603     0.541294 -5.14198e-15 -9.91918e-14
       0.456     0.247596     0.520148     0.540302  2.24193e-14 -3.55798e-15
       0.457     0.246818     0.520693      0.53931  8.37171e-16  6.71101e-14
       0.458     0.246041     0.521238     0.538319 -3.14567e-14  9.49794e-14
       0.459     0.245265     0.521782     0.537328  2.18535e-14 -8.30913e-14
        0.46     0.244491     0.522326     0.536339 -2.42834e-14  9.84055e-14
       0.461     0.243719     0.522871      0.53535  1.82841e-15 -2.07875e-13
       0.462     0.242948     0.523415     0.534361  5.77802e-15  1.95115e-13
       0.463     0.242179     0.523959     0.533373  1.42621e-14  7.48495e-14
       0.464     0.241411     0.524503     0.532386  1.92427e-14 -1.28387e-13
       0.465     0.240645     0.525047       0.5314 -1.94228e-14 -7.22798e-14
       0.466      0.23988      0.52559     0.530414 -9.37562e-15  1.68621e-14
       0.467     0.239117     0.526134     0.529429  2.87523e-14  2.83719e-14
       0.468     0.238355     0.526677     0.528445 -1.52605e-14  1.23596e-14
       0.469     0.237595     0.527221     0.527461 -3.55835e-14  2.31162e-14
        0.47     0.236836     0.527764     0.526478   2.7063e-14  6.93389e-15
       0.471     0.236079     0.528307     0.525495 -1.70736e-14  -8.4364e-14
       0.472     0.235323      0.52885     0.524513  1.84014e-14   1.0898e-13
       0.473     0.234569     0.529393     0.523532 -1.90142e-14  2.38951e-14
       0.474     0.233816     0.529936     0.522551  1.57324e-14 -1.17234e-13
       0.475     0.233065     0.530478     0.521572   5.6402e-15  1.16541e-13
       0.476     0.232316     0.531021     0.520592  2.59386e-14 -1.32517e-13
       0.477     0.231567     0.531564     0.519614 -5.57554e-14  1.42179e-13
       0.478     0.230821     0.532106     0.518635  3.09883e-14 -8.78557e-14
       0.479     0.230075     0.532648     0.517658 -2.63851e-14 -5.54822e-14
        0.48     0.229332     0.533191     0.516681  5.71109e-14  8.10718e-14
       0.481     0.228589     0.533733     0.515705 -2.69291e-14 -1.22139e-13
       0.482     0.227849     0.534275     0.514729  9.38525e-15  2.65556e-13
       0.483     0.227109     0.534817     0.513754 -1.98363e-14 -9.77616e-14
       0.484     0.226371     0.535359      0.51278  8.24474e-15 -1.33207e-13
       0.485     0.225635     0.535901     0.511806  1.29817e-14  1.73165e-13
       0.486       0.2249     0.536443     0.510833 -1.81809e-14 -2.21671e-13
       0.487     0.224166     0.536985     0.509861 -6.07234e-15   5.8004e-14
       0.488     0.223434     0.537527     0.508889   -1.113e-14  1.76338e-13
       0.489     0.222704     0.538068     0.507917 -1.56129e-14 -2.52469e-13
        0.49     0.221975      0.53861     0.506947  6.33203e-14   3.2612e-13
       0.491     0.221247     0.539152     0.505977 -1.77649e-14 -2.02214e-13
       0.492     0.220521     0.539693     0.505007  1.58555e-14  2.09854e-14
       0.493     0.219796     0.540235     0.504038 -2.66781e-14  -5.7685e-14
       0.494     0.219072     0.540776      0.50307  1.09627e-14  5.60891e-14
       0.495      0.21835     0.541317     0.502102  1.12854e-14   1.5734e-14
       0.496      0.21763     0.541859     0.501135 -4.88496e-14 -1.38261e-13
       0.497     0.216911       0.5424     0.500168   2.8401e-14  1.05966e-13
       0.498     0.216193     0.542941     0.499202           -0 -9.86199e-15
       0.499     0.215477     0.543483     0.498237 -1.50152e-14  2.83974e-14
         0.5     0.214762     0.544024     0.497272   2.9482e-14 -1.82927e-14
       0.501     0.214049     0.544565     0.496308 -4.26356e-15  1.22842e-13
       0.502     0.213337     0.545106     0.495344 -5.79773e-15 -1.78843e-14
       0.503     0.212626     0.545648     0.494381    2.553e-14 -1.58176e-13
       0.504     0.211917     0.546189     0.493418 -4.42681e-14  6.09513e-14
       0.505     0.211209      0.54673     0.492456  4.15932e-14 -1.24125e-14
       0.506     0.210503     0.547271     0.491495 -2.69123e-14  1.03124e-13
       0.507     0.209798     0.547812     0.490534  7.70445e-15 -3.79833e-14
       0.508     0.209094     0.548353     0.489573  1.06532e-14 -1.25622e-13
       0.509     0.208392     0.548894     0.488614  7.73499e-16  1.08067e-13
        0.51     0.207691     0.549435     0.487654  1.51906e-14 -5.27094e-14
       0.511     0.206991     0.549976     0.486696 -1.72398e-14  -1.4345e-13
       0.512     0.206293     0.550518     0.485738 -5.44673e-15 -3.30896e-14
       0.513     0.205597     0.551059      0.48478  6.86088e-15  1.91762e-13
       0.514     0.204901       0.5516     0.483823 -4.03094e-14  2.39503e-14
       0.515     0.204207     0.552141     0.482866  3.69451e-14 -2.63152e-15
       0.516     0.203515     0.552682      0.48191 -7.99972e-15 -1.59111e-13
       0.517     0.202824     0.553223     0.480955 -3.48913e-14  2.12965e-13
       0.518     0.202134     0.553764         0.48  5.03933e-14 -1.45401e-13
       0.519     0.201445     0.554305     0.479046 -4.73373e-14  2.14948e-13
        0.52     0.200758     0.554847     0.478092  5.01188e-14 -7.66452e-14
       0.521     0.200072     0.555388     0.477139 -6.17825e-15  6.93415e-15
       0.522     0.199388     0.555929     0.476186 -9.52383e-15  9.47217e-14
       0.523     0.198705      0.55647     0.475234 -4.93039e-15  -2.2446e-13
       0.524     0.198023     0.557012     0.474282  1.27488e-15  1.57238e-14
       0.525     0.197343     0.557553     0.473331 -6.38702e-15 -4.19178e-14
       0.526     0.196664     0.558094      0.47238  6.71966e-15   2.6087e-13
       0.527     0.195986     0.558636      0.47143 -6.09174e-15  -5.1598e-14
       0.528      0.19531     0.559177      0.47048  1.99177e-14 -6.19638e-14
       0.529     0.194635     0.559719     0.469531 -3.47641e-14 -1.13869e-13
        0.53     0.193961      0.56026     0.468582  1.49975e-14  2.06635e-13
       0.531     0.193289     0.560802     0.467634   2.9085e-14   -9.833e-14
       0.532     0.192618     0.561344     0.466686 -3.31903e-14  2.07707e-14
       0.533     0.191948     0.561885     0.465739 -2.59559e-15  -1.5631e-13
       0.534      0.19128     0.562427     0.464793  2.32441e-14 -1.81533e-14
       0.535     0.190613     0.562969     0.463847  6.51474e-16  7.14123e-14
       0.536     0.189947     0.563511     0.462901  1.04443e-14  5.86531e-14
       0.537     0.189283     0.564053     0.461956           -0 -1.80635e-13
       0.538      0.18862     0.564595     0.461011 -6.38974e-15 -2.53335e-14
       0.539     0.187958     0.565137     0.460067 -1.96997e-15  2.00999e-13
        0.54     0.187298     0.565679     0.459123  1.25013e-14 -8.48638e-14
       0.541     0.186639     0.566221      0.45818  -1.4339e-14  8.92673e-14
       0.542     0.185981     0.566764     0.457237  4.45888e-15 -3.32247e-15
       0.543     0.185324     0.567306     0.456295  -6.9498e-15 -9.36662e-14
       0.544     0.184669     0.567849     0.455353  -3.1502e-14  9.24389e-14
       0.545     0.184015     0.568391     0.454412  2.77436e-14 -7.38808e-14
       0.546     0.183362     0.568934     0.453471  2.89639e-14  9.12331e-14
       0.547     0.182711     0.569477     0.452531  2.33506e-15 -2.10038e-13
       0.548     0.182061     0.570019     0.451591 -2.22271e-14  2.32162e-13
       0.549     0.181412     0.570562     0.450652  9.37738e-15 -2.38637e-13
        0.55     0.180765     0.571105     0.449713 -2.06377e-14  2.33851e-13
       0.551     0.180119     0.571649     0.448774  8.23785e-15 -2.81259e-14
       0.552     0.179474     0.572192     0.447836  1.48239e-14  7.97268e-14
       0.553      0.17883     0.572735     0.446899  6.24518e-15  -1.1589e-13
       0.554     0.178188     0.573279     0.445962 -5.10756e-14  5.12409e-14
       0.555     0.177547     0.573822     0.445025  6.69371e-14 -1.73813e-14
       0.556     0.176907     0.574366     0.444089 -1.01879e-14 -1.66792e-13
       0.557     0.176268      0.57491     0.443153 -3.06245e-14  3.49182e-13
       0.558     0.175631     0.575454     0.442218 -9.37612e-15  -2.8217e-13
       0.559     0.174995     0.575998     0.441283  5.07319e-14  2.13836e-13
        0.56      0.17436     0.576542     0.440349 -2.68713e-14 -1.45788e-13
       0.561     0.173727     0.577086     0.439415  -3.9444e-15  1.03572e-13
       0.562     0.173095     0.577631     0.438481  -4.4334e-14  -1.9137e-13
       0.563     0.172464     0.578175     0.437548  4.87269e-14  1.01343e-13
       0.564     0.171834      0.57872     0.436616 -9.83383e-15  1.41182e-13
       0.565     0.171206     0.579265     0.435683 -1.90154e-15 -1.97272e-13
       0.566     0.170578      0.57981     0.434752  2.26908e-14  1.40776e-13
       0.567     0.169953     0.580355      0.43382 -2.34303e-14  1.98989e-14
       0.568     0.169328       0.5809     0.432889  1.73904e-16  -3.4601e-14
       0.569     0.168704     0.581446     0.431959  4.06007e-14 -8.63165e-15
        0.57     0.168082     0.581991     0.431029 -4.92371e-14 -5.79425e-14
       0.571     0.167461     0.582537     0.430099  9.44723e-15 -2.14862e-14
       0.572     0.166842     0.583083      0.42917  1.77051e-14 -9.74537e-15
       0.573     0.166223     0.583629     0.428241  7.02596e-16 -4.18144e-14
       0.574     0.165606     0.584175     0.427313 -4.94561e-14 -1.08094e-13
       0.575      0.16499     0.584721     0.426385  4.39117e-14  1.27804e-14
       0.576     0.164375     0.585268     0.425458 -1.06023e-15  2.64713e-13
       0.577     0.163761     0.585815      0.42453 -9.73825e-15 -2.44856e-14
       0.578     0.163149     0.586362     0.423604  4.77243e-14 -7.92603e-14
       0.579     0.162538     0.586909     0.422677 -5.49307e-14   9.7899e-14
        0.58     0.161928     0.587456     0.421751  3.95439e-14 -9.80676e-14
       0.581     0.161319     0.588003     0.420826   -5.176e-15 -1.15435e-13
       0.582     0.160712     0.588551     0.419901  -4.0418e-14  5.91163e-15
       0.583     0.160106     0.589099     0.418976  4.47999e-14  8.54347e-14
       0.584     0.159501     0.589647     0.418052 -2.69339e-14   5.8856e-14
       0.585     0.158897     0.590195     0.417128  1.83518e-14 -9.75608e-14
       0.586     0.158294     0.590743     0.416204    -2.56e-14  1.71251e-13
       0.587     0.157693     0.591292     0.415281 -2.23998e-14 -2.05951e-13
       0.588     0.157093     0.591841     0.414359  3.89165e-14 -6.77451e-15
       0.589     0.156494      0.59239     0.413436  1.30587e-14  1.85884e-13
        0.59     0.155896     0.592939     0.412514  7.26944e-15  9.74184e-15
       0.591     0.155299     0.593488     0.411593 -3.02289e-14 -6.05636e-14
       0.592     0.154704     0.594038     0.410671 -3.53989e-14 -1.30927e-13
       0.593      0.15411     0.594588     0.409751  5.97875e-14   3.1635e-15
       0.594     0.153517     0.595138      0.40883  3.11448e-15  1.88641e-13
       0.595     0.152925     0.595688      0.40791 -2.27632e-14 -2.72321e-14
       0.596     0.152334     0.596239      0.40699  5.70229e-15  -4.8057e-14
       0.597     0.151745      0.59679     0.406071   -1.751e-14  -2.0083e-13
       0.598     0.151157      0.59734     0.405152  2.47482e-14  2.46375e-13
       0.599      0.15057     0.597892     0.404233  5.73691e-15  2.75374e-15
         0.6     0.149984     0.598443     0.403315  1.59475e-14 -4.59745e-14
       0.601     0.149399     0.598995     0.402397 -2.89865e-14 -9.75877e-14
       0.602     0.148816     0.599547      0.40148  3.05346e-14  1.25627e-13
       0.603     0.148233     0.600099     0.400563  -6.1566e-15  6.13055e-14
       0.604     0.147652     0.600651     0.399646 -3.15931e-14 -7.80446e-15
       0.605     0.147072     0.601204     0.398729 -1.66715e-14   -8.529e-14
       0.606     0.146493     0.601757     0.397813   4.6925e-14  -5.0948e-14
       0.607     0.145916      0.60231     0.396897 -2.46386e-14  4.18182e-14
       0.608     0.145339     0.602864     0.395982 -1.20616e-14  8.32636e-14
       0.609     0.144764     0.603417     0.395067  3.79579e-14 -1.34026e-13
        0.61      0.14419     0.603971     0.394152 -1.58953e-14  6.98116e-15
       0.611     0.143617     0.604525     0.393238 -4.03878e-14  1.33584e-13
       0.612     0.143045      0.60508     0.392324  6.97299e-14  -3.6882e-14
       0.613     0.142475     0.605635      0.39141 -2.85579e-14 -6.79038e-14
       0.614     0.141905      0.60619     0.390497 -1.50711e-14  1.72556e-13
       0.615     0.141337     0.606745     0.389584  1.79693e-14  -1.6649e-13
       0.616      0.14077     0.607301     0.388671 -3.37132e-14  6.14271e-14
       0.617     0.140204     0.607857     0.387759  2.55285e-14  -4.0327e-14
       0.618     0.139639     0.608413     0.386847 -2.19262e-14  -1.2421e-13
       0.619     0.139075      0.60897     0.385935  3.39201e-14  2.73425e-14
        0.62     0.138512     0.609526     0.385023 -3.10926e-14 -2.44802e-14
       0.621     0.137951     0.610084     0.384112  3.28978e-15  3.19233e-14
       0.622     0.137391     0.610641     0.383202 -1.35739e-15   3.3936e-14
       0.623     0.136832     0.611199     0.382291  2.09854e-14 -4.14945e-14
       0.624     0.136274     0.611757     0.381381 -4.86769e-15 -3.18695e-14
       0.625     0.135717     0.612315     0.380471  2.14618e-15   1.3806e-13
       0.626     0.135161     0.612874     0.379562 -9.57985e-15 -2.24091e-14
       0.627     0.134607     0.613433     0.378652  1.13627e-14  1.87442e-14
       0.628     0.134053     0.613992     0.377744 -1.06008e-14 -4.01432e-14
       0.629     0.133501     0.614552     0.376835  4.03264e-14  1.52827e-13
        0.63      0.13295     0.615112     0.375927 -1.97119e-15 -1.67995e-13
       0.631       0.1324     0.615672     0.375019 -2.46906e-14  1.50047e-13
       0.632     0.131851     0.616233     0.374111 -2.96897e-15  -1.0432e-13
       0.633     0.131303     0.616794     0.373203 -1.09087e-14  -2.5254e-14
       0.634     0.130756     0.617355     0.372296   3.4781e-14  2.35019e-14
       0.635     0.130211     0.617917     0.371389 -1.47377e-14 -7.94419e-14
       0.636     0.129666     0.618479     0.370483 -1.11759e-14  5.46828e-14
       0.637     0.129123     0.619041     0.369577 -1.97982e-14 -7.55294e-14
       0.638     0.128581     0.619604     0.368671   1.9238e-14  3.16446e-14
       0.639      0.12804     0.620167     0.367765 -3.41378e-14  3.54083e-14
        0.64       0.1275      0.62073      0.36686  4.14527e-14   1.4595e-13
       0.641     0.126961     0.621294     0.365954  1.93578e-14 -1.03541e-13
       0.642     0.126424     0.621859      0.36505 -4.08165e-14 -1.23677e-13
       0.643     0.125887     0.622423     0.364145  8.09925e-16   3.7375e-14
       0.644     0.125352     0.622988     0.363241  2.21163e-14  1.44015e-13
       0.645     0.124817     0.623553     0.362337 -1.11828e-14  6.99359e-14
       0.646     0.124284     0.624119     0.361433   1.6911e-14  8.86381e-15
       0.647     0.123752     0.624685     0.360529  -2.1438e-14 -2.25462e-13
       0.648     0.123221     0.625252     0.359626  2.41424e-14 -1.50258e-14
       0.649     0.122691     0.625819     0.358723 -1.55818e-14 -1.20556e-14
        0.65     0.122162     0.626386      0.35782 -1.17107e-14   2.1093e-13
       0.651     0.121634     0.626954     0.356918  7.82344e-15 -1.26109e-13
       0.652     0.121108     0.627522     0.356016  2.10437e-14  5.25474e-14
       0.653     0.120582     0.628091     0.355114  1.15776e-14 -1.59985e-13
       0.654     0.120058      0.62866     0.354212  -9.9444e-15  2.75884e-13
       0.655     0.119535     0.629229      0.35331 -2.20066e-14 -4.90995e-14
       0.656     0.119012     0.629799     0.352409  2.08045e-14 -1.43722e-13
       0.657     0.118491     0.630369     0.351508  8.33925e-16  9.21107e-14
       0.658     0.117971      0.63094     0.350607 -2.38168e-14  -2.0222e-13
       0.659     0.117452     0.631511     0.349707  1.59112e-14  1.87883e-13
        0.66     0.116934     0.632082     0.348807 -1.00704e-14 -9.59967e-14
       0.661     0.116417     0.632654     0.347907  6.09699e-15  2.84403e-14
       0.662     0.115902     0.633227     0.347007  5.68847e-15  1.21819e-13
       0.663     0.115387       0.6338     0.346107 -5.06709e-15  3.42662e-14
       0.664     0.114874     0.634373     0.345208  9.30928e-15 -7.38415e-14
       0.665     0.114361     0.634947     0.344309 -1.71738e-14 -4.03429e-14
       0.666      0.11385     0.635521      0.34341  2.67713e-14 -9.66948e-15
       0.667      0.11334     0.636096     0.342511 -1.42657e-14  1.18063e-13
       0.668      0.11283     0.636671     0.341613  6.82789e-15 -2.12856e-13
       0.669     0.112322     0.637247     0.340714   6.2009e-15  1.17444e-13
        0.67     0.111815     0.637823     0.339816 -2.20707e-14  -6.8367e-14
       0.671     0.111309     0.638399     0.338918 -2.79154e-15  7.89608e-14
       0.672     0.110804     0.638977     0.338021  3.22786e-15  -4.4979e-14
       0.673       0.1103     0.639554     0.337123  5.82252e-15  1.35497e-13
       0.674     0.109798     0.640132     0.336226  2.76619e-14  6.10788e-16
       0.675     0.109296     0.640711     0.335329 -5.84738e-15  -6.8378e-14
       0.676     0.108795      0.64129     0.334432 -2.38735e-14 -8.26239e-14
       0.677     0.108296      0.64187     0.333536  1.17448e-14  4.54425e-14
       0.678     0.107797      0.64245     0.332639  4.14127e-15 -9.66835e-15
       0.679       0.1073      0.64303     0.331743 -1.74743e-14  4.09798e-14
        0.68     0.106804     0.643612     0.330847  2.03574e-14  3.00508e-14
       0.681     0.106308     0.644193     0.329951 -1.82074e-14 -5.37951e-14
       0.682     0.105814     0.644776     0.329055  2.26433e-14 -1.68419e-13
       0.683     0.105321     0.645358      0.32816 -1.01343e-14  2.50376e-13
       0.684     0.104829     0.645942     0.327264  2.62734e-14  6.09371e-14
       0.685     0.104338     0.646525     0.326369 -3.78356e-14 -2.91401e-13
       0.686     0.103848      0.64711     0.325474   5.7652e-15  3.38494e-14
       0.687     0.103359     0.647695     0.324579  1.77774e-15  1.24707e-13
       0.688     0.102871      0.64828     0.323685  3.64111e-14   1.1716e-13
       0.689     0.102384     0.648866      0.32279 -2.92365e-14 -2.64164e-13
        0.69     0.101898     0.649453     0.321896 -1.11832e-14   2.3054e-13
       0.691     0.101413      0.65004     0.321002  6.72445e-16 -1.62694e-13
       0.692      0.10093     0.650628     0.320108 -6.96369e-15  1.68056e-13
       0.693     0.100447     0.651216     0.319214  2.23998e-14 -1.84113e-14
       0.694    0.0999654     0.651805      0.31832  1.43265e-14 -8.78955e-14
       0.695    0.0994849     0.652395     0.317427 -1.01747e-14 -3.08501e-14
       0.696    0.0990053     0.652985     0.316533 -6.00485e-15 -1.96942e-14
       0.697    0.0985269     0.653576      0.31564  4.42832e-15  9.20293e-14
       0.698    0.0980494     0.654167     0.314747 -7.96563e-16 -4.50268e-14
       0.699    0.0975731     0.654759     0.313854  6.84263e-15  1.52514e-14
         0.7    0.0970977     0.655352     0.312961 -3.25737e-14  5.11672e-15
       0.701    0.0966234     0.655945     0.312069  1.05381e-14 -4.19508e-14
       0.702    0.0961501     0.656539     0.311176  2.33036e-14  8.66294e-14
       0.703    0.0956779     0.657133     0.310284  1.08146e-14 -4.94612e-14
       0.704    0.0952067     0.657728     0.309391 -2.21379e-14 -4.03264e-14
       0.705    0.0947366     0.658324     0.308499 -2.14934e-14  7.80383e-14
       0.706    0.0942674      0.65892     0.307607  2.79105e-14 -4.48436e-14
       0.707    0.0937993     0.659517     0.306715  1.63654e-14  3.78881e-14
       0.708    0.0933323     0.660115     0.305823 -2.09383e-14 -7.27781e-14
       0.709    0.0928663     0.660713     0.304932  1.80701e-14  6.37029e-14
        0.71    0.0924013     0.661312      0.30404 -1.95123e-14  4.29428e-14
       0.711    0.0919373     0.661912     0.303149 -1.51058e-14 -1.05459e-13
       0.712    0.0914743     0.662512     0.302257  3.95502e-14 -2.40222e-14
       0.713    0.0910124     0.663114     0.301366 -1.52907e-15  1.46309e-13
       0.714    0.0905515     0.663715     0.300475 -1.50891e-14 -4.92622e-14
       0.715    0.0900917     0.664318     0.299584 -1.06332e-15  7.45586e-14
       0.716    0.0896328     0.664921     0.298693  5.09165e-15  -1.9683e-13
       0.717     0.089175     0.665525     0.297802 -4.15364e-15  1.28349e-13
       0.718    0.0887182     0.666129     0.296911 -8.92059e-15 -1.48191e-13
       0.719    0.0882625     0.666735      0.29602  1.59739e-14  1.21666e-13
        0.72    0.0878077     0.667341      0.29513 -1.80409e-14 -3.98078e-14
       0.721     0.087354     0.667947     0.294239  3.31693e-14  1.48328e-14
       0.722    0.0869013     0.668555     0.293349   6.6008e-15 -3.46383e-15
       0.723    0.0864496     0.669163     0.292458 -3.28379e-14 -5.71125e-14
       0.724    0.0859989     0.669772     0.291568  1.10912e-14  2.70127e-14
       0.725    0.0855492     0.670382     0.290678 -2.23535e-14 -3.11546e-14
       0.726    0.0851006     0.670992     0.289787  2.85804e-14  3.35597e-14
       0.727    0.0846529     0.671603     0.288897 -1.45654e-15   9.3941e-14
       0.728    0.0842063     0.672215     0.288007 -1.83697e-14 -2.45901e-14
       0.729    0.0837607     0.672828     0.287117  4.87722e-16 -1.47084e-13
        0.73    0.0833161     0.673442     0.286227 -1.49094e-14   1.2362e-13
       0.731    0.0828725     0.674056     0.285337   3.7971e-14  1.10537e-13
       0.732    0.0824299     0.674671     0.284447 -1.53458e-14 -1.28923e-13
       0.733    0.0819884     0.675287     0.283557   5.4141e-15  1.05855e-13
       0.734    0.0815478     0.675904     0.282668  -1.2333e-16  2.55463e-14
       0.735    0.0811083     0.676522     0.281778  1.29793e-14 -8.85547e-14
       0.736    0.0806697      0.67714     0.280888 -3.46911e-15  1.15574e-13
       0.737    0.0802322     0.677759     0.279998 -1.06796e-14 -3.35705e-14
       0.738    0.0797956      0.67838     0.279109   2.5267e-14 -8.86032e-14
       0.739    0.0793601     0.679001     0.278219 -1.87133e-14 -1.06768e-13
        0.74    0.0789256     0.679622     0.277329  6.62731e-15  3.65252e-15
       0.741     0.078492     0.680245      0.27644 -2.34373e-14  6.81709e-14
       0.742    0.0780595     0.680869      0.27555  2.38685e-15 -5.46866e-14
       0.743     0.077628     0.681493      0.27466  3.52564e-15  1.20246e-13
       0.744    0.0771974     0.682118     0.273771  9.71805e-15 -5.98041e-14
       0.745    0.0767679     0.682744     0.272881  1.20177e-14 -6.66737e-14
       0.746    0.0763394     0.683371     0.271992 -3.22066e-14  1.08702e-13
       0.747    0.0759119     0.683999     0.271102  2.55459e-14 -1.64982e-14
       0.748    0.0754853     0.684628     0.270212 -2.68796e-14  6.57762e-14
       0.749    0.0750598     0.685258     0.269323  8.81063e-15 -2.03039e-14
        0.75    0.0746352     0.685889     0.268433  1.62548e-14 -5.81505e-14
       0.751    0.0742117     0.686521     0.267543  8.08235e-15 -1.05102e-13
       0.752    0.0737891     0.687153     0.266654 -1.69744e-14  1.43504e-13
       0.753    0.0733676     0.687787     0.265764  4.76919e-15  3.99506e-14
       0.754     0.072947     0.688421     0.264874  2.64864e-14  7.33784e-15
       0.755    0.0725274     0.689057     0.263984  6.47539e-16 -7.02546e-14
       0.756    0.0721088     0.689693     0.263095  -3.4401e-14 -1.34659e-13
       0.757    0.0716912     0.690331     0.262205 -2.08198e-15  2.46496e-14
       0.758    0.0712746     0.690969     0.261315  2.88257e-14  2.64648e-14
       0.759     0.070859     0.691608     0.260425  2.35339e-15  9.44992e-14
        0.76    0.0704444     0.692249     0.259535 -3.55163e-14 -2.03204e-13
       0.761    0.0700308      0.69289     0.258645 -2.10192e-15  1.97339e-13
       0.762    0.0696181     0.693533     0.257755  1.25101e-14  9.84468e-14
       0.763    0.0692064     0.694176     0.256865 -8.97607e-15 -6.29937e-15
       0.764    0.0687958     0.694821     0.255974  3.22857e-14 -1.03231e-13
       0.765    0.0683861     0.695466     0.255084 -3.38226e-14  9.15186e-15
       0.766    0.0679774     0.696113     0.254194  1.67527e-14  2.88605e-15
       0.767    0.0675696     0.696761     0.253303 -4.53149e-15  4.37142e-14
       0.768    0.0671629      0.69741     0.252413  1.83035e-14 -2.86583e-14
       0.769    0.0667571     0.698059     0.251522  1.94193e-14 -1.82766e-14
        0.77    0.0663524      0.69871     0.250631 -1.63788e-14  7.21644e-14
       0.771    0.0659486     0.699363      0.24974 -9.15139e-15 -1.34175e-13
       0.772    0.0655458     0.700016     0.248849  8.09446e-16  1.13693e-13
       0.773    0.0651439      0.70067     0.247958 -1.24419e-14  2.51121e-14
       0.774    0.0647431     0.701326     0.247067  2.84695e-14 -8.05635e-14
       0.775    0.0643432     0.701982     0.246176 -6.11558e-15  -7.6248e-14
       0.776    0.0639443      0.70264     0.245284  1.14438e-14  8.18759e-14
       0.777    0.0635464     0.703299     0.244393 -1.96664e-14  -8.5463e-14
       0.778    0.0631495     0.703959     0.243501 -2.34115e-14 -9.99697e-14
       0.779    0.0627535      0.70462     0.242609   3.3763e-14   2.0075e-13
        0.78    0.0623585     0.705283     0.241717  8.39288e-15 -2.43702e-14
       0.781    0.0619645     0.705946     0.240825 -1.02068e-14 -1.56619e-13
       0.782    0.0615715     0.706611     0.239933 -9.40258e-15  5.14317e-14
       0.783    0.0611795     0.707277     0.239041 -4.43578e-15   1.2593e-14
       0.784    0.0607884     0.707945     0.238148  8.89373e-15 -4.69392e-14
       0.785    0.0603983     0.708613     0.237256 -1.40706e-14  7.56401e-14
       0.786    0.0600091     0.709283     0.236363  2.72341e-14  4.52992e-14
       0.787     0.059621     0.709954      0.23547 -1.56815e-14  2.90873e-14
       0.788    0.0592338     0.710627     0.234576  6.87794e-15  1.81106e-14
       0.789    0.0588476       0.7113     0.233683  1.26649e-15  -1.0825e-13
        0.79    0.0584624     0.711975     0.232789 -1.19915e-14 -2.64303e-14
       0.791    0.0580781     0.712652     0.231896 -5.65738e-15  1.38806e-13
       0.792    0.0576948     0.713329     0.231002   2.3396e-14  6.35751e-14
       0.793    0.0573125     0.714008     0.230108 -1.90488e-14 -4.20103e-14
       0.794    0.0569312     0.714689     0.229213  7.55346e-15  2.39423e-14
       0.795    0.0565508      0.71537     0.228319   4.1436e-15 -1.04313e-13
       0.796    0.0561714     0.716053     0.227424  1.17464e-14 -2.08635e-14
       0.797     0.055793     0.716738     0.226529 -1.66596e-14 -8.64175e-15
       0.798    0.0554155     0.717424     0.225634 -2.73575e-15  -2.8692e-14
       0.799     0.055039     0.718111     0.224738 -3.75332e-15 -3.22524e-14
         0.8    0.0546635       0.7188     0.223842  5.93402e-15  3.57836e-14
       0.801    0.0542889      0.71949     0.222946  1.45107e-14  -5.6093e-14
       0.802    0.0539153     0.720182      0.22205 -1.07659e-14  1.68006e-13
       0.803    0.0535427     0.720875     0.221154  1.42946e-14 -6.16682e-14
       0.804    0.0531711     0.721569     0.220257 -1.28695e-14  1.06031e-14
       0.805    0.0528004     0.722265      0.21936 -6.74485e-15 -1.59395e-14
       0.806    0.0524307     0.722963     0.218463  1.91115e-15 -2.87722e-14
       0.807    0.0520619     0.723662     0.217565  9.87569e-15  5.80985e-14
       0.808    0.0516942     0.724363     0.216667 -9.90172e-15 -8.38362e-14
       0.809    0.0513273     0.725065     0.215769  6.51981e-15  1.50711e-13
        0.81    0.0509615     0.725769      0.21487 -3.71425e-15 -5.69887e-14
       0.811    0.0505966     0.726474     0.213972 -3.27722e-15  -7.5991e-14
       0.812    0.0502327     0.727181     0.213073 -8.06549e-15  4.45127e-15
       0.813    0.0498698      0.72789     0.212173  1.30291e-14 -3.77725e-14
       0.814    0.0495078       0.7286     0.211273  7.35785e-15  1.17826e-13
       0.815    0.0491468     0.729312     0.210373 -1.58091e-14 -2.19744e-14
       0.816    0.0487867     0.730025     0.209473  1.70594e-14 -1.23862e-13
       0.817    0.0484276      0.73074     0.208572 -5.14674e-15  4.28148e-14
       0.818    0.0480695     0.731457     0.207671 -1.86694e-14  2.43329e-14
       0.819    0.0477124     0.732176      0.20677  3.24176e-14  1.42171e-13
        0.82    0.0473562     0.732896     0.205868 -9.15652e-15 -1.26779e-13
       0.821    0.0470009     0.733618     0.204966 -7.95727e-15 -8.06116e-14
       0.822    0.0466467     0.734342     0.204063  1.85665e-14   9.8977e-14
       0.823    0.0462934     0.735068      0.20316 -1.55401e-14 -2.26972e-14
       0.824    0.0459411     0.735795     0.202257 -9.25711e-16  7.53209e-14
       0.825    0.0455897     0.736525     0.201353  9.43731e-15  3.74922e-14
       0.826    0.0452393     0.737256     0.200449 -8.99795e-15 -2.80384e-14
       0.827    0.0448899     0.737989     0.199544  2.02237e-15 -1.32128e-13
       0.828    0.0445414     0.738724     0.198639 -6.23994e-15   8.8588e-14
       0.829    0.0441939      0.73946     0.197733  3.59796e-15 -1.45477e-14
        0.83    0.0438474     0.740199     0.196827  7.05913e-15  4.63036e-14
       0.831    0.0435018      0.74094     0.195921 -1.02251e-14 -2.88287e-14
       0.832    0.0431572     0.741682     0.195014  9.46503e-15 -2.32042e-14
       0.833    0.0428135     0.742427     0.194107  2.84751e-15  1.83359e-14
       0.834    0.0424709     0.743173     0.193199 -5.86974e-15 -1.07044e-14
       0.835    0.0421291     0.743922     0.192291  2.06818e-15  2.58493e-14
       0.836    0.0417884     0.744672     0.191382  1.59543e-15  7.89198e-14
       0.837    0.0414486     0.745425     0.190473 -3.99994e-15  -1.8356e-13
       0.838    0.0411098      0.74618     0.189563 -8.02274e-15  8.64343e-14
       0.839    0.0407719     0.746936     0.188653  1.59306e-14 -1.93629e-14
        0.84     0.040435     0.747695     0.187742 -5.16408e-15   7.9465e-14
       0.841    0.0400991     0.748457      0.18683   1.3433e-14 -6.78791e-15
       0.842    0.0397642      0.74922     0.185918 -6.81706e-15 -4.28929e-14
       0.843    0.0394302     0.749985     0.185006  7.32519e-15 -6.03266e-14
       0.844    0.0390972     0.750753     0.184093 -3.42837e-15  5.53469e-14
       0.845    0.0387651     0.751523     0.183179  2.45599e-15  4.37583e-14
       0.846     0.038434     0.752295     0.182265 -2.33182e-14 -1.65551e-15
       0.847    0.0381039      0.75307      0.18135  1.97634e-14 -8.21953e-14
       0.848    0.0377747     0.753847     0.180434 -1.35448e-14  4.83471e-14
       0.849    0.0374465     0.754626     0.179518  1.88863e-14  3.71769e-14
        0.85    0.0371193     0.755408     0.178602 -4.15403e-15  -8.6303e-14
       0.851    0.0367931     0.756192     0.177684 -4.99968e-15  1.04258e-13
       0.852    0.0364678     0.756978     0.176766 -1.11993e-14 -9.85817e-14
       0.853    0.0361435     0.757767     0.175848  1.82744e-14 -1.08292e-13
       0.854    0.0358201     0.758558     0.174928  1.07622e-14  3.47963e-14
       0.855    0.0354978     0.759352     0.174008 -9.44535e-15  7.52324e-14
       0.856    0.0351764     0.760149     0.173087  9.47396e-15  7.57776e-14
       0.857    0.0348559     0.760948     0.172166 -2.54538e-14 -2.29876e-14
       0.858    0.0345365      0.76175     0.171244  2.14464e-14 -4.09071e-14
       0.859     0.034218     0.762554     0.170321 -6.48777e-15   7.1627e-14
        0.86    0.0339005     0.763361     0.169397 -6.85022e-16 -2.96956e-14
       0.861    0.0335839     0.764171     0.168472  3.77924e-15 -7.60526e-14
       0.862    0.0332683     0.764983     0.167547 -6.03103e-15   1.6451e-13
       0.863    0.0329537     0.765798     0.166621  1.48651e-14 -1.94625e-13
       0.864    0.0326401     0.766616     0.165694 -7.10895e-15  1.60433e-13
       0.865    0.0323275     0.767437     0.164766  -1.5306e-14  1.91561e-14
       0.866    0.0320158     0.768261     0.163838  6.10673e-15 -3.57153e-15
       0.867    0.0317051     0.769088     0.162909 -1.05017e-15 -9.73641e-14
       0.868    0.0313954     0.769918     0.161978  9.30585e-15  9.40128e-14
       0.869    0.0310866      0.77075     0.161047 -5.98876e-15 -1.96014e-13
        0.87    0.0307789     0.771586     0.160115  4.59425e-15  2.33856e-13
       0.871    0.0304721     0.772425     0.159182  3.72262e-15 -1.49212e-13
       0.872    0.0301663     0.773267     0.158249 -1.60054e-15   3.6078e-14
       0.873    0.0298614     0.774112     0.157314 -8.38535e-15  6.77289e-14
       0.874    0.0295576      0.77496     0.156378  1.43192e-14 -2.82656e-14
       0.875    0.0292547     0.775812     0.155441 -6.46461e-15  7.34173e-15
       0.876    0.0289528     0.776666     0.154504  7.02621e-15 -4.33637e-14
       0.877    0.0286519     0.777524     0.153565   -1.446e-15 -4.46345e-15
       0.878     0.028352     0.778386     0.152625   7.0725e-15  2.55078e-14
       0.879    0.0280531     0.779251     0.151684 -2.00141e-15 -3.58214e-14
        0.88    0.0277551     0.780119     0.150743  3.10337e-15  6.46259e-14
       0.881    0.0274582     0.780991       0.1498 -2.93057e-15 -4.62614e-14
       0.882    0.0271622     0.781867     0.148856 -6.79965e-15 -4.55642e-14
       0.883    0.0268672     0.782746      0.14791  2.21272e-15 -4.03041e-16
       0.884    0.0265732     0.783629     0.146964  4.81044e-15 -5.04582e-14
       0.885    0.0262802     0.784515     0.146017 -1.67081e-15  3.05042e-14
       0.886    0.0259882     0.785405     0.145068 -6.70605e-15  2.14777e-14
       0.887    0.0256972     0.786299     0.144118 -1.68226e-15  1.11791e-13
       0.888    0.0254072     0.787197     0.143167  1.18164e-14 -1.13264e-13
       0.889    0.0251182     0.788099     0.142215 -7.15202e-15  -2.8289e-14
        0.89    0.0248301     0.789005     0.141261  1.32206e-15  4.76021e-14
       0.891    0.0245431     0.789915     0.140306 -5.87529e-15 -2.39588e-14
       0.892    0.0242571     0.790829      0.13935  1.23624e-14  1.73403e-14
       0.893     0.023972     0.791748     0.138393  1.33603e-15   2.3632e-14
       0.894     0.023688      0.79267     0.137434 -5.17154e-15  3.99459e-14
       0.895     0.023405     0.793597     0.136474           -0 -4.23939e-14
       0.896     0.023123     0.794529     0.135512  7.52346e-15 -6.83124e-14
       0.897     0.022842     0.795464     0.134549  1.54883e-15  8.97026e-14
       0.898     0.022562     0.796405     0.133584 -1.02981e-14 -2.29322e-14
       0.899     0.022283      0.79735     0.132618 -8.38546e-15 -1.00822e-13
         0.9     0.022005     0.798299     0.131651  1.15477e-14  7.66495e-14
       0.901     0.021728     0.799254     0.130681 -7.85773e-16  1.10152e-13
       0.902     0.021452     0.800213     0.129711  1.57735e-15 -6.22069e-14
       0.903    0.0211771     0.801177     0.128738 -9.30138e-15  4.13942e-14
       0.904    0.0209032     0.802146     0.127764  1.41035e-14  3.91082e-14
       0.905    0.0206303     0.803121     0.126789  2.39265e-15 -5.07864e-14
       0.906    0.0203584       0.8041     0.125811   -1.421e-14 -3.62249e-14
       0.907    0.0200875     0.805085     0.124832  1.26568e-14  2.23368e-14
       0.908    0.0198177     0.806075     0.123851 -2.62169e-15 -3.02608e-14
       0.909    0.0195489      0.80707     0.122868 -3.03666e-15 -6.74071e-14
        0.91    0.0192811     0.808072     0.121884  1.82904e-15  1.10707e-13
       0.911    0.0190144     0.809078     0.120897 -4.89641e-15 -7.46714e-15
       0.912    0.0187486     0.810091     0.119909 -3.27705e-15 -2.17826e-16
       0.913     0.018484     0.811109     0.118918  1.91228e-14 -2.80835e-15
       0.914    0.0182203     0.812134     0.117926 -1.54827e-14  2.14224e-16
       0.915    0.0179577     0.813164     0.116932  8.08313e-15 -9.11272e-14
       0.916    0.0176962     0.814201     0.115935 -4.57801e-15  6.10762e-15
       0.917    0.0174357     0.815244     0.114936  2.50718e-15  1.27364e-14
       0.918    0.0171762     0.816294     0.113936  7.76189e-15   8.3411e-14
       0.919    0.0169178      0.81735     0.112933 -1.01107e-14 -1.64122e-14
        0.92    0.0166604     0.818412     0.111927  6.76821e-15 -8.53972e-14
       0.921    0.0164041     0.819482      0.11092 -4.88483e-15  1.58376e-13
       0.922    0.0161489     0.820559     0.109909  3.83887e-15 -5.37089e-14
       0.923    0.0158947     0.821643     0.108897 -7.06753e-15 -4.72795e-14
       0.924    0.0156416     0.822734     0.107882   9.2482e-15 -3.17485e-14
       0.925    0.0153895     0.823833     0.106864 -4.31983e-16  -5.9792e-14
       0.926    0.0151385     0.824939     0.105844  4.77223e-15  5.80675e-14
       0.927    0.0148886     0.826053     0.104822 -8.71435e-15  2.55161e-14
       0.928    0.0146398     0.827175     0.103796 -6.56426e-16 -4.18594e-14
       0.929     0.014392     0.828305     0.102768   2.1977e-15  3.15502e-14
        0.93    0.0141454     0.829444     0.101737  9.05048e-15   4.7867e-14
       0.931    0.0138998     0.830591     0.100703 -9.97778e-15 -5.87225e-14
       0.932    0.0136553     0.831746    0.0996654 -7.79541e-16   1.0501e-14
       0.933    0.0134119     0.832911    0.0986253  6.48835e-15  -4.1924e-14
       0.934    0.0131696     0.834085     0.097582  1.23618e-15  4.28987e-14
       0.935    0.0129284     0.835268    0.0965355 -1.58057e-15  3.71776e-14
       0.936    0.0126883     0.836461    0.0954857  4.19664e-15  2.60189e-15
       0.937    0.0124494     0.837664    0.0944325 -3.64655e-15  2.45311e-14
       0.938    0.0122115     0.838877    0.0933758 -2.51887e-15 -1.07034e-13
       0.939    0.0119748       0.8401    0.0923155  6.90243e-15  7.64713e-14
        0.94    0.0117392     0.841334    0.0912516 -3.12106e-15  -3.7795e-14
       0.941    0.0115047     0.842578    0.0901839  2.20698e-15   5.7995e-14
       0.942    0.0112713     0.843834    0.0891123 -5.95307e-15 -3.62614e-14
       0.943    0.0110391     0.845102    0.0880367  8.79789e-15  -7.2607e-14
       0.944    0.0108081     0.846381     0.086957 -2.35784e-16 -2.41688e-14
       0.945    0.0105781     0.847673    0.0858732 -4.97649e-15  2.09036e-14
       0.946    0.0103494     0.848977     0.084785  3.09641e-15  4.40498e-14
       0.947    0.0101218     0.850294    0.0836923           -0  9.74546e-14
       0.948   0.00989536     0.851625     0.082595  3.24894e-15 -1.03229e-13
       0.949    0.0096701     0.852969     0.081493 -5.80632e-15 -2.35384e-14
        0.95   0.00944603     0.854327    0.0803861  -1.3377e-15  3.59232e-14
       0.951   0.00922314     0.855701    0.0792741  2.20076e-15  9.07258e-15
       0.952   0.00900145     0.857089     0.078157 -6.14652e-16 -2.34267e-14
       0.953   0.00878096     0.858493    0.0770344  4.94432e-15 -4.19822e-15
       0.954   0.00856168     0.859913    0.0759063   4.9719e-16  2.97845e-14
       0.955   0.00834361      0.86135    0.0747725 -4.37498e-15 -6.57425e-14
       0.956   0.00812677     0.862804    0.0736327  4.65142e-15   1.1062e-13
       0.957   0.00791116     0.864276    0.0724868  1.26442e-16 -2.93645e-14
       0.958   0.00769679     0.865767    0.0713345 -1.39902e-15 -3.52474e-14
       0.959   0.00748368     0.867277    0.0701755   1.2794e-15  3.50572e-14
        0.96   0.00727182     0.868808    0.0690098  -3.4752e-15  2.72038e-14
       0.961   0.00706123     0.870359    0.0678368  4.01444e-15 -8.08404e-14
       0.962   0.00685192     0.871932    0.0666565  1.82422e-15  2.80924e-14
       0.963    0.0066439     0.873528    0.0654685 -2.62243e-15 -4.51934e-15
       0.964   0.00643719     0.875148    0.0642724  2.63919e-16  3.49104e-14
       0.965   0.00623178     0.876792     0.063068  1.85943e-15  3.19648e-14
       0.966    0.0060277     0.878462    0.0618549 -1.60431e-15 -1.14838e-13
       0.967   0.00582496      0.88016    0.0606326  1.07672e-15  6.54262e-14
       0.968   0.00562357     0.881886    0.0594008  4.06526e-16  1.72652e-14
       0.969   0.00542355     0.883641    0.0581591  -1.0916e-15  -7.5224e-14
        0.97    0.0052249     0.885429    0.0569068  2.06123e-15  4.87939e-14
       0.971   0.00502765     0.887249    0.0556436 -2.49132e-15  8.28873e-15
       0.972   0.00483182     0.889105    0.0543688  5.57697e-16  5.72844e-15
       0.973   0.00463741     0.890997    0.0530819  5.89976e-15  1.25357e-14
       0.974   0.00444445     0.892929    0.0517821 -2.68939e-15 -4.32709e-15
       0.975   0.00425296     0.894902    0.0504687  -7.1328e-16   1.2652e-14
       0.976   0.00406296     0.896919    0.0491409  1.43799e-16   -2.321e-14
       0.977   0.00387446     0.898984    0.0477979  1.73975e-15 -3.73367e-14
       0.978   0.00368751       0.9011    0.0464386  4.38598e-16  5.34845e-14
       0.979   0.00350211     0.903269    0.0450621  1.32715e-15  -3.8474e-14
        0.98    0.0033183     0.905497    0.0436669  -5.9508e-16 -3.34753e-14
       0.981    0.0031361     0.907788    0.0422519  1.50128e-16  4.86625e-14
       0.982   0.00295556     0.910148    0.0408155  4.54623e-16  -3.1141e-15
       0.983   0.00277669     0.912583    0.0393559  4.59039e-16 -1.05811e-14
       0.984   0.00259955     0.915099    0.0378712 -3.09101e-16 -2.14646e-14
       0.985   0.00242417     0.917705    0.0363592 -9.36958e-16  1.99471e-14
       0.986    0.0022506     0.920411    0.0348171  1.57849e-15  2.77029e-14
       0.987   0.00207888     0.923228    0.0332419 -3.19258e-16 -5.80925e-14
       0.988   0.00190908      0.92617    0.0316301  1.45359e-15  1.08023e-14
       0.989   0.00174126     0.929255    0.0299771 -8.17534e-16  1.67725e-14
        0.99   0.00157549     0.932502    0.0282777 -1.65637e-16  2.15751e-14
       0.991   0.00141185      0.93594    0.0265254           -0 -1.77324e-14
       0.992   0.00125043     0.939602    0.0247118  1.19276e-15 -3.75292e-14
       0.993   0.00109136     0.943534    0.0228262 -6.92363e-16  2.65383e-15
       0.994  0.000934767     0.947801    0.0208543  3.52131e-16  2.87918e-15
       0.995  0.000780819     0.952495    0.0187761  7.17598e-16  -1.4735e-14
       0.996  0.000629731     0.957762    0.0165625 -5.49649e-16 -7.22098e-15
       0.997  0.000481791     0.963847    0.0141673 -3.75457e-16 -3.72661e-14
       0.998  0.000337407     0.971233    0.0115091 -1.93355e-16 -3.62953e-14
       0.999  0.000197224     0.981157   0.00841418 -6.03536e-16 -1.32431e-13
           1  6.24924e-05            1   0.00430379 -1.57771e-12 -1.96444e-08