       0.001            1    0.0650678     0.866589  -2.4754e-11 -5.09602e-12
       0.002     0.984691     0.082091     0.859614 -2.47495e-11 -5.09483e-12
       0.003     0.976634    0.0940581     0.855923 -2.47538e-11 -5.09686e-12
       0.004     0.969622     0.103605     0.852698 -2.47455e-11  -5.0974e-12
       0.005     0.963271     0.111683     0.849768 -2.47383e-11  -5.0988e-12
       0.006     0.957392     0.118757     0.847047 -2.47498e-11 -5.09921e-12
       0.007     0.951873     0.125095     0.844486  -2.4749e-11 -5.09932e-12
       0.008     0.946644     0.130864     0.842053 -2.47434e-11 -5.09687e-12
       0.009     0.941653     0.136179     0.839725 -2.47402e-11 -5.10203e-12
        0.01     0.936866     0.141121     0.837486 -2.47347e-11 -5.09851e-12
       0.011     0.932253     0.145751     0.835323 -2.47413e-11 -5.10488e-12
       0.012     0.927794     0.150115     0.833228 -2.47366e-11 -5.09586e-12
       0.013     0.923471     0.154248     0.831192 -2.47257e-11 -5.10021e-12
       0.014      0.91927     0.158181     0.829209 -2.47502e-11 -5.10498e-12
       0.015     0.915179     0.161935     0.827274 -2.47307e-11 -5.09401e-12
       0.016     0.911188     0.165532     0.825383 -2.47342e-11 -5.10842e-12
       0.017     0.907289     0.168986     0.823531 -2.47191e-11 -5.09995e-12
       0.018     0.903476     0.172311     0.821716  -2.4736e-11 -5.10233e-12
       0.019      0.89974      0.17552     0.819934 -2.47449e-11 -5.10244e-12
        0.02     0.896078     0.178622     0.818184 -2.46992e-11 -5.10102e-12
       0.021     0.892484     0.181626     0.816464 -2.47747e-11 -5.11013e-12
       0.022     0.888953     0.184539      0.81477 -2.47231e-11 -5.09732e-12
       0.023     0.885483      0.18737     0.813103  -2.4702e-11 -5.10867e-12
       0.024     0.882069     0.190122     0.811459 -2.47217e-11 -5.10092e-12
       0.025     0.878709     0.192803     0.809838 -2.47225e-11 -5.10177e-12
       0.026     0.875399     0.195416     0.808239 -2.47242e-11 -5.10289e-12
       0.027     0.872137     0.197966      0.80666 -2.47331e-11 -5.11545e-12
       0.028     0.868921     0.200456     0.805101 -2.47464e-11 -5.10483e-12
       0.029     0.865749     0.202891      0.80356 -2.46963e-11 -5.10838e-12
        0.03     0.862618     0.205274     0.802036 -2.47385e-11 -5.10234e-12
       0.031     0.859527     0.207606      0.80053 -2.46923e-11 -5.10875e-12
       0.032     0.856474     0.209891     0.799039 -2.47281e-11 -5.10522e-12
       0.033     0.853457     0.212132     0.797564 -2.47241e-11 -5.10087e-12
       0.034     0.850476     0.214331     0.796103 -2.46867e-11 -5.10255e-12
       0.035     0.847529     0.216489     0.794657 -2.47334e-11 -5.11891e-12
       0.036     0.844614     0.218609     0.793224 -2.47177e-11 -5.10788e-12
       0.037      0.84173     0.220692     0.791804 -2.46989e-11 -5.09316e-12
       0.038     0.838877      0.22274     0.790397 -2.47512e-11 -5.12072e-12
       0.039     0.836052     0.224754     0.789002 -2.46714e-11 -5.11276e-12
        0.04     0.833256     0.226737     0.787619 -2.47591e-11 -5.08305e-12
       0.041     0.830487     0.228689     0.786247 -2.46779e-11 -5.12133e-12
       0.042     0.827745     0.230611     0.784886 -2.47155e-11  -5.1007e-12
       0.043     0.825028     0.232505     0.783535 -2.47011e-11 -5.11452e-12
       0.044     0.822337     0.234372     0.782195 -2.47269e-11   -5.123e-12
       0.045     0.819669     0.236213     0.780865 -2.47296e-11 -5.09975e-12
       0.046     0.817025     0.238029     0.779544 -2.46906e-11  -5.1083e-12
       0.047     0.814403      0.23982     0.778233 -2.47004e-11 -5.11313e-12
       0.048     0.811804     0.241588     0.776931 -2.46895e-11 -5.11146e-12
       0.049     0.809226     0.243333     0.775638 -2.47252e-11 -5.09978e-12
        0.05     0.806669     0.245056     0.774353 -2.46714e-11 -5.11648e-12
       0.051     0.804132     0.246758     0.773077 -2.47224e-11 -5.11665e-12
       0.052     0.801616      0.24844     0.771809 -2.47143e-11 -5.11929e-12
       0.053     0.799119     0.250102     0.770548 -2.46751e-11 -5.10009e-12
       0.054     0.796641     0.251745     0.769296 -2.47174e-11 -5.11084e-12
       0.055     0.794181      0.25337     0.768051  -2.4661e-11 -5.10989e-12
       0.056      0.79174     0.254976     0.766813 -2.47124e-11  -5.1471e-12
       0.057     0.789316     0.256565     0.765582 -2.47533e-11 -5.08565e-12
       0.058     0.786909     0.258137     0.764359 -2.46576e-11 -5.10321e-12
       0.059      0.78452     0.259692     0.763142 -2.46884e-11 -5.13355e-12
        0.06     0.782146     0.261232     0.761932 -2.46745e-11 -5.09202e-12
       0.061     0.779789     0.262756     0.760728 -2.47327e-11 -5.09745e-12
       0.062     0.777448     0.264265     0.759531 -2.47055e-11 -5.16376e-12
       0.063     0.775123     0.265759      0.75834 -2.46947e-11 -5.06629e-12
       0.064     0.772812     0.267239     0.757155 -2.46882e-11 -5.13506e-12
       0.065     0.770516     0.268705     0.755976  -2.4713e-11 -5.11951e-12
       0.066     0.768235     0.270157     0.754803 -2.46665e-11 -5.12374e-12
       0.067     0.765969     0.271596     0.753636 -2.47077e-11 -5.05626e-12
       0.068     0.763716     0.273022     0.752474 -2.46659e-11  -5.1679e-12
       0.069     0.761477     0.274436     0.751318 -2.47045e-11   -5.104e-12
        0.07     0.759252     0.275837     0.750167  -2.4723e-11 -5.07097e-12
       0.071      0.75704     0.277226     0.749021 -2.46323e-11 -5.16085e-12
       0.072     0.754841     0.278604     0.747881 -2.47217e-11 -5.12956e-12
       0.073     0.752654      0.27997     0.746745 -2.46809e-11 -5.06412e-12
       0.074     0.750481     0.281325     0.745615 -2.46845e-11  -5.1274e-12
       0.075      0.74832     0.282669      0.74449 -2.46991e-11 -5.13673e-12
       0.076      0.74617     0.284003     0.743369 -2.46766e-11 -5.11954e-12
       0.077     0.744033     0.285326     0.742253 -2.46946e-11 -5.09315e-12
       0.078     0.741908     0.286639     0.741141  -2.4655e-11 -5.15351e-12
       0.079     0.739794     0.287942     0.740035 -2.46661e-11 -5.12212e-12
        0.08     0.737692     0.289235     0.738932  -2.4761e-11 -5.09251e-12
       0.081       0.7356     0.290518     0.737834 -2.46238e-11 -5.12398e-12
       0.082      0.73352     0.291792      0.73674 -2.46954e-11 -5.12726e-12
       0.083     0.731451     0.293057     0.735651  -2.4671e-11 -5.09145e-12
       0.084     0.729392     0.294313     0.734566 -2.46988e-11 -5.10829e-12
       0.085     0.727344     0.295561     0.733485 -2.46615e-11  -5.1619e-12
       0.086     0.725306     0.296799     0.732408 -2.47015e-11 -5.07466e-12
       0.087     0.723279     0.298029     0.731334 -2.46679e-11 -5.15889e-12
       0.088     0.721261     0.299251     0.730265 -2.46751e-11 -5.08253e-12
       0.089     0.719254     0.300465       0.7292 -2.46363e-11 -5.15377e-12
        0.09     0.717256     0.301671     0.728138 -2.46824e-11 -5.06558e-12
       0.091     0.715268     0.302868      0.72708 -2.47425e-11 -5.19624e-12
       0.092      0.71329     0.304059     0.726026 -2.46368e-11 -5.10463e-12
       0.093     0.711321     0.305241     0.724976 -2.46435e-11 -5.09494e-12
       0.094     0.709361     0.306417     0.723929 -2.47277e-11 -5.14084e-12
       0.095      0.70741     0.307585     0.722885 -2.46409e-11  -5.1116e-12
       0.096     0.705468     0.308745     0.721845 -2.46907e-11 -5.11277e-12
       0.097     0.703536     0.309899     0.720809 -2.46442e-11 -5.14896e-12
       0.098     0.701612     0.311046     0.719775 -2.46841e-11 -5.08078e-12
       0.099     0.699696     0.312186     0.718745 -2.46521e-11 -5.13439e-12
         0.1     0.697789      0.31332     0.717719 -2.46568e-11 -5.15639e-12
       0.101     0.695891     0.314447     0.716695 -2.47233e-11 -5.05725e-12
       0.102     0.694001     0.315567     0.715675 -2.46684e-11 -5.17795e-12
       0.103      0.69212     0.316682     0.714658 -2.46962e-11 -5.08442e-12
       0.104     0.690246      0.31779     0.713644 -2.46566e-11 -5.15321e-12
       0.105     0.688381     0.318892     0.712633 -2.46449e-11 -5.09089e-12
       0.106     0.686523     0.319987     0.711625 -2.46483e-11 -5.14962e-12
       0.107     0.684673     0.321077      0.71062  -2.4638e-11 -5.10362e-12
       0.108     0.682832     0.322162     0.709618 -2.47409e-11 -5.11947e-12
       0.109     0.680997      0.32324     0.708619 -2.46282e-11 -5.14943e-12
        0.11     0.679171     0.324313     0.707623 -2.46574e-11 -5.08097e-12
       0.111     0.677352      0.32538      0.70663 -2.46488e-11 -5.12919e-12
       0.112      0.67554     0.326442     0.705639 -2.46762e-11 -5.10101e-12
       0.113     0.673736     0.327498     0.704651 -2.46682e-11 -5.15531e-12
       0.114     0.671939     0.328549     0.703666 -2.46494e-11 -5.14156e-12
       0.115     0.670149     0.329595     0.702684 -2.46785e-11 -5.15161e-12
       0.116     0.668366     0.330635     0.701704 -2.46708e-11 -5.13216e-12
       0.117      0.66659     0.331671     0.700727 -2.46796e-11 -5.07934e-12
       0.118     0.664822     0.332702     0.699752 -2.46161e-11 -5.13266e-12
       0.119      0.66306     0.333727      0.69878 -2.46494e-11 -5.12299e-12
        0.12     0.661305     0.334748     0.697811 -2.46617e-11 -5.11588e-12
       0.121     0.659556     0.335764     0.696844  -2.4625e-11 -5.14266e-12
       0.122     0.657815     0.336775     0.695879 -2.47407e-11  -5.0992e-12
       0.123      0.65608     0.337782     0.694917 -2.46127e-11 -5.14959e-12
       0.124     0.654351     0.338784     0.693958 -2.46968e-11  -5.0963e-12
       0.125     0.652629     0.339782        0.693 -2.46519e-11 -5.20588e-12
       0.126     0.650913     0.340775     0.692046 -2.46594e-11  -5.0392e-12
       0.127     0.649204     0.341763     0.691093 -2.46218e-11 -5.17554e-12
       0.128     0.647501     0.342748     0.690143 -2.46807e-11 -5.08835e-12
       0.129     0.645804     0.343728     0.689195 -2.46714e-11 -5.15804e-12
        0.13     0.644114     0.344704     0.688249 -2.46499e-11  -5.1605e-12
       0.131     0.642429     0.345675     0.687306 -2.46656e-11 -5.12799e-12
       0.132     0.640751     0.346643     0.686365 -2.46415e-11 -5.10507e-12
       0.133     0.639078     0.347606     0.685426 -2.45957e-11 -5.11769e-12
       0.134     0.637412     0.348566     0.684489 -2.46947e-11 -5.10697e-12
       0.135     0.635751     0.349521     0.683554 -2.46029e-11 -5.11909e-12
       0.136     0.634096     0.350473     0.682622 -2.46567e-11 -5.16201e-12
       0.137     0.632447     0.351421     0.681691 -2.46823e-11 -5.16519e-12
       0.138     0.630804     0.352365     0.680763  -2.4621e-11 -5.10235e-12
       0.139     0.629166     0.353305     0.679836 -2.46783e-11 -5.09557e-12
        0.14     0.627534     0.354242     0.678912 -2.46674e-11 -5.11207e-12
       0.141     0.625908     0.355175      0.67799 -2.45797e-11 -5.19227e-12
       0.142     0.624287     0.356104     0.677069 -2.46575e-11 -5.13079e-12
       0.143     0.622671      0.35703     0.676151  -2.4683e-11 -5.13873e-12
       0.144     0.621061     0.357952     0.675235 -2.46246e-11 -5.14663e-12
       0.145     0.619457      0.35887      0.67432 -2.45925e-11 -5.12359e-12
       0.146     0.617857     0.359786     0.673408 -2.46998e-11 -5.12568e-12
       0.147     0.616263     0.360697     0.672497 -2.45727e-11 -5.06728e-12
       0.148     0.614675     0.361606     0.671589 -2.46588e-11 -5.12174e-12
       0.149     0.613091     0.362511     0.670682  -2.4673e-11 -5.10828e-12
        0.15     0.611513     0.363413     0.669777 -2.46101e-11 -5.20785e-12
       0.151     0.609939     0.364312     0.668874 -2.46431e-11 -5.10939e-12
       0.152     0.608371     0.365207     0.667972 -2.47175e-11  -5.1383e-12
       0.153     0.606808     0.366099     0.667073 -2.45167e-11 -5.13729e-12
       0.154      0.60525     0.366988     0.666175  -2.4672e-11 -5.08817e-12
       0.155     0.603697     0.367874     0.665279 -2.47258e-11 -5.15399e-12
       0.156     0.602148     0.368757     0.664385 -2.45459e-11 -5.17497e-12
       0.157     0.600605     0.369637     0.663492 -2.46337e-11 -5.13261e-12
       0.158     0.599066     0.370514     0.662601 -2.46883e-11  -5.1844e-12
       0.159     0.597533     0.371388     0.661712 -2.45901e-11 -5.05318e-12
        0.16     0.596004     0.372259     0.660825 -2.46762e-11 -5.12158e-12
       0.161      0.59448     0.373127     0.659939 -2.46331e-11 -5.11232e-12
       0.162      0.59296     0.373992     0.659055 -2.46174e-11 -5.17281e-12
       0.163     0.591445     0.374855     0.658172 -2.46433e-11 -5.15214e-12
       0.164     0.589935     0.375714     0.657291 -2.46217e-11   -5.113e-12
       0.165     0.588429     0.376571     0.656412 -2.46106e-11 -5.12003e-12
       0.166     0.586928     0.377425     0.655534 -2.46867e-11 -5.17243e-12
       0.167     0.585432     0.378277     0.654658 -2.45988e-11 -5.11586e-12
       0.168     0.583939     0.379126     0.653784 -2.46335e-11  -5.1546e-12
       0.169     0.582452     0.379972     0.652911 -2.46051e-11 -5.16877e-12
        0.17     0.580969     0.380815     0.652039 -2.46487e-11 -5.05646e-12
       0.171      0.57949     0.381656      0.65117 -2.45924e-11 -5.17599e-12
       0.172     0.578015     0.382494     0.650301 -2.46407e-11 -5.12715e-12
       0.173     0.576545      0.38333     0.649434 -2.46718e-11  -5.0979e-12
       0.174      0.57508     0.384163     0.648569  -2.4686e-11 -5.19434e-12
       0.175     0.573618     0.384994     0.647705 -2.45219e-11 -5.09006e-12
       0.176     0.572161     0.385822     0.646843 -2.46537e-11 -5.16216e-12
       0.177     0.570708     0.386648     0.645982 -2.46742e-11 -5.16056e-12
       0.178     0.569259     0.387471     0.645122  -2.4557e-11  -5.1411e-12
       0.179     0.567814     0.388292     0.644264 -2.46595e-11 -5.15021e-12
        0.18     0.566374     0.389111     0.643407  -2.4648e-11  -5.0763e-12
       0.181     0.564937     0.389927     0.642552 -2.45916e-11  -5.1212e-12
       0.182     0.563505     0.390741     0.641698 -2.46018e-11 -5.16962e-12
       0.183     0.562076     0.391552     0.640846 -2.47059e-11 -5.13147e-12
       0.184     0.560652     0.392362     0.639994 -2.45394e-11 -5.10721e-12
       0.185     0.559232     0.393169     0.639145 -2.46251e-11 -5.22525e-12
       0.186     0.557815     0.393974     0.638296 -2.46929e-11  -5.1041e-12
       0.187     0.556403     0.394776     0.637449 -2.45676e-11 -5.09284e-12
       0.188     0.554995     0.395577     0.636603 -2.45687e-11 -5.18553e-12
       0.189      0.55359     0.396375     0.635759 -2.46908e-11 -5.14098e-12
        0.19     0.552189     0.397171     0.634916 -2.46125e-11 -5.11801e-12
       0.191     0.550792     0.397965     0.634074 -2.46128e-11 -5.14463e-12
       0.192     0.549399     0.398757     0.633234 -2.46154e-11 -5.12357e-12
       0.193      0.54801     0.399547     0.632394 -2.46291e-11 -5.23037e-12
       0.194     0.546625     0.400335     0.631556 -2.45842e-11 -5.13151e-12
       0.195     0.545243      0.40112      0.63072 -2.45536e-11 -5.08461e-12
       0.196     0.543865     0.401904     0.629884 -2.46312e-11 -5.14997e-12
       0.197     0.542491     0.402686      0.62905 -2.47239e-11 -5.10586e-12
       0.198      0.54112     0.403465     0.628217  -2.4606e-11 -5.17913e-12
       0.199     0.539753     0.404243     0.627385 -2.45687e-11 -5.09463e-12
         0.2      0.53839     0.405019     0.626555 -2.45912e-11 -5.14878e-12
       0.201      0.53703     0.405793     0.625725 -2.46354e-11  -5.0955e-12
       0.202     0.535674     0.406565     0.624897 -2.45616e-11 -5.16467e-12
       0.203     0.534321     0.407335      0.62407 -2.46654e-11 -5.22643e-12
       0.204     0.532972     0.408103     0.623244  -2.4573e-11 -5.13757e-12
       0.205     0.531627     0.408869      0.62242 -2.46305e-11 -5.13049e-12
       0.206     0.530285     0.409633     0.621596 -2.45572e-11 -5.16534e-12
       0.207     0.528947     0.410396     0.620774 -2.46712e-11 -5.16584e-12
       0.208     0.527612     0.411156     0.619953 -2.46036e-11 -5.05216e-12
       0.209      0.52628     0.411915     0.619133 -2.45955e-11 -5.18241e-12
        0.21     0.524952     0.412673     0.618314 -2.46503e-11 -5.16249e-12
       0.211     0.523627     0.413428     0.617496 -2.46127e-11 -5.10617e-12
       0.212     0.522306     0.414181     0.616679 -2.45528e-11 -5.12756e-12
       0.213     0.520988     0.414933     0.615864 -2.46276e-11 -5.11715e-12
       0.214     0.519674     0.415683     0.615049 -2.45848e-11 -5.19809e-12
       0.215     0.518362     0.416432     0.614236 -2.46344e-11 -5.18326e-12
       0.216     0.517054     0.417179     0.613424 -2.45943e-11 -5.13114e-12
       0.217      0.51575     0.417924     0.612612 -2.45986e-11 -5.17151e-12
       0.218     0.514448     0.418667     0.611802 -2.46192e-11 -5.13327e-12
       0.219      0.51315     0.419409     0.610993 -2.45592e-11 -5.12399e-12
        0.22     0.511856     0.420149     0.610185 -2.46308e-11 -5.09241e-12
       0.221     0.510564     0.420887     0.609378 -2.46158e-11 -5.15943e-12
       0.222     0.509276     0.421624     0.608572 -2.45538e-11 -5.15551e-12
       0.223      0.50799     0.422359     0.607767 -2.45969e-11 -5.13337e-12
       0.224     0.506708     0.423093     0.606963  -2.4607e-11 -5.16035e-12
       0.225      0.50543     0.423825      0.60616 -2.46668e-11 -5.16921e-12
       0.226     0.504154     0.424556     0.605359 -2.45941e-11 -5.14656e-12
       0.227     0.502881     0.425285     0.604558  -2.4588e-11 -5.16982e-12
       0.228     0.501612     0.426012     0.603758 -2.45518e-11 -5.14886e-12
       0.229     0.500345     0.426738     0.602959 -2.46003e-11 -5.12014e-12
        0.23     0.499082     0.427463     0.602161 -2.46267e-11  -5.1053e-12
       0.231     0.497822     0.428186     0.601364 -2.45733e-11 -5.16968e-12
       0.232     0.496565     0.428907     0.600568 -2.45954e-11 -5.19421e-12
       0.233     0.495311     0.429627     0.599773 -2.46131e-11  -5.1191e-12
       0.234      0.49406     0.430346     0.598979 -2.45948e-11 -5.18291e-12
       0.235     0.492811     0.431063     0.598186 -2.45831e-11 -5.06779e-12
       0.236     0.491566     0.431779     0.597394 -2.46267e-11  -5.2647e-12
       0.237     0.490324     0.432493     0.596603 -2.45322e-11 -5.09068e-12
       0.238     0.489085     0.433206     0.595812 -2.46167e-11 -5.11059e-12
       0.239     0.487849     0.433917     0.595023 -2.46317e-11  -5.2061e-12
        0.24     0.486615     0.434627     0.594234 -2.45536e-11 -5.17573e-12
       0.241     0.485385     0.435336     0.593447 -2.45897e-11 -5.11887e-12
       0.242     0.484157     0.436043      0.59266 -2.45616e-11 -5.15112e-12
       0.243     0.482933     0.436749     0.591875 -2.46083e-11 -5.17695e-12
       0.244     0.481711     0.437454      0.59109 -2.46059e-11 -5.11022e-12
       0.245     0.480492     0.438157     0.590306 -2.45844e-11  -5.1155e-12
       0.246     0.479276     0.438859     0.589523 -2.45812e-11 -5.14915e-12
       0.247     0.478063      0.43956     0.588741 -2.46119e-11 -5.15502e-12
       0.248     0.476852     0.440259     0.587959 -2.45792e-11 -5.14898e-12
       0.249     0.475645     0.440957     0.587179 -2.45508e-11 -5.19347e-12
        0.25      0.47444     0.441654     0.586399 -2.46243e-11 -5.16301e-12
       0.251     0.473238      0.44235     0.585621  -2.4541e-11  -5.1503e-12
       0.252     0.472038     0.443044     0.584843 -2.46074e-11 -5.11664e-12
       0.253     0.470842     0.443737     0.584066 -2.45935e-11 -5.18544e-12
       0.254     0.469648     0.444429      0.58329 -2.46056e-11 -5.17934e-12
       0.255     0.468457      0.44512     0.582514 -2.45589e-11 -5.14031e-12
       0.256     0.467269     0.445809      0.58174 -2.45905e-11 -5.16294e-12
       0.257     0.466083     0.446497     0.580966 -2.45967e-11 -5.12362e-12
       0.258       0.4649     0.447184     0.580193 -2.45581e-11 -5.21403e-12
       0.259      0.46372      0.44787     0.579421 -2.46179e-11 -5.12394e-12
        0.26     0.462542     0.448554      0.57865 -2.45274e-11  -5.1028e-12
       0.261     0.461367     0.449238      0.57788 -2.46063e-11 -5.23457e-12
       0.262     0.460195      0.44992      0.57711 -2.45891e-11 -5.04492e-12
       0.263     0.459025     0.450601     0.576341 -2.45432e-11 -5.18739e-12
       0.264     0.457858     0.451281     0.575573 -2.45888e-11 -5.13147e-12
       0.265     0.456694      0.45196     0.574806 -2.45984e-11 -5.17188e-12
       0.266     0.455532     0.452637     0.574039 -2.45736e-11 -5.21908e-12
       0.267     0.454372     0.453314     0.573274  -2.4605e-11 -5.09431e-12
       0.268     0.453216     0.453989     0.572509 -2.45459e-11 -5.18293e-12
       0.269     0.452061     0.454663     0.571745 -2.45826e-11 -5.18887e-12
        0.27      0.45091     0.455337     0.570981 -2.45452e-11  -5.0834e-12
       0.271     0.449761     0.456009     0.570219 -2.45927e-11 -5.18292e-12
       0.272     0.448614      0.45668     0.569457 -2.46053e-11 -5.16345e-12
       0.273      0.44747      0.45735     0.568696 -2.45627e-11 -5.19865e-12
       0.274     0.446329     0.458019     0.567935 -2.45823e-11 -5.16668e-12
       0.275      0.44519     0.458686     0.567176 -2.45677e-11 -5.08519e-12
       0.276     0.444053     0.459353     0.566417 -2.45307e-11 -5.20958e-12
       0.277     0.442919     0.460019     0.565658  -2.4597e-11 -5.17461e-12
       0.278     0.441787     0.460684     0.564901 -2.46079e-11 -5.14331e-12
       0.279     0.440658     0.461347     0.564144 -2.45679e-11 -5.07774e-12
        0.28     0.439532      0.46201     0.563388 -2.45743e-11 -5.22254e-12
       0.281     0.438407     0.462672     0.562633 -2.45464e-11 -5.08164e-12
       0.282     0.437286     0.463332     0.561878 -2.45655e-11 -5.20701e-12
       0.283     0.436166     0.463992     0.561124 -2.45541e-11 -5.19072e-12
       0.284     0.435049     0.464651     0.560371 -2.46018e-11 -5.15436e-12
       0.285     0.433934     0.465308     0.559619 -2.45782e-11 -5.11427e-12
       0.286     0.432822     0.465965     0.558867  -2.4522e-11 -5.15893e-12
       0.287     0.431712     0.466621     0.558116  -2.4614e-11 -5.23703e-12
       0.288     0.430605     0.467276     0.557365 -2.45105e-11 -5.10722e-12
       0.289       0.4295      0.46793     0.556616  -2.4604e-11 -5.09643e-12
        0.29     0.428397     0.468583     0.555867 -2.45577e-11 -5.24344e-12
       0.291     0.427297     0.469235     0.555118 -2.45342e-11 -5.17109e-12
       0.292     0.426198     0.469886     0.554371 -2.46247e-11 -5.09212e-12
       0.293     0.425103     0.470536     0.553623 -2.45439e-11 -5.14346e-12
       0.294     0.424009     0.471185     0.552877 -2.45667e-11 -5.18536e-12
       0.295     0.422918     0.471833     0.552131 -2.45243e-11 -5.18714e-12
       0.296     0.421829     0.472481     0.551386 -2.45621e-11 -5.20306e-12
       0.297     0.420743     0.473127     0.550642 -2.45562e-11 -5.15452e-12
       0.298     0.419658     0.473773     0.549898 -2.45806e-11 -5.19101e-12
       0.299     0.418576     0.474417     0.549155 -2.45766e-11 -5.08873e-12
         0.3     0.417496     0.475061     0.548412 -2.45108e-11  -5.1857e-12
       0.301     0.416419     0.475704      0.54767 -2.45964e-11 -5.23764e-12
       0.302     0.415343     0.476346     0.546929 -2.45522e-11 -5.03482e-12
       0.303      0.41427     0.476987     0.546189 -2.45789e-11 -5.20151e-12
       0.304       0.4132     0.477628     0.545449 -2.45245e-11 -5.20115e-12
       0.305     0.412131     0.478267     0.544709 -2.45623e-11 -5.15737e-12
       0.306     0.411064     0.478906      0.54397 -2.45705e-11 -5.19225e-12
       0.307         0.41     0.479544     0.543232 -2.45473e-11 -5.15214e-12
       0.308     0.408938     0.480181     0.542495 -2.45524e-11 -5.12162e-12
       0.309     0.407878     0.480817     0.541758  -2.4589e-11 -5.24408e-12
        0.31     0.406821     0.481453     0.541022 -2.45201e-11 -5.07024e-12
       0.311     0.405765     0.482087     0.540286 -2.45554e-11 -5.17425e-12
       0.312     0.404712     0.482721     0.539551 -2.45574e-11 -5.21475e-12
       0.313     0.403661     0.483354     0.538816  -2.4591e-11 -5.14341e-12
       0.314     0.402612     0.483986     0.538082 -2.45053e-11 -5.12101e-12
       0.315     0.401565     0.484617     0.537349 -2.45926e-11 -5.25179e-12
       0.316      0.40052     0.485248     0.536616  -2.4527e-11 -5.19053e-12
       0.317     0.399477     0.485878     0.535884 -2.45522e-11 -5.09851e-12
       0.318     0.398437     0.486507     0.535152 -2.45636e-11 -5.12655e-12
       0.319     0.397398     0.487135     0.534421 -2.45353e-11 -5.28022e-12
        0.32     0.396362     0.487763     0.533691 -2.45339e-11 -5.15969e-12
       0.321     0.395328      0.48839     0.532961 -2.45904e-11 -5.09914e-12
       0.322     0.394295     0.489016     0.532231 -2.45187e-11 -5.13337e-12
       0.323     0.393265     0.489641     0.531503 -2.45533e-11 -5.29954e-12
       0.324     0.392237     0.490265     0.530774 -2.45335e-11 -5.07702e-12
       0.325     0.391211     0.490889     0.530047 -2.45561e-11 -5.17477e-12
       0.326     0.390187     0.491512      0.52932 -2.45881e-11 -5.11959e-12
       0.327     0.389166     0.492135     0.528593 -2.45238e-11 -5.19815e-12
       0.328     0.388146     0.492756     0.527867 -2.45553e-11 -5.13611e-12
       0.329     0.387128     0.493377     0.527142 -2.45112e-11  -5.2047e-12
        0.33     0.386112     0.493998     0.526417 -2.45432e-11 -5.12032e-12
       0.331     0.385098     0.494617     0.525692 -2.45528e-11 -5.24816e-12
       0.332     0.384087     0.495236     0.524968 -2.45333e-11 -5.20053e-12
       0.333     0.383077     0.495854     0.524245 -2.45718e-11 -5.13229e-12
       0.334     0.382069     0.496472     0.523522 -2.45049e-11 -5.17265e-12
       0.335     0.381064     0.497088       0.5228 -2.46048e-11 -5.16385e-12
       0.336      0.38006     0.497704     0.522078 -2.44796e-11 -5.13621e-12
       0.337     0.379058      0.49832     0.521357 -2.45524e-11 -5.17481e-12
       0.338     0.378058     0.498935     0.520636 -2.45282e-11 -5.25633e-12
       0.339      0.37706     0.499549     0.519916 -2.45526e-11 -5.09333e-12
        0.34     0.376064     0.500162     0.519196 -2.45703e-11  -5.0963e-12
       0.341     0.375071     0.500775     0.518477 -2.44889e-11 -5.25289e-12
       0.342     0.374079     0.501387     0.517758 -2.45925e-11 -5.21963e-12
       0.343     0.373089     0.501999      0.51704 -2.45305e-11 -5.16965e-12
       0.344       0.3721     0.502609     0.516322 -2.45098e-11 -4.95472e-12
       0.345     0.371114      0.50322     0.515605 -2.45553e-11 -5.31266e-12
       0.346      0.37013     0.503829     0.514888 -2.45067e-11 -5.17994e-12
       0.347     0.369148     0.504438     0.514172 -2.45571e-11  -5.3042e-12
       0.348     0.368167     0.505047     0.513456 -2.45042e-11 -5.14268e-12
       0.349     0.367189     0.505654     0.512741 -2.45496e-11 -4.97857e-12
        0.35     0.366212     0.506261     0.512026 -2.45261e-11 -5.45868e-12
       0.351     0.365237     0.506868     0.511312 -2.45503e-11 -5.06234e-12
       0.352     0.364265     0.507474     0.510598 -2.45708e-11 -5.18872e-12
       0.353     0.363294     0.508079     0.509885 -2.44805e-11  -5.0731e-12
       0.354     0.362325     0.508684     0.509172  -2.4583e-11 -5.25239e-12
       0.355     0.361357     0.509288     0.508459  -2.4488e-11  -5.0864e-12
       0.356     0.360392     0.509891     0.507747 -2.45635e-11 -5.19123e-12
       0.357     0.359428     0.510494     0.507036 -2.45482e-11 -5.13445e-12
       0.358     0.358467     0.511097     0.506325 -2.44599e-11 -5.25084e-12
       0.359     0.357507     0.511699     0.505614 -2.45926e-11 -5.33693e-12
        0.36     0.356549       0.5123     0.504904 -2.44699e-11 -4.88218e-12
       0.361     0.355593       0.5129     0.504194 -2.45377e-11   -5.241e-12
       0.362     0.354639     0.513501     0.503485 -2.45311e-11 -5.17098e-12
       0.363     0.353686       0.5141     0.502776 -2.45336e-11  -5.2419e-12
       0.364     0.352735     0.514699     0.502068 -2.45727e-11  -5.2637e-12
       0.365     0.351787     0.515298      0.50136 -2.45031e-11 -5.06229e-12
       0.366      0.35084     0.515895     0.500653 -2.44861e-11 -5.31184e-12
       0.367     0.349894     0.516493     0.499946 -2.45664e-11 -5.04891e-12
       0.368     0.348951      0.51709     0.499239 -2.45014e-11 -5.24957e-12
       0.369     0.348009     0.517686     0.498533 -2.45063e-11 -5.25132e-12
        0.37     0.347069     0.518282     0.497827 -2.45957e-11 -4.93697e-12
       0.371     0.346131     0.518877     0.497122 -2.44442e-11 -5.40386e-12
       0.372     0.345195     0.519472     0.496417  -2.4529e-11 -5.12871e-12
       0.373      0.34426     0.520066     0.495713  -2.4562e-11 -5.21666e-12
       0.374     0.343327      0.52066     0.495009 -2.45001e-11 -5.00108e-12
       0.375     0.342396     0.521253     0.494305 -2.44924e-11 -5.38413e-12
       0.376     0.341467     0.521846     0.493602 -2.45651e-11 -5.15196e-12
       0.377      0.34054     0.522438     0.492899 -2.44844e-11 -5.23596e-12
       0.378     0.339614     0.523029     0.492197 -2.44939e-11 -5.04185e-12
       0.379      0.33869     0.523621     0.491495  -2.4612e-11 -5.27484e-12
        0.38     0.337767     0.524211     0.490793 -2.44386e-11  -5.2088e-12
       0.381     0.336847     0.524801     0.490092 -2.45258e-11 -5.16841e-12
       0.382     0.335928     0.525391     0.489391 -2.45341e-11 -5.06901e-12
       0.383     0.335011      0.52598     0.488691 -2.45065e-11 -5.19004e-12
       0.384     0.334095     0.526569     0.487991 -2.45564e-11 -5.18748e-12
       0.385     0.333182     0.527158     0.487291 -2.44795e-11 -5.10281e-12
       0.386      0.33227     0.527745     0.486592 -2.44942e-11 -5.46033e-12
       0.387     0.331359     0.528333     0.485893 -2.45643e-11 -5.00277e-12
       0.388     0.330451      0.52892     0.485195 -2.45028e-11 -5.15555e-12
       0.389     0.329544     0.529506     0.484497 -2.45277e-11 -5.05792e-12
        0.39     0.328638     0.530092     0.483799 -2.45255e-11 -5.35627e-12
       0.391     0.327735     0.530678     0.483102 -2.45054e-11 -5.17522e-12
       0.392     0.326833     0.531263     0.482405 -2.44918e-11 -5.34609e-12
       0.393     0.325933     0.531848     0.481709 -2.45016e-11 -5.22746e-12
       0.394     0.325034     0.532432     0.481013 -2.45092e-11 -4.98376e-12
       0.395     0.324137     0.533016     0.480317 -2.45032e-11 -5.11223e-12
       0.396     0.323242     0.533599     0.479622 -2.45176e-11 -5.08915e-12
       0.397     0.322348     0.534182     0.478927 -2.45783e-11 -5.48502e-12
       0.398     0.321456     0.534764     0.478232 -2.44278e-11 -5.06072e-12
       0.399     0.320566     0.535346     0.477538 -2.45444e-11 -5.22774e-12
         0.4     0.319677     0.535928     0.476844 -2.45005e-11 -4.99081e-12
       0.401      0.31879     0.536509      0.47615 -2.44841e-11 -5.35419e-12
       0.402     0.317905      0.53709     0.475457 -2.45342e-11 -5.12615e-12
       0.403     0.317021     0.537671     0.474764 -2.45064e-11 -5.21333e-12
       0.404     0.316139     0.538251     0.474072 -2.44997e-11 -5.21714e-12
       0.405     0.315258      0.53883      0.47338 -2.45716e-11 -5.24736e-12
       0.406     0.314379     0.539409     0.472688 -2.44096e-11 -5.19075e-12
       0.407     0.313502     0.539988     0.471997 -2.45596e-11 -4.98487e-12
       0.408     0.312626     0.540567     0.471305 -2.45216e-11 -5.27616e-12
       0.409     0.311752     0.541145     0.470615 -2.44713e-11 -5.18251e-12
        0.41      0.31088     0.541722     0.469924  -2.4497e-11 -5.21396e-12
       0.411     0.310009       0.5423     0.469234 -2.45484e-11 -5.26555e-12
       0.412     0.309139     0.542877     0.468544 -2.44807e-11 -5.14205e-12
       0.413     0.308271     0.543453     0.467855 -2.45155e-11 -5.08286e-12
       0.414     0.307405     0.544029     0.467166 -2.44475e-11 -5.20245e-12
       0.415     0.306541     0.544605     0.466477 -2.45428e-11 -5.43248e-12
       0.416     0.305678      0.54518     0.465789 -2.44759e-11  -4.9832e-12
       0.417     0.304816     0.545755     0.465101 -2.44958e-11 -5.16805e-12
       0.418     0.303956      0.54633     0.464413 -2.44917e-11 -5.19162e-12
       0.419     0.303098     0.546905     0.463726 -2.45197e-11 -5.16014e-12
        0.42     0.302241     0.547478     0.463039 -2.45254e-11 -5.39075e-12
       0.421     0.301386     0.548052     0.462352 -2.44834e-11 -5.11693e-12
       0.422     0.300532     0.548625     0.461665 -2.45188e-11 -5.16468e-12
       0.423      0.29968     0.549198     0.460979 -2.44637e-11 -5.20683e-12
       0.424     0.298829     0.549771     0.460293 -2.44889e-11 -5.06195e-12
       0.425      0.29798     0.550343     0.459608 -2.45203e-11 -5.24164e-12
       0.426     0.297133     0.550915     0.458922 -2.44579e-11 -5.25821e-12
       0.427     0.296287     0.551487     0.458238 -2.44896e-11 -5.31488e-12
       0.428     0.295442     0.552058     0.457553 -2.45079e-11 -5.05779e-12
       0.429     0.294599     0.552629     0.456869 -2.44721e-11 -5.27535e-12
        0.43     0.293758     0.553199     0.456185 -2.45216e-11 -5.12844e-12
       0.431     0.292918      0.55377     0.455501 -2.44651e-11 -5.24404e-12
       0.432     0.292079      0.55434     0.454817  -2.4469e-11 -5.18247e-12
       0.433     0.291242     0.554909     0.454134 -2.45205e-11 -5.21098e-12
       0.434     0.290407     0.555479     0.453452 -2.44979e-11  -5.1737e-12
       0.435     0.289573     0.556048     0.452769  -2.4473e-11 -5.11327e-12
       0.436      0.28874     0.556616     0.452087 -2.44947e-11 -5.26838e-12
       0.437      0.28791     0.557185     0.451405  -2.4527e-11 -5.02857e-12
       0.438      0.28708     0.557753     0.450723 -2.44823e-11 -5.41809e-12
       0.439     0.286252     0.558321     0.450042 -2.45259e-11 -4.97537e-12
        0.44     0.285426     0.558888     0.449361 -2.44188e-11  -5.3409e-12
       0.441     0.284601     0.559456      0.44868 -2.44653e-11 -5.12129e-12
       0.442     0.283777     0.560023     0.447999  -2.4488e-11 -5.27589e-12
       0.443     0.282955     0.560589     0.447319  -2.4552e-11 -5.15452e-12
       0.444     0.282134     0.561156     0.446639 -2.44389e-11 -5.22863e-12
       0.445     0.281315     0.561722     0.445959 -2.44877e-11 -5.29439e-12
       0.446     0.280497     0.562287      0.44528 -2.44906e-11  -5.0839e-12
       0.447     0.279681     0.562853     0.444601 -2.45083e-11 -5.19184e-12
       0.448     0.278866     0.563418     0.443922 -2.44736e-11 -5.16416e-12
       0.449     0.278053     0.563983     0.443243 -2.44351e-11 -5.21867e-12
        0.45     0.277241     0.564548     0.442565 -2.45392e-11 -5.29007e-12
       0.451     0.276431     0.565112     0.441886 -2.44839e-11 -5.21855e-12
       0.452     0.275622     0.565677     0.441208 -2.44973e-11 -5.15604e-12
       0.453     0.274814     0.566241     0.440531 -2.44116e-11 -5.10531e-12
       0.454     0.274008     0.566804     0.439854 -2.45435e-11 -5.34636e-12
       0.455     0.273203     0.567368     0.439176 -2.44486e-11 -5.07864e-12
       0.456       0.2724     0.567931       0.4385 -2.44622e-11 -5.16959e-12
       0.457     0.271598     0.568494     0.437823 -2.44854e-11 -5.28429e-12
       0.458     0.270798     0.569057     0.437147  -2.4517e-11 -5.17349e-12
       0.459     0.269999     0.569619      0.43647 -2.44429e-11 -5.19721e-12
        0.46     0.269201     0.570181     0.435795  -2.4464e-11 -5.28574e-12
       0.461     0.268405     0.570743     0.435119 -2.44942e-11 -5.03152e-12
       0.462      0.26761     0.571305     0.434444 -2.44848e-11  -5.4635e-12
       0.463     0.266817     0.571867     0.433768 -2.44738e-11 -5.01078e-12
       0.464     0.266025     0.572428     0.433094 -2.44568e-11 -5.23941e-12
       0.465     0.265234     0.572989     0.432419 -2.44668e-11 -5.18195e-12
       0.466     0.264445      0.57355     0.431744  -2.4467e-11 -5.26877e-12
       0.467     0.263657      0.57411      0.43107 -2.44652e-11 -5.07437e-12
       0.468     0.262871     0.574671     0.430396 -2.45072e-11 -5.39462e-12
       0.469     0.262086     0.575231     0.429723 -2.44588e-11 -5.27689e-12
        0.47     0.261302     0.575791     0.429049  -2.4525e-11 -4.91983e-12
       0.471      0.26052     0.576351     0.428376 -2.44323e-11    -5.28e-12
       0.472     0.259739      0.57691     0.427703 -2.44564e-11 -5.15011e-12
       0.473      0.25896      0.57747      0.42703 -2.44948e-11 -5.43368e-12
       0.474     0.258181     0.578029     0.426357 -2.44831e-11 -5.01172e-12
       0.475     0.257405     0.578588     0.425685 -2.44186e-11 -5.37346e-12
       0.476     0.256629     0.579147     0.425013 -2.44465e-11 -5.13605e-12
       0.477     0.255855     0.579705     0.424341 -2.44761e-11 -5.18613e-12
       0.478     0.255082     0.580264     0.423669 -2.45144e-11 -5.36571e-12
       0.479     0.254311     0.580822     0.422997  -2.4512e-11  -5.0387e-12
        0.48     0.253541      0.58138     0.422326 -2.43713e-11  -5.1851e-12
       0.481     0.252773     0.581938     0.421655 -2.44802e-11 -5.34078e-12
       0.482     0.252005     0.582495     0.420984 -2.44997e-11 -5.06787e-12
       0.483     0.251239     0.583053     0.420313 -2.44432e-11 -5.28504e-12
       0.484     0.250475      0.58361     0.419643 -2.44814e-11  -5.3334e-12
       0.485     0.249711     0.584167     0.418972 -2.44403e-11 -5.25181e-12
       0.486      0.24895     0.584724     0.418302 -2.44744e-11 -5.06883e-12
       0.487     0.248189     0.585281     0.417632 -2.44994e-11 -5.27314e-12
       0.488      0.24743     0.585837     0.416963 -2.44305e-11 -4.97041e-12
       0.489     0.246672     0.586394     0.416293  -2.4479e-11 -5.20291e-12
        0.49     0.245915      0.58695     0.415624 -2.44622e-11 -5.43804e-12
       0.491      0.24516     0.587506     0.414955  -2.4445e-11 -5.02958e-12
       0.492     0.244406     0.588062     0.414286 -2.44487e-11  -5.4973e-12
       0.493     0.243653     0.588618     0.413617 -2.44799e-11 -5.15782e-12
       0.494     0.242902     0.589174     0.412949 -2.44837e-11  -5.1026e-12
       0.495     0.242152     0.589729      0.41228 -2.44363e-11  -5.3106e-12
       0.496     0.241403     0.590285     0.411612 -2.44536e-11 -5.17076e-12
       0.497     0.240656      0.59084     0.410944 -2.44329e-11 -5.06402e-12
       0.498      0.23991     0.591395     0.410276 -2.44786e-11 -5.18603e-12
       0.499     0.239165      0.59195     0.409608 -2.44459e-11 -5.34464e-12
         0.5     0.238422     0.592505     0.408941   -2.448e-11 -5.21001e-12
       0.501     0.237679     0.593059     0.408274 -2.44495e-11 -5.28996e-12
       0.502     0.236938     0.593614     0.407606 -2.44613e-11 -5.16339e-12
       0.503     0.236199     0.594168      0.40694 -2.44514e-11  -5.2078e-12
       0.504     0.235461     0.594723     0.406273 -2.44339e-11 -5.29927e-12
       0.505     0.234723     0.595277     0.405606 -2.44779e-11 -5.19755e-12
       0.506     0.233988     0.595831      0.40494 -2.44464e-11 -5.23057e-12
       0.507     0.233253     0.596385     0.404273 -2.44485e-11 -5.05801e-12
       0.508      0.23252     0.596939     0.403607 -2.44616e-11 -5.28888e-12
       0.509     0.231788     0.597493     0.402941 -2.44432e-11 -5.20805e-12
        0.51     0.231058     0.598046     0.402275 -2.44372e-11 -5.22722e-12
       0.511     0.230328       0.5986      0.40161  -2.4468e-11 -5.26435e-12
       0.512       0.2296     0.599153     0.400944 -2.44436e-11   -5.262e-12
       0.513     0.228873     0.599706     0.400279 -2.44366e-11  -5.1571e-12
       0.514     0.228148     0.600259     0.399614 -2.44635e-11 -5.11006e-12
       0.515     0.227423     0.600813     0.398949 -2.44641e-11 -5.28074e-12
       0.516       0.2267     0.601366     0.398284 -2.44532e-11 -5.26706e-12
       0.517     0.225979     0.601918     0.397619 -2.44256e-11 -5.31804e-12
       0.518     0.225258     0.602471     0.396954 -2.44242e-11 -5.20928e-12
       0.519     0.224539     0.603024      0.39629 -2.44867e-11 -5.17356e-12
        0.52     0.223821     0.603577     0.395626  -2.4429e-11 -5.19525e-12
       0.521     0.223104     0.604129     0.394962 -2.44546e-11 -5.24321e-12
       0.522     0.222388     0.604682     0.394298 -2.44221e-11 -5.30531e-12
       0.523     0.221674     0.605234     0.393634 -2.44588e-11  -5.1151e-12
       0.524     0.220961     0.605786      0.39297 -2.44493e-11 -5.14717e-12
       0.525     0.220249     0.606339     0.392306 -2.44177e-11 -5.20066e-12
       0.526     0.219539     0.606891     0.391643 -2.44305e-11 -5.39516e-12
       0.527     0.218829     0.607443     0.390979 -2.44748e-11 -5.08523e-12
       0.528     0.218121     0.607995     0.390316 -2.44298e-11 -5.21629e-12
       0.529     0.217414     0.608547     0.389653 -2.44519e-11 -5.28741e-12
        0.53     0.216709     0.609099      0.38899 -2.44607e-11  -5.0795e-12
       0.531     0.216004     0.609651     0.388327 -2.44138e-11 -5.29764e-12
       0.532     0.215301     0.610202     0.387665  -2.4443e-11 -5.35972e-12
       0.533     0.214599     0.610754     0.387002 -2.44203e-11 -5.13667e-12
       0.534     0.213898     0.611306     0.386339 -2.44413e-11 -5.31965e-12
       0.535     0.213199     0.611858     0.385677  -2.4463e-11  -4.9737e-12
       0.536       0.2125     0.612409     0.385015 -2.44231e-11 -5.42258e-12
       0.537     0.211803     0.612961     0.384353 -2.44286e-11 -5.21584e-12
       0.538     0.211107     0.613512     0.383691  -2.4423e-11 -5.22341e-12
       0.539     0.210413     0.614064     0.383029 -2.44629e-11 -5.36956e-12
        0.54     0.209719     0.614615     0.382367 -2.44359e-11 -4.94682e-12
       0.541     0.209027     0.615166     0.381705 -2.43901e-11 -5.34754e-12
       0.542     0.208336     0.615718     0.381044 -2.44689e-11 -5.31266e-12
       0.543     0.207646     0.616269     0.380382 -2.44365e-11 -5.32123e-12
       0.544     0.206957      0.61682     0.379721  -2.4406e-11 -5.08176e-12
       0.545      0.20627     0.617372      0.37906 -2.44409e-11 -5.12851e-12
       0.546     0.205583     0.617923     0.378398 -2.44648e-11 -5.40398e-12
       0.547     0.204898     0.618474     0.377737  -2.4417e-11  -5.2374e-12
       0.548     0.204214     0.619026     0.377076 -2.44367e-11 -5.16504e-12
       0.549     0.203531     0.619577     0.376416 -2.44103e-11 -5.16249e-12
        0.55      0.20285     0.620128     0.375755 -2.44592e-11 -5.25308e-12
       0.551     0.202169     0.620679     0.375094 -2.44026e-11 -5.17383e-12
       0.552      0.20149      0.62123     0.374433 -2.44352e-11 -5.26216e-12
       0.553     0.200812     0.621781     0.373773 -2.44249e-11  -5.4452e-12
       0.554     0.200135     0.622333     0.373113  -2.4403e-11 -5.10753e-12
       0.555      0.19946     0.622884     0.372452 -2.44803e-11 -5.15042e-12
       0.556     0.198785     0.623435     0.371792 -2.44173e-11 -5.31554e-12
       0.557     0.198112     0.623986     0.371132 -2.43915e-11 -5.15019e-12
       0.558      0.19744     0.624537     0.370472 -2.44339e-11 -5.12959e-12
       0.559     0.196769     0.625089     0.369812  -2.4452e-11 -5.43334e-12
        0.56     0.196099      0.62564     0.369152 -2.43802e-11 -5.20872e-12
       0.561      0.19543     0.626191     0.368492 -2.44582e-11 -5.08327e-12
       0.562     0.194763     0.626742     0.367832 -2.44502e-11 -5.50415e-12
       0.563     0.194096     0.627294     0.367172 -2.43663e-11 -4.95651e-12
       0.564     0.193431     0.627845     0.366513 -2.44639e-11 -5.48891e-12
       0.565     0.192767     0.628396     0.365853 -2.44165e-11 -5.02643e-12
       0.566     0.192104     0.628947     0.365193 -2.43828e-11 -5.47993e-12
       0.567     0.191443     0.629499     0.364534 -2.44215e-11 -5.07718e-12
       0.568     0.190782      0.63005     0.363875 -2.44509e-11 -5.29257e-12
       0.569     0.190123     0.630602     0.363215 -2.44179e-11 -5.23515e-12
        0.57     0.189464     0.631153     0.362556 -2.43957e-11 -5.12767e-12
       0.571     0.188807     0.631705     0.361897 -2.44235e-11 -5.19248e-12
       0.572     0.188151     0.632256     0.361238   -2.445e-11 -5.48521e-12
       0.573     0.187496     0.632808     0.360579 -2.43756e-11 -5.17635e-12
       0.574     0.186843     0.633359     0.359919 -2.44476e-11 -5.40864e-12
       0.575      0.18619     0.633911      0.35926 -2.44037e-11 -5.05937e-12
       0.576     0.185539     0.634463     0.358601 -2.44414e-11 -5.35642e-12
       0.577     0.184888     0.635015     0.357943 -2.44116e-11 -5.07706e-12
       0.578     0.184239     0.635567     0.357284 -2.43675e-11 -5.29601e-12
       0.579     0.183591     0.636119     0.356625 -2.44156e-11 -5.33354e-12
        0.58     0.182944      0.63667     0.355966 -2.44412e-11 -5.33436e-12
       0.581     0.182299     0.637223     0.355307  -2.4403e-11 -5.20895e-12
       0.582     0.181654     0.637775     0.354649 -2.44195e-11 -5.11151e-12
       0.583      0.18101     0.638327      0.35399 -2.44208e-11 -5.31359e-12
       0.584     0.180368     0.638879     0.353331 -2.43754e-11 -5.02337e-12
       0.585     0.179727     0.639431     0.352673 -2.44591e-11 -5.54223e-12
       0.586     0.179087     0.639984     0.352014 -2.44063e-11 -5.00064e-12
       0.587     0.178448     0.640536     0.351356 -2.43951e-11 -5.22139e-12
       0.588      0.17781     0.641089     0.350697 -2.43939e-11 -5.34013e-12
       0.589     0.177173     0.641642     0.350039 -2.44055e-11 -5.16446e-12
        0.59     0.176537     0.642194      0.34938 -2.44251e-11  -5.2931e-12
       0.591     0.175902     0.642747     0.348722 -2.43941e-11 -5.43105e-12
       0.592     0.175269       0.6433     0.348063 -2.44111e-11 -4.95685e-12
       0.593     0.174637     0.643853     0.347405 -2.44059e-11 -5.32597e-12
       0.594     0.174005     0.644406     0.346747 -2.44241e-11 -5.32123e-12
       0.595     0.173375      0.64496     0.346088 -2.44064e-11 -5.27592e-12
       0.596     0.172746     0.645513      0.34543 -2.43841e-11 -5.27546e-12
       0.597     0.172118     0.646066     0.344772 -2.44498e-11 -5.37187e-12
       0.598     0.171491      0.64662     0.344113 -2.43693e-11 -5.04922e-12
       0.599     0.170865     0.647174     0.343455 -2.43715e-11 -5.32157e-12
         0.6     0.170241     0.647727     0.342797 -2.44387e-11  -5.1205e-12
       0.601     0.169617     0.648281     0.342138 -2.44048e-11 -5.43495e-12
       0.602     0.168995     0.648835      0.34148 -2.43929e-11 -5.12363e-12
       0.603     0.168373     0.649389     0.340822 -2.43983e-11 -5.40475e-12
       0.604     0.167753     0.649944     0.340164 -2.43633e-11  -5.1028e-12
       0.605     0.167134     0.650498     0.339505 -2.44438e-11 -5.41733e-12
       0.606     0.166516     0.651053     0.338847 -2.44035e-11 -5.00503e-12
       0.607     0.165899     0.651607     0.338189 -2.43958e-11 -5.34472e-12
       0.608     0.165283     0.652162      0.33753 -2.43936e-11 -5.26671e-12
       0.609     0.164668     0.652717     0.336872 -2.43973e-11 -5.26378e-12
        0.61     0.164054     0.653272     0.336214  -2.4405e-11 -5.48238e-12
       0.611     0.163441     0.653827     0.335555 -2.44048e-11 -5.06857e-12
       0.612     0.162829     0.654383     0.334897 -2.43864e-11  -5.3254e-12
       0.613     0.162219     0.654938     0.334239 -2.43924e-11 -5.14613e-12
       0.614     0.161609     0.655494      0.33358 -2.43846e-11 -5.33354e-12
       0.615     0.161001      0.65605     0.332922 -2.44053e-11 -5.21642e-12
       0.616     0.160394     0.656606     0.332263 -2.43842e-11  -5.3229e-12
       0.617     0.159787     0.657162     0.331605 -2.44106e-11 -5.17847e-12
       0.618     0.159182     0.657718     0.330946 -2.43473e-11 -5.20381e-12
       0.619     0.158578     0.658275     0.330288 -2.43947e-11 -5.15115e-12
        0.62     0.157975     0.658831     0.329629 -2.44165e-11 -5.38968e-12
       0.621     0.157373     0.659388     0.328971 -2.43831e-11 -5.29167e-12
       0.622     0.156772     0.659945     0.328312 -2.44246e-11 -5.37873e-12
       0.623     0.156172     0.660502     0.327653 -2.43668e-11 -5.26973e-12
       0.624     0.155573      0.66106     0.326995 -2.43748e-11 -5.16157e-12
       0.625     0.154975     0.661617     0.326336 -2.43671e-11 -5.10982e-12
       0.626     0.154379     0.662175     0.325677 -2.44162e-11 -5.46602e-12
       0.627     0.153783     0.662733     0.325018 -2.43576e-11 -5.29274e-12
       0.628     0.153188     0.663291     0.324359 -2.44205e-11 -5.33828e-12
       0.629     0.152595     0.663849     0.323701 -2.43832e-11 -5.12868e-12
        0.63     0.152002     0.664408     0.323042 -2.43792e-11 -5.22475e-12
       0.631     0.151411     0.664966     0.322383 -2.43937e-11 -5.28013e-12
       0.632     0.150821     0.665525     0.321723 -2.43564e-11 -5.21352e-12
       0.633     0.150231     0.666085     0.321064 -2.44524e-11 -5.50292e-12
       0.634     0.149643     0.666644     0.320405 -2.43523e-11 -5.26797e-12
       0.635     0.149056     0.667203     0.319746 -2.43892e-11 -5.02014e-12
       0.636     0.148469     0.667763     0.319087 -2.44032e-11 -5.40207e-12
       0.637     0.147884     0.668323     0.318427 -2.43092e-11 -5.09647e-12
       0.638       0.1473     0.668883     0.317768 -2.44019e-11 -5.21782e-12
       0.639     0.146717     0.669444     0.317108  -2.4376e-11 -5.65934e-12
        0.64     0.146135     0.670004     0.316449 -2.44165e-11 -5.20105e-12
       0.641     0.145554     0.670565     0.315789 -2.43839e-11  -5.0412e-12
       0.642     0.144974     0.671126     0.315129  -2.4371e-11 -5.36455e-12
       0.643     0.144395     0.671688     0.314469  -2.4366e-11 -5.29362e-12
       0.644     0.143817     0.672249      0.31381 -2.43769e-11 -5.36931e-12
       0.645      0.14324     0.672811      0.31315  -2.4391e-11 -5.10288e-12
       0.646     0.142664     0.673373      0.31249  -2.4391e-11 -5.26157e-12
       0.647      0.14209     0.673936     0.311829 -2.43769e-11 -5.32339e-12
       0.648     0.141516     0.674498     0.311169 -2.43658e-11 -5.29022e-12
       0.649     0.140943     0.675061     0.310509 -2.43809e-11 -5.44976e-12
        0.65     0.140371     0.675624     0.309849 -2.43869e-11 -5.25876e-12
       0.651     0.139801     0.676188     0.309188 -2.43434e-11 -5.19012e-12
       0.652     0.139231     0.676751     0.308527 -2.43676e-11 -5.31676e-12
       0.653     0.138662     0.677315     0.307867 -2.44077e-11 -5.13606e-12
       0.654     0.138095     0.677879     0.307206 -2.43475e-11 -5.39137e-12
       0.655     0.137528     0.678444     0.306545 -2.43715e-11 -5.17666e-12
       0.656     0.136963     0.679008     0.305884 -2.43719e-11 -5.12326e-12
       0.657     0.136398     0.679573     0.305223 -2.43772e-11 -5.38208e-12
       0.658     0.135834     0.680139     0.304562  -2.4379e-11 -5.26751e-12
       0.659     0.135272     0.680704       0.3039 -2.43847e-11 -5.32756e-12
        0.66      0.13471      0.68127     0.303239 -2.43263e-11 -5.38276e-12
       0.661      0.13415     0.681836     0.302577 -2.44174e-11 -5.14964e-12
       0.662      0.13359     0.682403     0.301916 -2.43613e-11 -5.50694e-12
       0.663     0.133032      0.68297     0.301254 -2.43535e-11 -5.15653e-12
       0.664     0.132474     0.683537     0.300592 -2.43788e-11  -5.3183e-12
       0.665     0.131918     0.684104      0.29993 -2.43821e-11 -5.20075e-12
       0.666     0.131363     0.684672     0.299268 -2.43374e-11 -5.28509e-12
       0.667     0.130808      0.68524     0.298605 -2.43864e-11 -5.40575e-12
       0.668     0.130255     0.685808     0.297943  -2.4337e-11 -5.11041e-12
       0.669     0.129702     0.686377      0.29728 -2.43659e-11 -5.17763e-12
        0.67     0.129151     0.686946     0.296618 -2.43491e-11 -5.43119e-12
       0.671       0.1286     0.687515     0.295955 -2.43682e-11  -5.3329e-12
       0.672     0.128051     0.688085     0.295292 -2.43799e-11 -5.30177e-12
       0.673     0.127503     0.688655     0.294629 -2.43829e-11 -5.27983e-12
       0.674     0.126955     0.689225     0.293966 -2.43641e-11 -5.35512e-12
       0.675     0.126409     0.689796     0.293302  -2.4327e-11 -5.23008e-12
       0.676     0.125863     0.690367     0.292638 -2.43734e-11 -5.32364e-12
       0.677     0.125319     0.690938     0.291975 -2.43564e-11 -5.23346e-12
       0.678     0.124775      0.69151     0.291311 -2.43519e-11 -5.40705e-12
       0.679     0.124233     0.692082     0.290647  -2.4369e-11 -5.09958e-12
        0.68     0.123692     0.692655     0.289983 -2.43471e-11 -5.36593e-12
       0.681     0.123151     0.693227     0.289318 -2.43563e-11 -5.32013e-12
       0.682     0.122612     0.693801     0.288654 -2.43687e-11 -5.24918e-12
       0.683     0.122073     0.694374     0.287989 -2.43446e-11 -5.31034e-12
       0.684     0.121536     0.694948     0.287324  -2.4363e-11 -5.34936e-12
       0.685     0.120999     0.695522     0.286659 -2.43543e-11  -5.3086e-12
       0.686     0.120464     0.696097     0.285994  -2.4345e-11 -5.21003e-12
       0.687     0.119929     0.696672     0.285328 -2.43725e-11 -5.26879e-12
       0.688     0.119396     0.697248     0.284663 -2.43221e-11 -5.33058e-12
       0.689     0.118863     0.697824     0.283997 -2.43671e-11 -5.18772e-12
        0.69     0.118332       0.6984     0.283331 -2.43694e-11 -5.41296e-12
       0.691     0.117801     0.698977     0.282665  -2.4348e-11  -5.4476e-12
       0.692     0.117271     0.699554     0.281999 -2.43541e-11 -5.19706e-12
       0.693     0.116743     0.700131     0.281332 -2.43488e-11 -5.26629e-12
       0.694     0.116215     0.700709     0.280665 -2.43653e-11 -5.38612e-12
       0.695     0.115688     0.701288     0.279998 -2.43347e-11 -5.18538e-12
       0.696     0.115163     0.701866     0.279331 -2.43388e-11 -5.31155e-12
       0.697     0.114638     0.702446     0.278664 -2.43577e-11 -5.48477e-12
       0.698     0.114114     0.703025     0.277996 -2.43615e-11  -5.2743e-12
       0.699     0.113592     0.703605     0.277328 -2.43324e-11 -5.13253e-12
         0.7      0.11307     0.704186      0.27666 -2.43602e-11 -5.47675e-12
       0.701     0.112549     0.704767     0.275992 -2.43126e-11 -5.23051e-12
       0.702     0.112029     0.705348     0.275324 -2.43662e-11 -5.26211e-12
       0.703      0.11151      0.70593     0.274655 -2.43585e-11 -5.35535e-12
       0.704     0.110993     0.706513     0.273986 -2.43376e-11 -5.14173e-12
       0.705     0.110476     0.707095     0.273317 -2.43445e-11 -5.46133e-12
       0.706      0.10996     0.707679     0.272648 -2.43419e-11 -5.40809e-12
       0.707     0.109445     0.708262     0.271978 -2.43504e-11 -5.21817e-12
       0.708     0.108931     0.708847     0.271308 -2.43448e-11 -5.20656e-12
       0.709     0.108418     0.709431     0.270638 -2.43476e-11 -5.34217e-12
        0.71     0.107906     0.710017     0.269968 -2.43475e-11 -5.32735e-12
       0.711     0.107395     0.710602     0.269298 -2.43065e-11 -5.21236e-12
       0.712     0.106884     0.711188     0.268627 -2.43493e-11 -5.54975e-12
       0.713     0.106375     0.711775     0.267956 -2.43529e-11 -5.21523e-12
       0.714     0.105867     0.712362     0.267284 -2.43298e-11 -5.42127e-12
       0.715      0.10536      0.71295     0.266613 -2.43427e-11 -5.35558e-12
       0.716     0.104854     0.713538     0.265941 -2.43349e-11 -5.20742e-12
       0.717     0.104348     0.714127     0.265269 -2.43207e-11 -5.46363e-12
       0.718     0.103844     0.714716     0.264596 -2.43699e-11 -5.09109e-12
       0.719     0.103341     0.715306     0.263924 -2.43063e-11 -5.42646e-12
        0.72     0.102838     0.715896     0.263251 -2.43454e-11 -5.32571e-12
       0.721     0.102337     0.716487     0.262578 -2.43437e-11 -5.29373e-12
       0.722     0.101836     0.717078     0.261904 -2.43261e-11    -5.31e-12
       0.723     0.101337      0.71767      0.26123 -2.43343e-11 -5.31971e-12
       0.724     0.100838     0.718263     0.260556 -2.43394e-11 -5.34409e-12
       0.725      0.10034     0.718856     0.259882 -2.43332e-11 -5.39635e-12
       0.726    0.0998437     0.719449     0.259207 -2.43418e-11 -5.10936e-12
       0.727    0.0993479     0.720044     0.258533 -2.43197e-11 -5.42927e-12
       0.728    0.0988531     0.720638     0.257857 -2.43464e-11   -5.346e-12
       0.729    0.0983593     0.721234     0.257182 -2.43127e-11 -5.17291e-12
        0.73    0.0978664      0.72183     0.256506 -2.43408e-11 -5.55154e-12
       0.731    0.0973745     0.722426      0.25583  -2.4338e-11 -5.34869e-12
       0.732    0.0968835     0.723023     0.255153 -2.42981e-11 -5.14335e-12
       0.733    0.0963935     0.723621     0.254476 -2.43561e-11 -5.43215e-12
       0.734    0.0959044     0.724219     0.253799 -2.43336e-11 -5.46161e-12
       0.735    0.0954163     0.724818     0.253122 -2.43214e-11 -5.15275e-12
       0.736    0.0949291     0.725418     0.252444 -2.43023e-11 -5.39221e-12
       0.737    0.0944429     0.726018     0.251766 -2.43446e-11 -5.14413e-12
       0.738    0.0939576     0.726619     0.251087  -2.4325e-11 -5.45731e-12
       0.739    0.0934733      0.72722     0.250409 -2.43066e-11  -5.3924e-12
        0.74    0.0929899     0.727822     0.249729 -2.43584e-11 -5.38662e-12
       0.741    0.0925075     0.728425      0.24905 -2.43198e-11 -5.40692e-12
       0.742     0.092026     0.729028      0.24837 -2.43125e-11 -5.07678e-12
       0.743    0.0915454     0.729632      0.24769 -2.43215e-11 -5.44657e-12
       0.744    0.0910658     0.730237     0.247009 -2.43366e-11 -5.24011e-12
       0.745    0.0905871     0.730842     0.246328 -2.43167e-11   -5.373e-12
       0.746    0.0901094     0.731448     0.245647 -2.43142e-11 -5.40332e-12
       0.747    0.0896326     0.732055     0.244965 -2.42972e-11 -5.22635e-12
       0.748    0.0891568     0.732662     0.244283 -2.43439e-11 -5.54129e-12
       0.749    0.0886819      0.73327     0.243601 -2.43172e-11 -5.35787e-12
        0.75    0.0882079     0.733879     0.242918 -2.42987e-11   -5.229e-12
       0.751    0.0877349     0.734488     0.242235 -2.43612e-11 -5.45742e-12
       0.752    0.0872629     0.735099     0.241551 -2.42925e-11 -5.20638e-12
       0.753    0.0867917     0.735709     0.240867  -2.4342e-11 -5.35528e-12
       0.754    0.0863215     0.736321     0.240183 -2.42993e-11  -5.4149e-12
       0.755    0.0858522     0.736933     0.239498 -2.42961e-11 -5.31549e-12
       0.756    0.0853839     0.737546     0.238813 -2.43276e-11 -5.41221e-12
       0.757    0.0849165      0.73816     0.238127 -2.43121e-11 -5.36444e-12
       0.758    0.0844501     0.738775     0.237441 -2.43164e-11 -5.09967e-12
       0.759    0.0839846      0.73939     0.236755   -2.432e-11 -5.58362e-12
        0.76      0.08352     0.740006     0.236068 -2.43359e-11 -5.16066e-12
       0.761    0.0830563     0.740623      0.23538 -2.42923e-11  -5.5837e-12
       0.762    0.0825936     0.741241     0.234693 -2.43218e-11 -5.15938e-12
       0.763    0.0821318     0.741859     0.234004 -2.43039e-11 -5.28942e-12
       0.764     0.081671     0.742478     0.233316 -2.43233e-11 -5.40397e-12
       0.765    0.0812111     0.743098     0.232626 -2.43133e-11 -5.41231e-12
       0.766    0.0807521     0.743719     0.231937 -2.42959e-11  -5.3813e-12
       0.767    0.0802941     0.744341     0.231247 -2.43076e-11 -5.42222e-12
       0.768     0.079837     0.744963     0.230556 -2.43196e-11 -5.46529e-12
       0.769    0.0793808     0.745587     0.229865 -2.42946e-11 -5.31675e-12
        0.77    0.0789255     0.746211     0.229174 -2.43297e-11 -5.26849e-12
       0.771    0.0784712     0.746836     0.228482 -2.42645e-11 -5.30322e-12
       0.772    0.0780178     0.747461     0.227789 -2.43491e-11 -5.43239e-12
       0.773    0.0775654     0.748088     0.227097  -2.4303e-11 -5.51797e-12
       0.774    0.0771139     0.748716     0.226403 -2.42919e-11 -5.14454e-12
       0.775    0.0766633     0.749344     0.225709 -2.42998e-11 -5.55068e-12
       0.776    0.0762136     0.749973     0.225015 -2.43294e-11 -5.22887e-12
       0.777    0.0757649     0.750604      0.22432 -2.42941e-11 -5.47312e-12
       0.778     0.075317     0.751235     0.223624 -2.42784e-11   -5.303e-12
       0.779    0.0748702     0.751867     0.222928 -2.42948e-11 -5.40616e-12
        0.78    0.0744242       0.7525     0.222232 -2.43204e-11 -5.22819e-12
       0.781    0.0739792     0.753133     0.221535 -2.43186e-11   -5.444e-12
       0.782    0.0735351     0.753768     0.220837 -2.42589e-11 -5.45314e-12
       0.783    0.0730919     0.754404     0.220139 -2.43443e-11 -5.36471e-12
       0.784    0.0726497      0.75504      0.21944 -2.42917e-11  -5.3148e-12
       0.785    0.0722084     0.755678     0.218741 -2.42849e-11 -5.26786e-12
       0.786     0.071768     0.756317     0.218041 -2.43275e-11 -5.48688e-12
       0.787    0.0713285     0.756956     0.217341 -2.42867e-11 -5.37174e-12
       0.788      0.07089     0.757597      0.21664 -2.42847e-11 -5.48999e-12
       0.789    0.0704524     0.758238     0.215938  -2.4302e-11 -5.34178e-12
        0.79    0.0700157     0.758881     0.215236 -2.43082e-11 -5.36488e-12
       0.791    0.0695799     0.759524     0.214533    -2.43e-11 -5.35672e-12
       0.792    0.0691451     0.760169      0.21383 -2.42948e-11 -5.46618e-12
       0.793    0.0687112     0.760815     0.213126   -2.429e-11 -5.49425e-12
       0.794    0.0682782     0.761461     0.212422  -2.4267e-11 -5.27215e-12
       0.795    0.0678461     0.762109     0.211716 -2.42944e-11 -5.31888e-12
       0.796     0.067415     0.762758     0.211011 -2.43089e-11 -5.48476e-12
       0.797    0.0669848     0.763407     0.210304 -2.42842e-11 -5.32046e-12
       0.798    0.0665555     0.764058     0.209597 -2.43047e-11 -5.46801e-12
       0.799    0.0661271      0.76471      0.20889  -2.4306e-11 -5.27954e-12
         0.8    0.0656997     0.765363     0.208181 -2.42692e-11 -5.53885e-12
       0.801    0.0652732     0.766018     0.207472 -2.43029e-11 -5.45063e-12
       0.802    0.0648476     0.766673     0.206762 -2.42651e-11 -5.27029e-12
       0.803    0.0644229      0.76733     0.206052 -2.43171e-11 -5.43672e-12
       0.804    0.0639992     0.767987     0.205341 -2.42781e-11 -5.29318e-12
       0.805    0.0635764     0.768646     0.204629 -2.42829e-11  -5.5607e-12
       0.806    0.0631545     0.769306     0.203917 -2.42912e-11 -5.18313e-12
       0.807    0.0627335     0.769967     0.203204 -2.42956e-11 -5.50572e-12
       0.808    0.0623135     0.770629      0.20249 -2.43011e-11  -5.4323e-12
       0.809    0.0618943     0.771293     0.201775  -2.4281e-11 -5.49579e-12
        0.81    0.0614761     0.771958      0.20106 -2.42794e-11 -5.36655e-12
       0.811    0.0610589     0.772624     0.200344  -2.4295e-11 -5.43497e-12
       0.812    0.0606425     0.773291     0.199627 -2.42609e-11 -5.35569e-12
       0.813    0.0602271     0.773959      0.19891 -2.42965e-11 -5.45857e-12
       0.814    0.0598126     0.774629     0.198192 -2.42773e-11 -5.34705e-12
       0.815     0.059399       0.7753     0.197473 -2.42961e-11 -5.50522e-12
       0.816    0.0589863     0.775972     0.196753 -2.42759e-11 -5.28268e-12
       0.817    0.0585746     0.776646     0.196032 -2.42894e-11 -5.48697e-12
       0.818    0.0581638     0.777321     0.195311 -2.42666e-11 -5.42988e-12
       0.819    0.0577539     0.777997     0.194589 -2.42882e-11  -5.4706e-12
        0.82    0.0573449     0.778674     0.193866 -2.42741e-11 -5.37808e-12
       0.821    0.0569369     0.779353     0.193142  -2.4281e-11 -5.45554e-12
       0.822    0.0565298     0.780034     0.192417 -2.42899e-11 -5.47422e-12
       0.823    0.0561236     0.780715     0.191692 -2.42841e-11 -5.33675e-12
       0.824    0.0557183     0.781398     0.190965 -2.42707e-11 -5.57203e-12
       0.825    0.0553139     0.782083     0.190238 -2.42708e-11 -5.37456e-12
       0.826    0.0549105     0.782769      0.18951 -2.42797e-11 -5.29048e-12
       0.827     0.054508     0.783456     0.188781  -2.4289e-11 -5.46354e-12
       0.828    0.0541065     0.784145     0.188052 -2.42728e-11 -5.42808e-12
       0.829    0.0537058     0.784835     0.187321 -2.42752e-11  -5.4177e-12
        0.83    0.0533061     0.785527     0.186589  -2.4265e-11 -5.50671e-12
       0.831    0.0529073      0.78622     0.185857 -2.42872e-11 -5.48289e-12
       0.832    0.0525094     0.786915     0.185123 -2.42842e-11 -5.50346e-12
       0.833    0.0521125     0.787612     0.184389  -2.4262e-11 -5.43608e-12
       0.834    0.0517165     0.788309     0.183654 -2.42728e-11 -5.25409e-12
       0.835    0.0513214     0.789009     0.182917 -2.42562e-11   -5.719e-12
       0.836    0.0509272      0.78971      0.18218 -2.42879e-11 -5.37145e-12
       0.837     0.050534     0.790413     0.181442 -2.42627e-11 -5.39567e-12
       0.838    0.0501417     0.791117     0.180703 -2.42784e-11 -5.54603e-12
       0.839    0.0497503     0.791823     0.179963 -2.42576e-11 -5.44092e-12
        0.84    0.0493599      0.79253     0.179221 -2.42935e-11 -5.29887e-12
       0.841    0.0489704     0.793239     0.178479 -2.42687e-11 -5.60001e-12
       0.842    0.0485818      0.79395     0.177736 -2.42518e-11 -5.39976e-12
       0.843    0.0481941     0.794663     0.176992 -2.42773e-11 -5.49466e-12
       0.844    0.0478074     0.795377     0.176246 -2.42725e-11 -5.39388e-12
       0.845    0.0474216     0.796093       0.1755 -2.42668e-11 -5.62242e-12
       0.846    0.0470367     0.796811     0.174752 -2.42631e-11 -5.49704e-12
       0.847    0.0466528     0.797531     0.174004 -2.42753e-11 -5.34421e-12
       0.848    0.0462698     0.798252     0.173254 -2.42565e-11 -5.56762e-12
       0.849    0.0458877     0.798976     0.172503  -2.4279e-11  -5.3058e-12
        0.85    0.0455065     0.799701     0.171751 -2.42639e-11 -5.54054e-12
       0.851    0.0451263     0.800428     0.170998 -2.42501e-11 -5.54141e-12
       0.852     0.044747     0.801157     0.170243 -2.42703e-11 -5.40516e-12
       0.853    0.0443687     0.801888     0.169488 -2.42669e-11 -5.51665e-12
       0.854    0.0439913      0.80262     0.168731 -2.42828e-11 -5.42719e-12
       0.855    0.0436148     0.803355     0.167973 -2.42543e-11 -5.60878e-12
       0.856    0.0432393     0.804092     0.167214 -2.42433e-11 -5.37748e-12
       0.857    0.0428647     0.804831     0.166454 -2.42734e-11  -5.6353e-12
       0.858     0.042491     0.805571     0.165692 -2.42718e-11 -5.43343e-12
       0.859    0.0421183     0.806314     0.164929 -2.42638e-11 -5.56376e-12
        0.86    0.0417465     0.807059     0.164165 -2.42579e-11 -5.56602e-12
       0.861    0.0413757     0.807806       0.1634 -2.42489e-11 -5.40456e-12
       0.862    0.0410058     0.808555     0.162633 -2.42652e-11 -5.40475e-12
       0.863    0.0406368     0.809307     0.161865 -2.42621e-11 -5.64386e-12
       0.864    0.0402688      0.81006     0.161095 -2.42653e-11 -5.27083e-12
       0.865    0.0399017     0.810816     0.160324 -2.42545e-11  -5.6468e-12
       0.866    0.0395356     0.811574     0.159552  -2.4263e-11 -5.61931e-12
       0.867    0.0391704     0.812334     0.158778  -2.4258e-11 -5.46861e-12
       0.868    0.0388062     0.813096     0.158003 -2.42434e-11 -5.54194e-12
       0.869    0.0384429     0.813861     0.157227   -2.428e-11 -5.52613e-12
        0.87    0.0380805     0.814628     0.156449 -2.42361e-11  -5.5353e-12
       0.871    0.0377191     0.815398     0.155669  -2.4255e-11 -5.60246e-12
       0.872    0.0373586      0.81617     0.154888 -2.42752e-11 -5.47348e-12
       0.873    0.0369991     0.816945     0.154105 -2.42496e-11 -5.56494e-12
       0.874    0.0366406     0.817721     0.153321 -2.42622e-11 -5.40767e-12
       0.875     0.036283     0.818501     0.152536 -2.42323e-11 -5.61937e-12
       0.876    0.0359263     0.819283     0.151748 -2.42684e-11 -5.66563e-12
       0.877    0.0355706     0.820068      0.15096  -2.4248e-11 -5.43927e-12
       0.878    0.0352159     0.820855     0.150169 -2.42702e-11 -5.53914e-12
       0.879    0.0348621     0.821645     0.149377 -2.42498e-11 -5.60816e-12
        0.88    0.0345093     0.822437     0.148583 -2.42467e-11  -5.5708e-12
       0.881    0.0341574     0.823233     0.147788 -2.42456e-11 -5.59117e-12
       0.882    0.0338065     0.824031      0.14699 -2.42628e-11 -5.54873e-12
       0.883    0.0334565     0.824831     0.146191 -2.42433e-11 -5.57235e-12
       0.884    0.0331075     0.825635     0.145391  -2.4261e-11 -5.61657e-12
       0.885    0.0327595     0.826442     0.144588  -2.4248e-11 -5.52108e-12
       0.886    0.0324124     0.827251     0.143784 -2.42662e-11  -5.5302e-12
       0.887    0.0320663     0.828064     0.142977 -2.42454e-11 -5.48023e-12
       0.888    0.0317212     0.828879     0.142169 -2.42599e-11  -5.6999e-12
       0.889     0.031377     0.829698     0.141359 -2.42434e-11 -5.50551e-12
        0.89    0.0310339      0.83052     0.140547 -2.42473e-11 -5.51959e-12
       0.891    0.0306916     0.831344     0.139733  -2.4247e-11  -5.7374e-12
       0.892    0.0303504     0.832172     0.138917 -2.42508e-11 -5.53747e-12
       0.893    0.0300101     0.833004     0.138099 -2.42541e-11 -5.59041e-12
       0.894    0.0296708     0.833838     0.137279 -2.42587e-11 -5.70285e-12
       0.895    0.0293325     0.834676     0.136457 -2.42448e-11 -5.50434e-12
       0.896    0.0289952     0.835517     0.135633 -2.42457e-11 -5.69592e-12
       0.897    0.0286588     0.836362     0.134806 -2.42484e-11 -5.55249e-12
       0.898    0.0283234      0.83721     0.133978 -2.42473e-11 -5.59101e-12
       0.899     0.027989     0.838062     0.133147 -2.42571e-11 -5.72564e-12
         0.9    0.0276556     0.838918     0.132314 -2.42422e-11 -5.48876e-12
       0.901    0.0273232     0.839777     0.131478 -2.42481e-11 -5.77666e-12
       0.902    0.0269918      0.84064      0.13064  -2.4248e-11 -5.50929e-12
       0.903    0.0266614     0.841506       0.1298 -2.42468e-11 -5.76919e-12
       0.904    0.0263319     0.842377     0.128958 -2.42509e-11  -5.6043e-12
       0.905    0.0260035     0.843251     0.128112 -2.42484e-11 -5.64717e-12
       0.906    0.0256761      0.84413     0.127265   -2.424e-11 -5.66679e-12
       0.907    0.0253496     0.845012     0.126415 -2.42607e-11 -5.73125e-12
       0.908    0.0250242     0.845899     0.125562 -2.42478e-11 -5.63306e-12
       0.909    0.0246997      0.84679     0.124707 -2.42509e-11 -5.62096e-12
        0.91    0.0243763     0.847685     0.123849 -2.42391e-11 -5.79028e-12
       0.911    0.0240539     0.848584     0.122988 -2.42388e-11 -5.63051e-12
       0.912    0.0237325     0.849488     0.122124 -2.42647e-11 -5.82115e-12
       0.913    0.0234121     0.850397     0.121258 -2.42403e-11 -5.51794e-12
       0.914    0.0230927      0.85131     0.120389 -2.42474e-11  -5.7172e-12
       0.915    0.0227744     0.852228     0.119516 -2.42545e-11 -5.78933e-12
       0.916     0.022457      0.85315     0.118641   -2.424e-11 -5.59434e-12
       0.917    0.0221407     0.854077     0.117763 -2.42595e-11 -5.87147e-12
       0.918    0.0218255      0.85501     0.116882 -2.42328e-11 -5.73261e-12
       0.919    0.0215112     0.855947     0.115997 -2.42493e-11 -5.72126e-12
        0.92     0.021198      0.85689     0.115109 -2.42556e-11 -5.68228e-12
       0.921    0.0208858     0.857838     0.114218 -2.42434e-11 -5.84661e-12
       0.922    0.0205747     0.858791     0.113324 -2.42575e-11 -5.63758e-12
       0.923    0.0202646     0.859749     0.112426  -2.4238e-11 -5.85412e-12
       0.924    0.0199555     0.860714     0.111524 -2.42623e-11   -5.699e-12
       0.925    0.0196475     0.861684     0.110619 -2.42431e-11 -5.86777e-12
       0.926    0.0193406     0.862659     0.109711 -2.42499e-11 -5.68046e-12
       0.927    0.0190347     0.863641     0.108798 -2.42543e-11 -5.85893e-12
       0.928    0.0187299     0.864629     0.107882 -2.42489e-11 -5.73101e-12
       0.929    0.0184261     0.865623     0.106962 -2.42503e-11 -5.79697e-12
        0.93    0.0181234     0.866623     0.106038 -2.42537e-11 -5.95011e-12
       0.931    0.0178218      0.86763      0.10511 -2.42529e-11 -5.73955e-12
       0.932    0.0175212     0.868644     0.104178 -2.42384e-11 -5.79992e-12
       0.933    0.0172217     0.869664     0.103241  -2.4267e-11 -5.88525e-12
       0.934    0.0169233     0.870691       0.1023 -2.42504e-11 -5.88402e-12
       0.935     0.016626     0.871726     0.101355 -2.42514e-11 -5.85229e-12
       0.936    0.0163298     0.872768     0.100405 -2.42634e-11 -5.91892e-12
       0.937    0.0160347     0.873817    0.0994504  -2.4248e-11  -5.8556e-12
       0.938    0.0157407     0.874874     0.098491 -2.42593e-11 -5.79804e-12
       0.939    0.0154478     0.875938    0.0975267 -2.42561e-11 -5.93952e-12
        0.94     0.015156     0.877011    0.0965574 -2.42605e-11  -6.0187e-12
       0.941    0.0148653     0.878092    0.0955828 -2.42601e-11 -5.86992e-12
       0.942    0.0145757     0.879182     0.094603 -2.42592e-11 -6.02182e-12
       0.943    0.0142873      0.88028    0.0936177 -2.42617e-11 -5.84125e-12
       0.944        0.014     0.881388    0.0926268 -2.42669e-11 -6.07187e-12
       0.945    0.0137138     0.882504    0.0916302 -2.42614e-11 -5.95477e-12
       0.946    0.0134288      0.88363    0.0906277 -2.42632e-11  -6.0154e-12
       0.947    0.0131449     0.884766    0.0896191 -2.42633e-11 -5.96311e-12
       0.948    0.0128622     0.885912    0.0886042 -2.42679e-11 -6.00197e-12
       0.949    0.0125807     0.887068    0.0875829  -2.4274e-11 -6.10176e-12
        0.95    0.0123003     0.888235     0.086555 -2.42716e-11 -6.09209e-12
       0.951    0.0120211     0.889413    0.0855202  -2.4265e-11 -6.03588e-12
       0.952     0.011743     0.890602    0.0844784  -2.4275e-11 -6.04323e-12
       0.953    0.0114662     0.891803    0.0834293 -2.42826e-11 -6.14065e-12
       0.954    0.0111906     0.893016    0.0823727 -2.42756e-11 -6.12319e-12
       0.955    0.0109161     0.894241    0.0813083 -2.42818e-11 -6.16829e-12
       0.956    0.0106429      0.89548    0.0802359 -2.42805e-11 -6.22088e-12
       0.957    0.0103709     0.896732    0.0791552 -2.42821e-11 -6.18872e-12
       0.958    0.0101002     0.897998     0.078066 -2.42892e-11 -6.21162e-12
       0.959   0.00983068     0.899278    0.0769678 -2.42862e-11 -6.21554e-12
        0.96   0.00956242     0.900573    0.0758604  -2.4296e-11 -6.37706e-12
       0.961   0.00929542     0.901884    0.0747434 -2.42938e-11 -6.21514e-12
       0.962   0.00902969     0.903211    0.0736165 -2.43037e-11 -6.35573e-12
       0.963   0.00876525     0.904555    0.0724792 -2.43017e-11 -6.35945e-12
       0.964    0.0085021     0.905916    0.0713311 -2.43089e-11 -6.36795e-12
       0.965   0.00824026     0.907296    0.0701719  -2.4305e-11 -6.35726e-12
       0.966   0.00797974     0.908695    0.0690009 -2.43135e-11 -6.49184e-12
       0.967   0.00772055     0.910114    0.0678177 -2.43142e-11 -6.49916e-12
       0.968    0.0074627     0.911554    0.0666217  -2.4325e-11 -6.50654e-12
       0.969   0.00720622     0.913015    0.0654123 -2.43246e-11  -6.5233e-12
        0.97   0.00695111       0.9145     0.064189 -2.43296e-11 -6.67683e-12
       0.971   0.00669739     0.916009    0.0629509 -2.43369e-11 -6.66721e-12
       0.972   0.00644508     0.917544    0.0616973 -2.43468e-11 -6.71612e-12
       0.973    0.0061942     0.919105    0.0604274 -2.43472e-11 -6.81334e-12
       0.974   0.00594476     0.920695    0.0591403 -2.43574e-11 -6.81132e-12
       0.975   0.00569678     0.922316     0.057835 -2.43629e-11 -6.88246e-12
       0.976   0.00545029     0.923968    0.0565104 -2.43732e-11 -7.02705e-12
       0.977   0.00520531     0.925655    0.0551653 -2.43809e-11 -6.97824e-12
       0.978   0.00496186     0.927378    0.0537984   -2.439e-11 -7.08348e-12
       0.979   0.00471996      0.92914    0.0524083 -2.43978e-11 -7.22414e-12
        0.98   0.00447965     0.930944    0.0509932 -2.44166e-11 -7.35867e-12
       0.981   0.00424096     0.932794    0.0495514 -2.44184e-11 -7.37709e-12
       0.982   0.00400391     0.934692    0.0480807 -2.44395e-11 -7.59643e-12
       0.983   0.00376854     0.936643    0.0465789 -2.44504e-11 -7.63956e-12
       0.984   0.00353488     0.938653    0.0450431 -2.44688e-11 -7.91316e-12
       0.985   0.00330299     0.940726    0.0434703 -2.44868e-11 -7.96346e-12
       0.986    0.0030729     0.942869    0.0418569 -2.45074e-11 -8.26067e-12
       0.987   0.00284466     0.945091    0.0401985 -2.45316e-11 -8.48312e-12
       0.988   0.00261834       0.9474    0.0384902 -2.45574e-11 -8.74826e-12
       0.989   0.00239398     0.949808    0.0367258 -2.45883e-11 -9.04029e-12
        0.99   0.00217167     0.952329    0.0348979 -2.46234e-11 -9.51275e-12
       0.991   0.00195147     0.954981    0.0329974 -2.46667e-11 -9.93698e-12
       0.992    0.0017335     0.957786    0.0310123 -2.47169e-11 -1.06449e-11
       0.993   0.00151785     0.960775    0.0289277 -2.47791e-11 -1.14332e-11
       0.994   0.00130465     0.963991    0.0267228  -2.4859e-11 -1.25919e-11
       0.995   0.00109408     0.967492     0.024369 -2.49628e-11 -1.41789e-11
       0.996  0.000886323     0.971372    0.0218239 -2.51033e-11 -1.66258e-11
       0.997  0.000681663     0.975786    0.0190198 -2.53174e-11 -2.09919e-11
       0.998   0.00048048     0.981035    0.0158359 -2.56802e-11 -2.99375e-11
       0.999  0.000283372     0.987872    0.0120095 -2.64937e-11 -5.69184e-11
           1  9.14711e-05            1   0.00664194 -5.81736e-10  3.23814e-06