       0.001            1    0.0477848      2.18798 -5.67693e-12 -9.62517e-12
       0.002     0.981645    0.0603273      2.16158 -5.67205e-12 -9.62759e-12
       0.003     0.972011     0.069154      2.14766 -5.66074e-12   -9.628e-12
       0.004     0.963642    0.0762031      2.13552 -5.68109e-12 -9.63131e-12
       0.005     0.956074    0.0821735      2.12452 -5.65593e-12 -9.62739e-12
       0.006     0.949077     0.087407      2.11432 -5.67551e-12 -9.63627e-12
       0.007     0.942519    0.0920993      2.10474 -5.66746e-12 -9.63154e-12
       0.008     0.936312    0.0963745      2.09565 -5.67603e-12 -9.63277e-12
       0.009     0.930395     0.100316      2.08696 -5.68882e-12 -9.63466e-12
        0.01     0.924725     0.103985      2.07862   -5.656e-12 -9.63368e-12
       0.011     0.919268     0.107424      2.07057 -5.69118e-12 -9.63718e-12
       0.012     0.913998     0.110668      2.06279 -5.67483e-12  -9.6383e-12
       0.013     0.908894     0.113743      2.05524 -5.66777e-12 -9.63731e-12
       0.014     0.903939     0.116671      2.04789 -5.67939e-12 -9.63494e-12
       0.015     0.899118     0.119468      2.04073 -5.67665e-12 -9.63982e-12
       0.016      0.89442     0.122149      2.03373 -5.67685e-12 -9.63981e-12
       0.017     0.889835     0.124726       2.0269 -5.65531e-12 -9.63709e-12
       0.018     0.885353     0.127208       2.0202 -5.68368e-12 -9.64804e-12
       0.019     0.880967     0.129605      2.01364 -5.69234e-12 -9.63796e-12
        0.02     0.876671     0.131923       2.0072 -5.67445e-12 -9.64087e-12
       0.021     0.872458      0.13417      2.00088 -5.66652e-12 -9.64956e-12
       0.022     0.868324     0.136351      1.99466 -5.68958e-12 -9.62932e-12
       0.023     0.864263      0.13847      1.98854 -5.68032e-12 -9.64957e-12
       0.024     0.860271     0.140533      1.98252 -5.68406e-12 -9.65434e-12
       0.025     0.856345     0.142542      1.97659 -5.67411e-12 -9.64486e-12
       0.026     0.852482     0.144502      1.97074 -5.67162e-12 -9.63893e-12
       0.027     0.848677     0.146416      1.96497 -5.67041e-12 -9.63225e-12
       0.028     0.844929     0.148287      1.95928 -5.71176e-12  -9.6642e-12
       0.029     0.841234     0.150117      1.95367 -5.64626e-12 -9.63804e-12
        0.03     0.837591     0.151908      1.94812 -5.70865e-12  -9.6558e-12
       0.031     0.833996     0.153663      1.94264 -5.66235e-12 -9.65929e-12
       0.032     0.830449     0.155383      1.93722 -5.66475e-12 -9.65192e-12
       0.033     0.826947     0.157071      1.93186  -5.6963e-12  -9.6419e-12
       0.034     0.823488     0.158728      1.92656 -5.68921e-12 -9.64368e-12
       0.035      0.82007     0.160355      1.92132 -5.65586e-12 -9.67045e-12
       0.036     0.816693     0.161954      1.91613 -5.70153e-12 -9.63846e-12
       0.037     0.813354     0.163526        1.911 -5.68338e-12  -9.6532e-12
       0.038     0.810053     0.165073      1.90591 -5.67246e-12 -9.64785e-12
       0.039     0.806788     0.166595      1.90088 -5.70701e-12 -9.65149e-12
        0.04     0.803558     0.168094      1.89589 -5.67911e-12 -9.64811e-12
       0.041     0.800361      0.16957      1.89094 -5.68807e-12  -9.6734e-12
       0.042     0.797197     0.171025      1.88604 -5.68876e-12 -9.64255e-12
       0.043     0.794065     0.172459      1.88118  -5.6715e-12 -9.67303e-12
       0.044     0.790964     0.173874      1.87637 -5.71311e-12 -9.64059e-12
       0.045     0.787892     0.175269      1.87159 -5.65744e-12  -9.6594e-12
       0.046      0.78485     0.176646      1.86685 -5.66811e-12 -9.64872e-12
       0.047     0.781836     0.178005      1.86215 -5.70729e-12 -9.65699e-12
       0.048     0.778849     0.179347      1.85749 -5.64717e-12  -9.6773e-12
       0.049     0.775889     0.180672      1.85286 -5.70068e-12 -9.65235e-12
        0.05     0.772955     0.181982      1.84826 -5.70656e-12 -9.65486e-12
       0.051     0.770046     0.183276      1.84371 -5.71085e-12 -9.66495e-12
       0.052     0.767162     0.184555      1.83918  -5.6362e-12 -9.65354e-12
       0.053     0.764303      0.18582      1.83468 -5.71252e-12 -9.67828e-12
       0.054     0.761466      0.18707      1.83022 -5.66997e-12 -9.66886e-12
       0.055     0.758653     0.188308      1.82579  -5.6892e-12 -9.64855e-12
       0.056     0.755862     0.189532      1.82138 -5.68029e-12 -9.66602e-12
       0.057     0.753094     0.190743      1.81701 -5.72405e-12 -9.65684e-12
       0.058     0.750346     0.191942      1.81266 -5.65537e-12 -9.66153e-12
       0.059      0.74762     0.193129      1.80835 -5.69705e-12 -9.66192e-12
        0.06     0.744914     0.194305      1.80406 -5.68144e-12  -9.6689e-12
       0.061     0.742229     0.195469      1.79979 -5.71514e-12 -9.68303e-12
       0.062     0.739563     0.196622      1.79555 -5.68407e-12 -9.64188e-12
       0.063     0.736916     0.197764      1.79134 -5.68323e-12  -9.6933e-12
       0.064     0.734289     0.198896      1.78715 -5.71365e-12 -9.64649e-12
       0.065     0.731679     0.200018      1.78299 -5.67525e-12 -9.67605e-12
       0.066     0.729088      0.20113      1.77885   -5.676e-12 -9.68327e-12
       0.067     0.726515     0.202233      1.77474 -5.71114e-12 -9.66933e-12
       0.068      0.72396     0.203326      1.77064 -5.65053e-12 -9.66211e-12
       0.069     0.721421     0.204409      1.76657 -5.72393e-12 -9.66658e-12
        0.07       0.7189     0.205484      1.76253 -5.68681e-12 -9.68825e-12
       0.071     0.716395     0.206551       1.7585 -5.69141e-12 -9.65254e-12
       0.072     0.713906     0.207608      1.75449 -5.68103e-12 -9.67618e-12
       0.073     0.711433     0.208658      1.75051 -5.71824e-12 -9.68283e-12
       0.074     0.708976     0.209699      1.74655 -5.69704e-12 -9.65376e-12
       0.075     0.706534     0.210732       1.7426 -5.66479e-12 -9.67767e-12
       0.076     0.704108     0.211758      1.73868 -5.68819e-12 -9.65628e-12
       0.077     0.701697     0.212776      1.73478 -5.66426e-12 -9.67773e-12
       0.078       0.6993     0.213787      1.73089 -5.72103e-12 -9.70185e-12
       0.079     0.696918      0.21479      1.72703 -5.69772e-12 -9.65783e-12
        0.08     0.694549     0.215787      1.72318 -5.68723e-12 -9.66782e-12
       0.081     0.692195     0.216776      1.71935 -5.74225e-12 -9.68109e-12
       0.082     0.689855     0.217759      1.71554 -5.65555e-12 -9.68027e-12
       0.083     0.687528     0.218735      1.71175 -5.68807e-12 -9.67869e-12
       0.084     0.685215     0.219704      1.70797 -5.71953e-12 -9.68391e-12
       0.085     0.682915     0.220667      1.70421 -5.67617e-12 -9.65912e-12
       0.086     0.680628     0.221624      1.70047  -5.6919e-12 -9.69776e-12
       0.087     0.678353     0.222575      1.69675 -5.65213e-12 -9.66304e-12
       0.088     0.676092      0.22352      1.69304  -5.7152e-12 -9.66998e-12
       0.089     0.673842     0.224459      1.68935 -5.72133e-12 -9.68457e-12
        0.09     0.671605     0.225392      1.68567 -5.66705e-12 -9.69335e-12
       0.091      0.66938     0.226319      1.68201 -5.73248e-12 -9.66427e-12
       0.092     0.667167     0.227241      1.67836 -5.71427e-12 -9.68011e-12
       0.093     0.664966     0.228158      1.67473 -5.70734e-12 -9.71336e-12
       0.094     0.662777     0.229069      1.67112 -5.63124e-12 -9.66906e-12
       0.095     0.660598     0.229975      1.66752 -5.73508e-12 -9.67681e-12
       0.096     0.658432     0.230875      1.66393 -5.65473e-12 -9.68491e-12
       0.097     0.656276     0.231771      1.66036 -5.72908e-12 -9.69768e-12
       0.098     0.654131     0.232662       1.6568 -5.68817e-12 -9.68029e-12
       0.099     0.651997     0.233548      1.65326  -5.7378e-12  -9.6594e-12
         0.1     0.649874     0.234429      1.64973 -5.65083e-12 -9.71764e-12
       0.101     0.647762     0.235305      1.64622 -5.71574e-12 -9.68441e-12
       0.102      0.64566     0.236177      1.64272  -5.6783e-12 -9.67481e-12
       0.103     0.643568     0.237044      1.63923 -5.72059e-12 -9.70582e-12
       0.104     0.641487     0.237906      1.63575 -5.67208e-12 -9.69583e-12
       0.105     0.639416     0.238765      1.63229  -5.7568e-12 -9.65807e-12
       0.106     0.637354     0.239619      1.62884 -5.70227e-12 -9.68833e-12
       0.107     0.635303     0.240468       1.6254 -5.63883e-12 -9.70683e-12
       0.108     0.633261     0.241314      1.62198 -5.70765e-12 -9.67202e-12
       0.109     0.631229     0.242155      1.61857 -5.70133e-12 -9.72242e-12
        0.11     0.629207     0.242992      1.61517 -5.70068e-12 -9.67926e-12
       0.111     0.627194     0.243826      1.61178 -5.72332e-12 -9.68733e-12
       0.112      0.62519     0.244655       1.6084 -5.71435e-12 -9.69188e-12
       0.113     0.623196     0.245481      1.60504 -5.71571e-12 -9.69147e-12
       0.114      0.62121     0.246302      1.60169 -5.66084e-12 -9.69724e-12
       0.115     0.619234      0.24712      1.59835  -5.7088e-12  -9.7095e-12
       0.116     0.617267     0.247935      1.59502 -5.70532e-12 -9.67623e-12
       0.117     0.615308     0.248745       1.5917 -5.74358e-12 -9.69894e-12
       0.118     0.613358     0.249552       1.5884 -5.64071e-12  -9.6842e-12
       0.119     0.611417     0.250356       1.5851 -5.72584e-12 -9.68949e-12
        0.12     0.609484     0.251156      1.58182 -5.70981e-12 -9.73999e-12
       0.121      0.60756     0.251953      1.57854  -5.7004e-12 -9.64653e-12
       0.122     0.605645     0.252746      1.57528 -5.68452e-12 -9.73068e-12
       0.123     0.603737     0.253536      1.57203 -5.70114e-12  -9.6915e-12
       0.124     0.601838     0.254323      1.56879 -5.72052e-12  -9.7009e-12
       0.125     0.599947     0.255106      1.56555 -5.71264e-12 -9.63861e-12
       0.126     0.598064     0.255886      1.56233 -5.67948e-12 -9.75661e-12
       0.127     0.596189     0.256663      1.55912 -5.70748e-12 -9.66557e-12
       0.128     0.594322     0.257437      1.55592 -5.75367e-12 -9.73088e-12
       0.129     0.592462     0.258208      1.55273 -5.66487e-12 -9.69576e-12
        0.13     0.590611     0.258976      1.54955 -5.73774e-12 -9.70352e-12
       0.131     0.588767     0.259741      1.54638 -5.67414e-12  -9.6589e-12
       0.132     0.586931     0.260504      1.54322 -5.72433e-12 -9.77232e-12
       0.133     0.585102     0.261263      1.54006 -5.72852e-12 -9.71599e-12
       0.134     0.583281     0.262019      1.53692  -5.6987e-12 -9.64277e-12
       0.135     0.581467     0.262773      1.53379 -5.68787e-12 -9.73526e-12
       0.136      0.57966     0.263523      1.53067 -5.72869e-12 -9.72377e-12
       0.137     0.577861     0.264271      1.52755 -5.65189e-12 -9.69393e-12
       0.138     0.576069     0.265017      1.52445 -5.74448e-12 -9.72615e-12
       0.139     0.574284     0.265759      1.52135 -5.66502e-12 -9.69206e-12
        0.14     0.572506     0.266499      1.51826 -5.72065e-12 -9.69238e-12
       0.141     0.570735     0.267237      1.51518 -5.69526e-12 -9.69286e-12
       0.142     0.568972     0.267972      1.51211 -5.74292e-12 -9.75683e-12
       0.143     0.567215     0.268704      1.50905 -5.71381e-12 -9.64251e-12
       0.144     0.565465     0.269434        1.506 -5.71663e-12 -9.72782e-12
       0.145     0.563721     0.270161      1.50296 -5.69706e-12 -9.65697e-12
       0.146     0.561985     0.270886      1.49992 -5.70635e-12 -9.77643e-12
       0.147     0.560255     0.271609       1.4969 -5.69553e-12 -9.66696e-12
       0.148     0.558531     0.272329      1.49388   -5.714e-12 -9.76366e-12
       0.149     0.556815     0.273047      1.49087 -5.71975e-12 -9.70336e-12
        0.15     0.555104     0.273762      1.48787 -5.67701e-12 -9.69683e-12
       0.151       0.5534     0.274476      1.48487 -5.71234e-12 -9.72402e-12
       0.152     0.551703     0.275187      1.48189  -5.7552e-12 -9.73812e-12
       0.153     0.550012     0.275895      1.47891 -5.67696e-12 -9.73417e-12
       0.154     0.548327     0.276602      1.47594 -5.73246e-12 -9.65228e-12
       0.155     0.546649     0.277306      1.47298 -5.70379e-12 -9.71837e-12
       0.156     0.544976     0.278008      1.47002 -5.73226e-12 -9.77315e-12
       0.157      0.54331     0.278708      1.46708 -5.70723e-12 -9.67511e-12
       0.158      0.54165     0.279406      1.46414 -5.71174e-12 -9.72373e-12
       0.159     0.539996     0.280102      1.46121 -5.72033e-12 -9.66942e-12
        0.16     0.538348     0.280796      1.45829 -5.71668e-12 -9.80207e-12
       0.161     0.536706     0.281488      1.45537 -5.70211e-12 -9.67969e-12
       0.162      0.53507     0.282178      1.45246 -5.73703e-12 -9.78997e-12
       0.163      0.53344     0.282865      1.44956 -5.69769e-12 -9.61538e-12
       0.164     0.531815     0.283551      1.44667  -5.7387e-12 -9.75026e-12
       0.165     0.530197     0.284235      1.44378 -5.66759e-12 -9.72769e-12
       0.166     0.528584     0.284917       1.4409 -5.75234e-12 -9.76473e-12
       0.167     0.526977     0.285597      1.43803 -5.67871e-12 -9.66788e-12
       0.168     0.525375     0.286275      1.43517 -5.78568e-12 -9.69718e-12
       0.169     0.523779     0.286952      1.43231 -5.64687e-12 -9.74015e-12
        0.17     0.522189     0.287626      1.42946 -5.76213e-12 -9.75858e-12
       0.171     0.520604     0.288299      1.42661 -5.68046e-12 -9.71876e-12
       0.172     0.519025      0.28897      1.42378 -5.69041e-12 -9.67357e-12
       0.173     0.517451     0.289639      1.42095 -5.66516e-12 -9.77485e-12
       0.174     0.515883     0.290306      1.41812 -5.78514e-12 -9.71244e-12
       0.175      0.51432     0.290972      1.41531 -5.67235e-12 -9.70954e-12
       0.176     0.512762     0.291636       1.4125 -5.76288e-12 -9.76853e-12
       0.177      0.51121     0.292298      1.40969 -5.70111e-12  -9.6219e-12
       0.178     0.509663     0.292958       1.4069 -5.72021e-12 -9.78875e-12
       0.179     0.508121     0.293617      1.40411 -5.74878e-12 -9.72151e-12
        0.18     0.506584     0.294275      1.40132 -5.65733e-12  -9.7872e-12
       0.181     0.505053      0.29493      1.39855 -5.78705e-12 -9.69905e-12
       0.182     0.503527     0.295584      1.39578 -5.71282e-12 -9.76652e-12
       0.183     0.502006     0.296237      1.39301 -5.68601e-12 -9.68091e-12
       0.184      0.50049     0.296887      1.39025 -5.72162e-12 -9.65796e-12
       0.185     0.498979     0.297537       1.3875 -5.75575e-12 -9.84301e-12
       0.186     0.497472     0.298184      1.38476 -5.70808e-12 -9.68754e-12
       0.187     0.495971     0.298831      1.38202 -5.72664e-12  -9.7757e-12
       0.188     0.494475     0.299475      1.37929 -5.70275e-12 -9.66695e-12
       0.189     0.492984     0.300118      1.37656 -5.72044e-12 -9.74256e-12
        0.19     0.491498      0.30076      1.37384 -5.72115e-12 -9.72486e-12
       0.191     0.490016       0.3014      1.37112 -5.69239e-12 -9.72479e-12
       0.192      0.48854     0.302039      1.36842 -5.74699e-12  -9.7988e-12
       0.193     0.487068     0.302677      1.36571  -5.7068e-12  -9.6692e-12
       0.194     0.485601     0.303312      1.36302 -5.73622e-12 -9.83272e-12
       0.195     0.484138     0.303947      1.36033 -5.69551e-12 -9.65377e-12
       0.196      0.48268      0.30458      1.35764 -5.73142e-12 -9.78038e-12
       0.197     0.481227     0.305212      1.35496 -5.72658e-12  -9.6737e-12
       0.198     0.479779     0.305842      1.35229 -5.72716e-12 -9.84545e-12
       0.199     0.478335     0.306471      1.34962 -5.72476e-12 -9.68368e-12
         0.2     0.476896     0.307099      1.34696  -5.7106e-12  -9.7097e-12
       0.201     0.475461     0.307726       1.3443 -5.74947e-12 -9.81769e-12
       0.202     0.474031     0.308351      1.34165 -5.72231e-12 -9.70115e-12
       0.203     0.472606     0.308974      1.33901 -5.71241e-12 -9.73432e-12
       0.204     0.471184     0.309597      1.33637 -5.73066e-12  -9.7171e-12
       0.205     0.469768     0.310218      1.33373 -5.73726e-12 -9.71628e-12
       0.206     0.468356     0.310838      1.33111 -5.70128e-12 -9.77224e-12
       0.207     0.466948     0.311457      1.32848 -5.68969e-12 -9.73322e-12
       0.208     0.465544     0.312074      1.32587 -5.77851e-12 -9.78254e-12
       0.209     0.464145     0.312691      1.32325 -5.71403e-12  -9.7188e-12
        0.21      0.46275     0.313306      1.32065 -5.69723e-12 -9.73684e-12
       0.211      0.46136      0.31392      1.31805 -5.72622e-12 -9.80086e-12
       0.212     0.459974     0.314532      1.31545  -5.7647e-12 -9.74303e-12
       0.213     0.458592     0.315144      1.31286 -5.68339e-12 -9.69641e-12
       0.214     0.457214     0.315754      1.31027 -5.75161e-12 -9.80406e-12
       0.215      0.45584     0.316363      1.30769  -5.6854e-12 -9.71824e-12
       0.216     0.454471     0.316971      1.30512 -5.77292e-12 -9.72341e-12
       0.217     0.453106     0.317578      1.30255 -5.69502e-12 -9.80527e-12
       0.218     0.451745     0.318184      1.29998 -5.74008e-12 -9.80854e-12
       0.219     0.450388     0.318789      1.29742 -5.71399e-12 -9.62955e-12
        0.22     0.449035     0.319392      1.29487 -5.73797e-12 -9.84434e-12
       0.221     0.447686     0.319995      1.29232 -5.74636e-12 -9.71902e-12
       0.222     0.446341     0.320596      1.28978 -5.71832e-12  -9.6539e-12
       0.223        0.445     0.321197      1.28724 -5.73041e-12 -9.80253e-12
       0.224     0.443664     0.321796       1.2847 -5.71824e-12  -9.7771e-12
       0.225     0.442331     0.322394      1.28217 -5.74996e-12 -9.75872e-12
       0.226     0.441002     0.322991      1.27965 -5.73858e-12 -9.75796e-12
       0.227     0.439677     0.323587      1.27713 -5.72802e-12 -9.72685e-12
       0.228     0.438356     0.324183      1.27461  -5.7285e-12 -9.80205e-12
       0.229     0.437039     0.324777       1.2721 -5.73303e-12  -9.7228e-12
        0.23     0.435726      0.32537      1.26959 -5.73485e-12 -9.79173e-12
       0.231     0.434417     0.325962      1.26709 -5.74389e-12 -9.75115e-12
       0.232     0.433111     0.326553       1.2646 -5.66678e-12 -9.83144e-12
       0.233      0.43181     0.327143      1.26211 -5.77693e-12 -9.64742e-12
       0.234     0.430512     0.327733      1.25962 -5.72107e-12 -9.80718e-12
       0.235     0.429218     0.328321      1.25714 -5.72581e-12 -9.73119e-12
       0.236     0.427927     0.328908      1.25466  -5.7433e-12 -9.85974e-12
       0.237     0.426641     0.329495      1.25219  -5.7297e-12 -9.64383e-12
       0.238     0.425358      0.33008      1.24972 -5.74222e-12 -9.76217e-12
       0.239     0.424079     0.330665      1.24726 -5.71155e-12 -9.77337e-12
        0.24     0.422803     0.331248       1.2448 -5.73586e-12 -9.76922e-12
       0.241     0.421531     0.331831      1.24234 -5.75082e-12 -9.76661e-12
       0.242     0.420263     0.332413      1.23989 -5.72257e-12 -9.77536e-12
       0.243     0.418999     0.332994      1.23745 -5.74464e-12  -9.7624e-12
       0.244     0.417738     0.333574      1.23501 -5.70295e-12  -9.7702e-12
       0.245      0.41648     0.334153      1.23257 -5.77682e-12 -9.79249e-12
       0.246     0.415227     0.334732      1.23014 -5.71869e-12 -9.73839e-12
       0.247     0.413976     0.335309      1.22771 -5.74782e-12 -9.82901e-12
       0.248      0.41273     0.335886      1.22529 -5.71423e-12 -9.69957e-12
       0.249     0.411487     0.336462      1.22287 -5.77694e-12 -9.81967e-12
        0.25     0.410247     0.337037      1.22045 -5.70117e-12 -9.66296e-12
       0.251     0.409011     0.337611      1.21804 -5.69737e-12 -9.82352e-12
       0.252     0.407778     0.338184      1.21563 -5.75769e-12 -9.72116e-12
       0.253     0.406549     0.338757      1.21323 -5.73619e-12 -9.77358e-12
       0.254     0.405323     0.339328      1.21084 -5.75068e-12 -9.84349e-12
       0.255     0.404101     0.339899      1.20844 -5.71412e-12 -9.66666e-12
       0.256     0.402882     0.340469      1.20605 -5.76523e-12 -9.94017e-12
       0.257     0.401667     0.341039      1.20367 -5.73211e-12 -9.68012e-12
       0.258     0.400455     0.341607      1.20129 -5.71703e-12 -9.83214e-12
       0.259     0.399246     0.342175      1.19891 -5.77825e-12 -9.75266e-12
        0.26      0.39804     0.342742      1.19654  -5.6902e-12 -9.75197e-12
       0.261     0.396838     0.343309      1.19417 -5.76709e-12 -9.82107e-12
       0.262      0.39564     0.343874       1.1918 -5.74784e-12 -9.82381e-12
       0.263     0.394444     0.344439      1.18944 -5.74952e-12  -9.7556e-12
       0.264     0.393252     0.345003      1.18709 -5.71465e-12 -9.68762e-12
       0.265     0.392063     0.345567      1.18473 -5.75542e-12 -9.84584e-12
       0.266     0.390877     0.346129      1.18238 -5.74664e-12 -9.79639e-12
       0.267     0.389695     0.346691      1.18004  -5.7144e-12 -9.69564e-12
       0.268     0.388516     0.347253       1.1777 -5.73833e-12 -9.84836e-12
       0.269      0.38734     0.347813      1.17536 -5.77138e-12 -9.79092e-12
        0.27     0.386167     0.348373      1.17303 -5.71296e-12 -9.73926e-12
       0.271     0.384998     0.348932       1.1707 -5.76941e-12  -9.7707e-12
       0.272     0.383831     0.349491      1.16838 -5.70996e-12 -9.76483e-12
       0.273     0.382668     0.350048      1.16606 -5.72863e-12 -9.81771e-12
       0.274     0.381508     0.350606      1.16374 -5.80338e-12 -9.80772e-12
       0.275     0.380351     0.351162      1.16143 -5.69128e-12 -9.80668e-12
       0.276     0.379197     0.351718      1.15912 -5.74415e-12 -9.75178e-12
       0.277     0.378047     0.352273      1.15681  -5.7619e-12 -9.78623e-12
       0.278     0.376899     0.352828      1.15451 -5.75146e-12 -9.73189e-12
       0.279     0.375755     0.353382      1.15221 -5.71886e-12 -9.90364e-12
        0.28     0.374613     0.353935      1.14992 -5.76316e-12 -9.67738e-12
       0.281     0.373475     0.354488      1.14762 -5.77096e-12 -9.87844e-12
       0.282     0.372339      0.35504      1.14534 -5.73125e-12 -9.81714e-12
       0.283     0.371207     0.355591      1.14305 -5.73542e-12 -9.80938e-12
       0.284     0.370078     0.356142      1.14078  -5.7203e-12 -9.65537e-12
       0.285     0.368952     0.356692       1.1385 -5.79616e-12 -9.78929e-12
       0.286     0.367828     0.357242      1.13623  -5.7177e-12 -9.83503e-12
       0.287     0.366708     0.357791      1.13396 -5.72143e-12 -9.79183e-12
       0.288     0.365591     0.358339      1.13169 -5.75723e-12 -9.82058e-12
       0.289     0.364476     0.358887      1.12943 -5.76175e-12 -9.77596e-12
        0.29     0.363365     0.359434      1.12717 -5.73826e-12 -9.80338e-12
       0.291     0.362256     0.359981      1.12492 -5.75125e-12 -9.72643e-12
       0.292     0.361151     0.360527      1.12267 -5.74145e-12 -9.83584e-12
       0.293     0.360048     0.361073      1.12042 -5.79205e-12  -9.8421e-12
       0.294     0.358948     0.361618      1.11818 -5.72327e-12 -9.74876e-12
       0.295     0.357851     0.362163      1.11594 -5.72225e-12 -9.78384e-12
       0.296     0.356757     0.362706       1.1137 -5.73765e-12 -9.88929e-12
       0.297     0.355666      0.36325      1.11147 -5.75826e-12 -9.70692e-12
       0.298     0.354578     0.363793      1.10924 -5.76613e-12 -9.88845e-12
       0.299     0.353492     0.364335      1.10701 -5.74093e-12 -9.85453e-12
         0.3     0.352409     0.364877      1.10479 -5.74085e-12 -9.69426e-12
       0.301      0.35133     0.365418      1.10257 -5.78037e-12 -9.86519e-12
       0.302     0.350253     0.365959      1.10036 -5.75383e-12 -9.75192e-12
       0.303     0.349178     0.366499      1.09814 -5.73073e-12 -9.85088e-12
       0.304     0.348107     0.367039      1.09594 -5.76813e-12 -9.82397e-12
       0.305     0.347038     0.367578      1.09373 -5.72185e-12 -9.79042e-12
       0.306     0.345972     0.368117      1.09153 -5.81396e-12 -9.79983e-12
       0.307     0.344909     0.368656      1.08933   -5.729e-12 -9.79011e-12
       0.308     0.343849     0.369193      1.08713 -5.72063e-12 -9.77174e-12
       0.309     0.342791     0.369731      1.08494 -5.75964e-12 -9.79293e-12
        0.31     0.341736     0.370268      1.08275 -5.74831e-12 -9.84927e-12
       0.311     0.340684     0.370804      1.08057 -5.75442e-12 -9.76473e-12
       0.312     0.339634      0.37134      1.07839 -5.73938e-12 -9.89622e-12
       0.313     0.338587     0.371875      1.07621 -5.76284e-12 -9.76968e-12
       0.314     0.337543      0.37241      1.07403 -5.73035e-12 -9.82675e-12
       0.315     0.336501     0.372945      1.07186 -5.77467e-12 -9.88792e-12
       0.316     0.335463     0.373479      1.06969 -5.79007e-12 -9.77925e-12
       0.317     0.334426     0.374013      1.06752 -5.76857e-12 -9.80902e-12
       0.318     0.333393     0.374546      1.06536 -5.75027e-12 -9.78105e-12
       0.319     0.332362     0.375079       1.0632 -5.77505e-12 -9.85586e-12
        0.32     0.331334     0.375611      1.06104 -5.70519e-12 -9.79792e-12
       0.321     0.330308     0.376143      1.05889 -5.79982e-12 -9.75015e-12
       0.322     0.329285     0.376674      1.05674 -5.69854e-12 -9.92628e-12
       0.323     0.328264     0.377205      1.05459  -5.7669e-12 -9.73441e-12
       0.324     0.327246     0.377736      1.05245 -5.77255e-12 -9.91167e-12
       0.325     0.326231     0.378266      1.05031 -5.74671e-12 -9.69582e-12
       0.326     0.325218     0.378796      1.04817 -5.74751e-12 -9.94718e-12
       0.327     0.324208     0.379326      1.04604 -5.73944e-12 -9.73334e-12
       0.328       0.3232     0.379855      1.04391 -5.78499e-12 -9.78806e-12
       0.329     0.322195     0.380383      1.04178 -5.74379e-12 -9.78739e-12
        0.33     0.321192     0.380912      1.03965 -5.77582e-12  -9.9891e-12
       0.331     0.320192      0.38144      1.03753 -5.73884e-12  -9.7198e-12
       0.332     0.319195     0.381967      1.03541 -5.77811e-12 -9.92378e-12
       0.333       0.3182     0.382494       1.0333 -5.79831e-12 -9.70699e-12
       0.334     0.317207     0.383021      1.03118 -5.73555e-12 -9.91685e-12
       0.335     0.316217     0.383547      1.02907 -5.76771e-12 -9.74642e-12
       0.336     0.315229     0.384073      1.02697 -5.75817e-12 -9.89146e-12
       0.337     0.314244     0.384599      1.02486 -5.75095e-12 -9.90191e-12
       0.338     0.313261     0.385124      1.02276 -5.74321e-12 -9.70093e-12
       0.339     0.312281     0.385649      1.02066 -5.79702e-12 -9.94061e-12
        0.34     0.311303     0.386174      1.01857 -5.73223e-12 -9.77981e-12
       0.341     0.310328     0.386698      1.01648 -5.79678e-12 -9.78592e-12
       0.342     0.309355     0.387222      1.01439 -5.78172e-12 -9.90793e-12
       0.343     0.308384     0.387746       1.0123 -5.71783e-12 -9.75124e-12
       0.344     0.307416     0.388269      1.01022 -5.77313e-12 -9.94451e-12
       0.345     0.306451     0.388792      1.00814 -5.77408e-12 -9.83269e-12
       0.346     0.305487     0.389314      1.00606 -5.69848e-12 -9.68324e-12
       0.347     0.304526     0.389836      1.00399  -5.8627e-12 -9.89558e-12
       0.348     0.303568     0.390358      1.00191 -5.69105e-12 -9.87949e-12
       0.349     0.302612      0.39088     0.999846 -5.77151e-12 -9.89314e-12
        0.35     0.301658     0.391401      0.99778 -5.77143e-12 -9.78944e-12
       0.351     0.300706     0.391922     0.995717 -5.80591e-12 -9.87479e-12
       0.352     0.299757     0.392443     0.993657 -5.74604e-12 -9.82795e-12
       0.353      0.29881     0.392963     0.991599 -5.78593e-12 -9.86468e-12
       0.354     0.297866     0.393483     0.989544 -5.72826e-12 -9.84087e-12
       0.355     0.296924     0.394003     0.987493 -5.81447e-12 -9.81621e-12
       0.356     0.295984     0.394523     0.985444 -5.74736e-12 -9.77279e-12
       0.357     0.295046     0.395042     0.983398  -5.7346e-12 -9.86974e-12
       0.358     0.294111     0.395561     0.981354 -5.76008e-12 -9.91552e-12
       0.359     0.293178      0.39608     0.979313 -5.76839e-12 -9.80128e-12
        0.36     0.292247     0.396598     0.977276  -5.8101e-12 -9.76868e-12
       0.361     0.291319     0.397116     0.975241 -5.72905e-12 -9.94521e-12
       0.362     0.290393     0.397634     0.973208 -5.75775e-12 -9.75675e-12
       0.363     0.289469     0.398151     0.971179 -5.82149e-12 -9.81006e-12
       0.364     0.288547     0.398669     0.969152 -5.74598e-12 -9.98985e-12
       0.365     0.287628     0.399186     0.967127 -5.78047e-12 -9.81153e-12
       0.366     0.286711     0.399703     0.965106 -5.75702e-12 -9.87101e-12
       0.367     0.285796     0.400219     0.963087 -5.75586e-12 -9.87485e-12
       0.368     0.284883     0.400735     0.961071 -5.82146e-12 -9.83214e-12
       0.369     0.283973     0.401251     0.959058 -5.74265e-12 -9.79499e-12
        0.37     0.283065     0.401767     0.957047 -5.75508e-12 -9.89072e-12
       0.371     0.282159     0.402283     0.955039 -5.84682e-12 -9.80795e-12
       0.372     0.281255     0.402798     0.953034  -5.7385e-12 -1.00193e-11
       0.373     0.280353     0.403313     0.951031 -5.72412e-12 -9.74066e-12
       0.374     0.279454     0.403828     0.949031 -5.80786e-12 -9.83137e-12
       0.375     0.278557     0.404342     0.947033 -5.80609e-12 -9.84014e-12
       0.376     0.277662     0.404857     0.945038 -5.77549e-12 -9.98636e-12
       0.377     0.276769     0.405371     0.943046 -5.68773e-12 -9.83875e-12
       0.378     0.275878     0.405885     0.941057 -5.79679e-12  -9.8695e-12
       0.379     0.274989     0.406399      0.93907 -5.81046e-12 -9.83032e-12
        0.38     0.274103     0.406912     0.937085 -5.80661e-12 -9.94637e-12
       0.381     0.273219     0.407426     0.935103 -5.77395e-12 -9.81661e-12
       0.382     0.272336     0.407939     0.933124 -5.77287e-12 -9.84182e-12
       0.383     0.271456     0.408452     0.931147 -5.71098e-12 -9.93705e-12
       0.384     0.270578     0.408964     0.929173 -5.80276e-12 -9.78685e-12
       0.385     0.269703     0.409477     0.927201 -5.76352e-12 -9.91894e-12
       0.386     0.268829     0.409989     0.925232 -5.82244e-12 -9.92687e-12
       0.387     0.267957     0.410501     0.923266 -5.76452e-12 -9.73134e-12
       0.388     0.267088     0.411013     0.921302 -5.74177e-12 -9.87884e-12
       0.389      0.26622     0.411525      0.91934 -5.79355e-12 -9.92211e-12
        0.39     0.265355     0.412036     0.917381 -5.80422e-12 -9.82347e-12
       0.391     0.264492     0.412548     0.915425 -5.76706e-12 -9.81063e-12
       0.392      0.26363     0.413059     0.913471 -5.77851e-12 -9.92783e-12
       0.393     0.262771      0.41357      0.91152 -5.75621e-12 -1.00323e-11
       0.394     0.261914     0.414081     0.909571 -5.78714e-12 -9.85735e-12
       0.395     0.261059     0.414592     0.907624 -5.81665e-12 -9.72084e-12
       0.396     0.260206     0.415102      0.90568 -5.76702e-12 -9.92439e-12
       0.397     0.259355     0.415613     0.903738 -5.76934e-12 -9.85859e-12
       0.398     0.258506     0.416123     0.901799 -5.79366e-12  -1.0018e-11
       0.399     0.257659     0.416633     0.899863 -5.77506e-12 -9.81978e-12
         0.4     0.256815     0.417143     0.897928 -5.79183e-12 -9.85046e-12
       0.401     0.255972     0.417653     0.895996 -5.75565e-12 -9.82723e-12
       0.402     0.255131     0.418162     0.894067 -5.74175e-12 -9.98067e-12
       0.403     0.254292     0.418672      0.89214 -5.83217e-12 -9.78696e-12
       0.404     0.253455     0.419181     0.890215  -5.8057e-12 -9.94414e-12
       0.405      0.25262      0.41969     0.888293  -5.7904e-12  -9.8434e-12
       0.406     0.251788     0.420199     0.886373 -5.77329e-12  -9.8823e-12
       0.407     0.250957     0.420708     0.884456 -5.73984e-12 -9.95833e-12
       0.408     0.250128     0.421217     0.882541 -5.82327e-12 -9.84599e-12
       0.409     0.249301     0.421726     0.880628  -5.7947e-12 -9.94343e-12
        0.41     0.248476     0.422235     0.878718 -5.75752e-12 -9.93124e-12
       0.411     0.247653     0.422743      0.87681 -5.81388e-12 -9.91286e-12
       0.412     0.246832     0.423251     0.874904 -5.76603e-12 -9.82536e-12
       0.413     0.246013      0.42376     0.873001 -5.79792e-12 -9.89379e-12
       0.414     0.245196     0.424268       0.8711 -5.80945e-12 -9.87778e-12
       0.415      0.24438     0.424776     0.869202  -5.7706e-12 -9.96382e-12
       0.416     0.243567     0.425284     0.867305 -5.76881e-12 -9.89994e-12
       0.417     0.242756     0.425791     0.865411 -5.80461e-12 -9.81622e-12
       0.418     0.241946     0.426299      0.86352 -5.81315e-12 -9.79575e-12
       0.419     0.241139     0.426807     0.861631 -5.77635e-12 -9.95119e-12
        0.42     0.240333     0.427314     0.859744 -5.78681e-12 -9.93603e-12
       0.421      0.23953     0.427822     0.857859 -5.78661e-12 -9.93646e-12
       0.422     0.238728     0.428329     0.855976 -5.81551e-12 -9.84915e-12
       0.423     0.237928     0.428836     0.854096 -5.74805e-12 -9.90451e-12
       0.424      0.23713     0.429343     0.852218 -5.83139e-12 -9.96459e-12
       0.425     0.236334      0.42985     0.850343  -5.7562e-12 -9.83356e-12
       0.426      0.23554     0.430357     0.848469  -5.7842e-12 -9.93155e-12
       0.427     0.234747     0.430864     0.846598 -5.84342e-12 -9.90887e-12
       0.428     0.233957     0.431371     0.844729 -5.77628e-12 -9.90446e-12
       0.429     0.233168     0.431878     0.842863 -5.79256e-12 -9.94477e-12
        0.43     0.232381     0.432385     0.840998 -5.79521e-12 -9.85632e-12
       0.431     0.231596     0.432891     0.839136 -5.79118e-12  -9.9372e-12
       0.432     0.230813     0.433398     0.837276  -5.7996e-12 -9.93114e-12
       0.433     0.230032     0.433904     0.835418 -5.75891e-12 -9.88634e-12
       0.434     0.229253     0.434411     0.833563 -5.81588e-12 -1.00016e-11
       0.435     0.228475     0.434917      0.83171 -5.78559e-12 -9.87116e-12
       0.436       0.2277     0.435424     0.829859 -5.78664e-12 -9.88028e-12
       0.437     0.226926      0.43593      0.82801 -5.82768e-12  -9.8641e-12
       0.438     0.226154     0.436436     0.826163 -5.78104e-12 -9.96273e-12
       0.439     0.225384     0.436943     0.824318 -5.81444e-12 -9.95677e-12
        0.44     0.224615     0.437449     0.822476  -5.7696e-12 -9.87699e-12
       0.441     0.223848     0.437955     0.820636 -5.83183e-12 -9.95999e-12
       0.442     0.223084     0.438461     0.818798 -5.77368e-12 -9.91072e-12
       0.443     0.222321     0.438967     0.816962 -5.79099e-12 -9.86513e-12
       0.444     0.221559     0.439473     0.815128 -5.79707e-12 -9.89018e-12
       0.445       0.2208     0.439979     0.813297 -5.79842e-12 -9.98745e-12
       0.446     0.220042     0.440485     0.811467 -5.82184e-12 -9.93329e-12
       0.447     0.219287     0.440991      0.80964 -5.83138e-12 -9.94401e-12
       0.448     0.218533     0.441497     0.807815 -5.77579e-12 -9.89995e-12
       0.449      0.21778     0.442003     0.805991 -5.77408e-12 -1.00119e-11
        0.45      0.21703     0.442509     0.804171 -5.80664e-12 -9.86442e-12
       0.451     0.216281     0.443015     0.802352 -5.83816e-12 -9.87782e-12
       0.452     0.215534     0.443521     0.800535 -5.77596e-12 -1.00763e-11
       0.453     0.214789     0.444027      0.79872  -5.8225e-12 -9.91963e-12
       0.454     0.214045     0.444533     0.796908 -5.81515e-12 -9.87377e-12
       0.455     0.213303     0.445039     0.795097  -5.7733e-12 -1.00341e-11
       0.456     0.212563     0.445544     0.793289 -5.79701e-12 -9.80228e-12
       0.457     0.211825      0.44605     0.791483 -5.80917e-12 -1.00364e-11
       0.458     0.211088     0.446556     0.789678 -5.82682e-12 -9.82526e-12
       0.459     0.210354     0.447062     0.787876 -5.78594e-12 -1.00227e-11
        0.46     0.209621     0.447568     0.786076 -5.78324e-12 -9.94984e-12
       0.461     0.208889     0.448074     0.784278  -5.8628e-12 -9.87241e-12
       0.462     0.208159      0.44858     0.782482 -5.77486e-12 -1.00557e-11
       0.463     0.207431     0.449086     0.780688 -5.78365e-12 -1.00034e-11
       0.464     0.206705     0.449592     0.778896 -5.82478e-12 -9.85542e-12
       0.465     0.205981     0.450098     0.777107 -5.82241e-12 -9.90565e-12
       0.466     0.205258     0.450604     0.775319 -5.83444e-12 -9.92565e-12
       0.467     0.204537      0.45111     0.773533 -5.79932e-12 -1.00112e-11
       0.468     0.203817     0.451616     0.771749 -5.79769e-12 -9.78952e-12
       0.469     0.203099     0.452123     0.769967 -5.80116e-12 -1.00815e-11
        0.47     0.202383     0.452629     0.768188 -5.81372e-12 -9.92838e-12
       0.471     0.201669     0.453135      0.76641 -5.81308e-12 -1.00626e-11
       0.472     0.200956     0.453641     0.764634 -5.81575e-12 -9.86943e-12
       0.473     0.200245     0.454148      0.76286 -5.81413e-12 -9.96727e-12
       0.474     0.199536     0.454654     0.761089 -5.80174e-12 -9.95933e-12
       0.475     0.198828      0.45516     0.759319 -5.82212e-12 -1.00045e-11
       0.476     0.198122     0.455667     0.757551 -5.79639e-12 -9.97032e-12
       0.477     0.197417     0.456173     0.755785 -5.80245e-12  -9.9119e-12
       0.478     0.196715      0.45668     0.754021 -5.82164e-12 -9.95623e-12
       0.479     0.196013     0.457187      0.75226 -5.81283e-12 -9.92237e-12
        0.48     0.195314     0.457693       0.7505 -5.81033e-12 -9.93427e-12
       0.481     0.194616       0.4582     0.748742 -5.85885e-12 -1.00074e-11
       0.482      0.19392     0.458707     0.746986 -5.78379e-12 -1.00484e-11
       0.483     0.193225     0.459214     0.745232 -5.81459e-12 -9.88535e-12
       0.484     0.192532     0.459721     0.743479 -5.83091e-12 -9.91613e-12
       0.485     0.191841     0.460228     0.741729 -5.77559e-12 -1.00536e-11
       0.486     0.191151     0.460735     0.739981 -5.82697e-12 -9.95197e-12
       0.487     0.190463     0.461243     0.738235 -5.84618e-12 -9.98749e-12
       0.488     0.189777      0.46175      0.73649 -5.80277e-12 -9.99149e-12
       0.489     0.189092     0.462257     0.734748 -5.81481e-12 -9.87342e-12
        0.49     0.188408     0.462765     0.733007  -5.8439e-12 -1.00619e-11
       0.491     0.187727     0.463272     0.731268  -5.7988e-12 -9.89474e-12
       0.492     0.187047      0.46378     0.729532 -5.83144e-12  -1.0055e-11
       0.493     0.186368     0.464288     0.727797 -5.82047e-12 -9.97651e-12
       0.494     0.185691     0.464796     0.726064 -5.81681e-12 -1.00561e-11
       0.495     0.185016     0.465304     0.724333 -5.84206e-12 -9.91225e-12
       0.496     0.184342     0.465812     0.722604 -5.79046e-12 -1.00281e-11
       0.497      0.18367      0.46632     0.720876 -5.82946e-12 -9.89474e-12
       0.498     0.182999     0.466828     0.719151 -5.83684e-12 -1.00206e-11
       0.499      0.18233     0.467337     0.717427 -5.82733e-12 -9.99711e-12
         0.5     0.181663     0.467845     0.715706 -5.77313e-12 -1.00435e-11
       0.501     0.180997     0.468354     0.713986 -5.87174e-12 -9.99634e-12
       0.502     0.180333     0.468863     0.712268 -5.80604e-12 -9.93605e-12
       0.503      0.17967     0.469372     0.710552 -5.81265e-12 -1.00549e-11
       0.504     0.179009     0.469881     0.708837  -5.8679e-12 -9.91959e-12
       0.505     0.178349      0.47039     0.707125  -5.8051e-12 -9.95985e-12
       0.506     0.177691     0.470899     0.705414 -5.82867e-12 -9.95466e-12
       0.507     0.177035     0.471408     0.703706 -5.81342e-12 -1.01124e-11
       0.508      0.17638     0.471918     0.701999 -5.81714e-12 -9.94567e-12
       0.509     0.175726     0.472428     0.700294 -5.81105e-12 -1.00102e-11
        0.51     0.175074     0.472938      0.69859 -5.85607e-12 -1.00191e-11
       0.511     0.174424     0.473448     0.696889 -5.83393e-12 -1.00591e-11
       0.512     0.173775     0.473958     0.695189 -5.83846e-12 -9.91139e-12
       0.513     0.173128     0.474468     0.693491  -5.8309e-12 -1.00288e-11
       0.514     0.172482     0.474978     0.691795 -5.81165e-12 -1.01076e-11
       0.515     0.171837     0.475489     0.690101 -5.82265e-12 -9.96704e-12
       0.516     0.171195        0.476     0.688409 -5.86495e-12 -9.91336e-12
       0.517     0.170553     0.476511     0.686718 -5.81726e-12 -1.00239e-11
       0.518     0.169914     0.477022     0.685029 -5.86563e-12 -1.00601e-11
       0.519     0.169275     0.477533     0.683342 -5.78037e-12 -1.00195e-11
        0.52     0.168639     0.478044     0.681657 -5.86551e-12 -1.00297e-11
       0.521     0.168003     0.478556     0.679974 -5.80015e-12  -9.9693e-12
       0.522      0.16737     0.479068     0.678292 -5.84831e-12 -1.00292e-11
       0.523     0.166737     0.479579     0.676612 -5.87707e-12 -9.96811e-12
       0.524     0.166106     0.480092     0.674934 -5.81859e-12 -1.00188e-11
       0.525     0.165477     0.480604     0.673257 -5.83112e-12 -1.00618e-11
       0.526     0.164849     0.481116     0.671583 -5.78864e-12 -1.00506e-11
       0.527     0.164223     0.481629      0.66991 -5.88803e-12 -1.00108e-11
       0.528     0.163598     0.482142     0.668239 -5.81864e-12 -1.00674e-11
       0.529     0.162975     0.482655     0.666569 -5.81689e-12 -9.93958e-12
        0.53     0.162353     0.483168     0.664902 -5.87486e-12 -1.00966e-11
       0.531     0.161732     0.483681     0.663236 -5.81694e-12 -1.00173e-11
       0.532     0.161113     0.484195     0.661572 -5.83615e-12 -9.92815e-12
       0.533     0.160496     0.484709     0.659909 -5.86457e-12 -1.00384e-11
       0.534      0.15988     0.485223     0.658249 -5.82571e-12 -1.01237e-11
       0.535     0.159265     0.485737      0.65659 -5.86056e-12 -1.01241e-11
       0.536     0.158652     0.486251     0.654932 -5.85353e-12 -1.00082e-11
       0.537      0.15804     0.486766     0.653277 -5.84022e-12 -9.95706e-12
       0.538      0.15743     0.487281     0.651623 -5.79245e-12 -1.00183e-11
       0.539     0.156821     0.487796     0.649971 -5.89526e-12 -1.01574e-11
        0.54     0.156214     0.488311      0.64832 -5.81388e-12 -1.00474e-11
       0.541     0.155608     0.488827     0.646672 -5.84436e-12 -9.89985e-12
       0.542     0.155003     0.489343     0.645025 -5.84943e-12 -1.01181e-11
       0.543       0.1544     0.489859     0.643379 -5.85683e-12 -1.01222e-11
       0.544     0.153799     0.490375     0.641736 -5.85395e-12 -9.99507e-12
       0.545     0.153198     0.490891     0.640094 -5.83998e-12 -1.00397e-11
       0.546       0.1526     0.491408     0.638453 -5.83608e-12 -1.00214e-11
       0.547     0.152002     0.491925     0.636815 -5.84432e-12 -1.00734e-11
       0.548     0.151406     0.492442     0.635178   -5.844e-12   -1.001e-11
       0.549     0.150812      0.49296     0.633542  -5.8453e-12 -1.01185e-11
        0.55     0.150219     0.493477     0.631909 -5.87076e-12 -1.00352e-11
       0.551     0.149627     0.493995     0.630277 -5.82065e-12 -1.00175e-11
       0.552     0.149036     0.494513     0.628647 -5.86453e-12  -1.0017e-11
       0.553     0.148448     0.495032     0.627018 -5.88018e-12 -1.00734e-11
       0.554      0.14786      0.49555     0.625391 -5.83131e-12  -1.0138e-11
       0.555     0.147274     0.496069     0.623766 -5.86414e-12 -1.01167e-11
       0.556     0.146689     0.496589     0.622142 -5.82145e-12  -1.0037e-11
       0.557     0.146106     0.497108      0.62052 -5.90577e-12   -9.999e-12
       0.558     0.145524     0.497628       0.6189 -5.84332e-12 -1.01101e-11
       0.559     0.144943     0.498148     0.617281 -5.82977e-12 -1.00316e-11
        0.56     0.144364     0.498668     0.615664 -5.87167e-12 -1.01282e-11
       0.561     0.143786     0.499189     0.614048 -5.82082e-12 -9.96527e-12
       0.562      0.14321      0.49971     0.612434 -5.89603e-12 -1.02016e-11
       0.563     0.142635     0.500231     0.610822 -5.84797e-12 -9.95175e-12
       0.564     0.142061     0.500752     0.609211 -5.85365e-12 -1.02748e-11
       0.565     0.141489     0.501274     0.607602 -5.86559e-12 -9.95214e-12
       0.566     0.140918     0.501796     0.605995 -5.86538e-12 -1.01747e-11
       0.567     0.140349     0.502319     0.604389 -5.83728e-12 -1.00649e-11
       0.568      0.13978     0.502841     0.602785 -5.85302e-12 -1.00514e-11
       0.569     0.139214     0.503364     0.601182 -5.90331e-12 -1.00333e-11
        0.57     0.138648     0.503888     0.599581 -5.86311e-12 -1.00509e-11
       0.571     0.138084     0.504411     0.597982 -5.80515e-12 -1.01996e-11
       0.572     0.137521     0.504935     0.596384  -5.8502e-12 -1.00314e-11
       0.573      0.13696     0.505459     0.594788 -5.89061e-12 -1.01308e-11
       0.574       0.1364     0.505984     0.593193 -5.85725e-12 -1.01249e-11
       0.575     0.135841     0.506509       0.5916 -5.88381e-12 -1.00491e-11
       0.576     0.135284     0.507034     0.590009 -5.86544e-12 -1.00928e-11
       0.577     0.134728     0.507559     0.588419 -5.85163e-12 -1.00354e-11
       0.578     0.134173     0.508085      0.58683 -5.84851e-12 -1.03344e-11
       0.579      0.13362     0.508611     0.585244 -5.88345e-12 -1.00832e-11
        0.58     0.133067     0.509138     0.583658 -5.86183e-12 -1.00456e-11
       0.581     0.132517     0.509665     0.582075 -5.87383e-12   -1.017e-11
       0.582     0.131967     0.510192     0.580492  -5.8738e-12 -1.01311e-11
       0.583     0.131419     0.510719     0.578912 -5.84577e-12 -1.00339e-11
       0.584     0.130873     0.511247     0.577333 -5.89491e-12  -1.0034e-11
       0.585     0.130327     0.511776     0.575755 -5.87293e-12 -1.01578e-11
       0.586     0.129783     0.512304     0.574179 -5.86779e-12 -1.01687e-11
       0.587      0.12924     0.512833     0.572605  -5.8564e-12 -1.00333e-11
       0.588     0.128699     0.513362     0.571032 -5.88928e-12 -1.02296e-11
       0.589     0.128159     0.513892     0.569461 -5.86173e-12 -9.99827e-12
        0.59      0.12762     0.514422     0.567891 -5.85238e-12  -1.0164e-11
       0.591     0.127082     0.514953     0.566323 -5.92323e-12 -1.01233e-11
       0.592     0.126546     0.515484     0.564756 -5.87582e-12 -1.00578e-11
       0.593     0.126011     0.516015     0.563191 -5.81028e-12 -1.00456e-11
       0.594     0.125478     0.516546     0.561627 -5.92424e-12 -1.02238e-11
       0.595     0.124945     0.517078     0.560065 -5.87457e-12 -1.02489e-11
       0.596     0.124414     0.517611     0.558504  -5.8447e-12 -1.01278e-11
       0.597     0.123885     0.518143     0.556945 -5.91005e-12 -9.95242e-12
       0.598     0.123356     0.518677     0.555388 -5.87019e-12 -1.01615e-11
       0.599     0.122829      0.51921     0.553831 -5.89094e-12 -1.02084e-11
         0.6     0.122303     0.519744     0.552277 -5.85885e-12 -1.02795e-11
       0.601     0.121779     0.520278     0.550724 -5.89515e-12  -1.0067e-11
       0.602     0.121255     0.520813     0.549172 -5.88321e-12 -1.01922e-11
       0.603     0.120733     0.521348     0.547622  -5.8764e-12 -1.01371e-11
       0.604     0.120212     0.521884     0.546073 -5.88059e-12 -1.02287e-11
       0.605     0.119693      0.52242     0.544526 -5.86574e-12 -1.00826e-11
       0.606     0.119175     0.522956      0.54298  -5.9093e-12 -1.01268e-11
       0.607     0.118658     0.523493     0.541436 -5.88914e-12 -1.02478e-11
       0.608     0.118142     0.524031     0.539893  -5.8796e-12 -9.86874e-12
       0.609     0.117628     0.524568     0.538352  -5.8778e-12 -1.03906e-11
        0.61     0.117115     0.525106     0.536812 -5.88763e-12 -1.00133e-11
       0.611     0.116603     0.525645     0.535274 -5.88813e-12 -1.03971e-11
       0.612     0.116092     0.526184     0.533737 -5.88287e-12  -9.9111e-12
       0.613     0.115583     0.526724     0.532201 -5.89078e-12 -1.02948e-11
       0.614     0.115075     0.527264     0.530667 -5.87946e-12 -1.00528e-11
       0.615     0.114568     0.527804     0.529135 -5.88499e-12  -1.0205e-11
       0.616     0.114062     0.528345     0.527603 -5.88344e-12 -1.01155e-11
       0.617     0.113558     0.528886     0.526074 -5.90857e-12 -1.04387e-11
       0.618     0.113055     0.529428     0.524546  -5.9081e-12 -1.00945e-11
       0.619     0.112553      0.52997     0.523019 -5.86233e-12 -1.02449e-11
        0.62     0.112052     0.530513     0.521494 -5.90533e-12  -1.0142e-11
       0.621     0.111553     0.531056      0.51997 -5.88257e-12 -1.00845e-11
       0.622     0.111055       0.5316     0.518447 -5.91007e-12 -1.01744e-11
       0.623     0.110558     0.532144     0.516926 -5.89373e-12 -1.02067e-11
       0.624     0.110062     0.532689     0.515407 -5.91521e-12 -1.02993e-11
       0.625     0.109568     0.533234     0.513888 -5.90951e-12 -1.02351e-11
       0.626     0.109074      0.53378     0.512372 -5.87512e-12 -1.00301e-11
       0.627     0.108582     0.534326     0.510856 -5.91365e-12  -1.0362e-11
       0.628     0.108092     0.534872     0.509342 -5.88325e-12 -1.00584e-11
       0.629     0.107602      0.53542      0.50783 -5.89464e-12 -1.02415e-11
        0.63     0.107114     0.535967     0.506319  -5.9212e-12 -1.02515e-11
       0.631     0.106627     0.536516     0.504809 -5.88606e-12  -1.0163e-11
       0.632     0.106141     0.537064     0.503301 -5.89366e-12 -1.01441e-11
       0.633     0.105656     0.537613     0.501794 -5.90756e-12 -1.01275e-11
       0.634     0.105173     0.538163     0.500288 -5.91342e-12 -1.02444e-11
       0.635      0.10469     0.538714     0.498784 -5.90181e-12 -1.02244e-11
       0.636     0.104209     0.539264     0.497282 -5.90627e-12  -1.0375e-11
       0.637      0.10373     0.539816      0.49578 -5.92183e-12 -1.00928e-11
       0.638     0.103251     0.540368      0.49428 -5.90055e-12 -1.03829e-11
       0.639     0.102774      0.54092     0.492782 -5.89233e-12 -1.02412e-11
        0.64     0.102297     0.541473     0.491285 -5.91122e-12 -1.01513e-11
       0.641     0.101822     0.542027     0.489789 -5.92708e-12 -1.02713e-11
       0.642     0.101349     0.542581     0.488294 -5.91456e-12  -1.0049e-11
       0.643     0.100876     0.543136     0.486801 -5.90138e-12 -1.02831e-11
       0.644     0.100405     0.543691      0.48531  -5.8828e-12 -1.02181e-11
       0.645    0.0999343     0.544247     0.483819 -5.92085e-12 -1.03948e-11
       0.646    0.0994653     0.544803      0.48233 -5.89488e-12 -1.01692e-11
       0.647    0.0989975      0.54536     0.480843 -5.95042e-12 -1.01656e-11
       0.648    0.0985308     0.545918     0.479357 -5.87717e-12 -1.03473e-11
       0.649    0.0980653     0.546476     0.477872 -5.96198e-12  -1.0325e-11
        0.65     0.097601     0.547035     0.476388   -5.875e-12 -1.01741e-11
       0.651    0.0971379     0.547594     0.474906 -5.96863e-12 -1.02973e-11
       0.652     0.096676     0.548154     0.473425 -5.89789e-12 -1.01545e-11
       0.653    0.0962153     0.548715     0.471946 -5.91546e-12 -1.03789e-11
       0.654    0.0957557     0.549276     0.470468 -5.92352e-12 -1.01847e-11
       0.655    0.0952973     0.549838     0.468991 -5.91808e-12 -1.01874e-11
       0.656    0.0948401       0.5504     0.467515 -5.92805e-12 -1.03348e-11
       0.657     0.094384     0.550963     0.466041 -5.90336e-12 -1.02899e-11
       0.658    0.0939291     0.551527     0.464568 -5.94089e-12 -1.03625e-11
       0.659    0.0934754     0.552091     0.463097 -5.88755e-12 -1.01507e-11
        0.66    0.0930229     0.552656     0.461627 -5.94837e-12 -1.02979e-11
       0.661    0.0925715     0.553222     0.460158 -5.93579e-12 -1.02582e-11
       0.662    0.0921212     0.553788      0.45869 -5.92469e-12 -1.03626e-11
       0.663    0.0916722     0.554355     0.457224  -5.9169e-12 -1.00902e-11
       0.664    0.0912243     0.554923     0.455759 -5.93088e-12 -1.04021e-11
       0.665    0.0907775     0.555491     0.454296 -5.92314e-12 -1.03095e-11
       0.666    0.0903319      0.55606     0.452833 -5.92193e-12 -1.03189e-11
       0.667    0.0898875      0.55663     0.451372 -5.94245e-12 -1.01923e-11
       0.668    0.0894442       0.5572     0.449913 -5.93976e-12 -1.05014e-11
       0.669     0.089002     0.557771     0.448454 -5.92757e-12 -1.00994e-11
        0.67    0.0885611     0.558342     0.446997  -5.9185e-12  -1.0448e-11
       0.671    0.0881212     0.558915     0.445542 -5.92876e-12  -1.0262e-11
       0.672    0.0876825     0.559488     0.444087 -5.96234e-12 -1.03376e-11
       0.673    0.0872449     0.560062     0.442634 -5.94055e-12 -1.02624e-11
       0.674    0.0868085     0.560636     0.441182 -5.91426e-12  -1.0249e-11
       0.675    0.0863733     0.561211     0.439732  -5.9525e-12 -1.02927e-11
       0.676    0.0859391     0.561787     0.438282 -5.94684e-12 -1.02144e-11
       0.677    0.0855061     0.562364     0.436834 -5.93423e-12 -1.04513e-11
       0.678    0.0850743     0.562941     0.435387 -5.93966e-12 -1.02241e-11
       0.679    0.0846435     0.563519     0.433942 -5.93588e-12 -1.05364e-11
        0.68    0.0842139     0.564098     0.432498 -5.94913e-12 -1.02725e-11
       0.681    0.0837855     0.564677     0.431055 -5.93669e-12 -1.02186e-11
       0.682    0.0833581     0.565258     0.429613 -5.94285e-12 -1.05234e-11
       0.683    0.0829319     0.565839     0.428173 -5.94634e-12 -1.02015e-11
       0.684    0.0825068     0.566421     0.426733 -5.93858e-12 -1.04552e-11
       0.685    0.0820829     0.567003     0.425295 -5.97678e-12 -1.01891e-11
       0.686      0.08166     0.567587     0.423859 -5.94549e-12  -1.0496e-11
       0.687    0.0812383     0.568171     0.422423 -5.95062e-12 -1.02598e-11
       0.688    0.0808177     0.568756     0.420989 -5.92564e-12 -1.04462e-11
       0.689    0.0803982     0.569342     0.419556 -5.97631e-12 -1.04297e-11
        0.69    0.0799799     0.569928     0.418125 -5.92199e-12 -1.02875e-11
       0.691    0.0795626     0.570515     0.416694  -5.9605e-12 -1.03831e-11
       0.692    0.0791465     0.571104     0.415265 -5.94394e-12 -1.01763e-11
       0.693    0.0787314     0.571692     0.413837 -5.96303e-12  -1.0597e-11
       0.694    0.0783175     0.572282      0.41241 -5.95462e-12 -1.02994e-11
       0.695    0.0779047     0.572873     0.410985 -5.97314e-12 -1.04109e-11
       0.696     0.077493     0.573464      0.40956 -5.96863e-12 -1.02301e-11
       0.697    0.0770824     0.574057     0.408137 -5.96911e-12 -1.04553e-11
       0.698    0.0766729      0.57465     0.406716 -5.96571e-12 -1.05092e-11
       0.699    0.0762646     0.575244     0.405295 -5.93367e-12  -1.0421e-11
         0.7    0.0758573     0.575838     0.403876 -5.96869e-12 -1.02855e-11
       0.701    0.0754511     0.576434     0.402457 -5.97283e-12 -1.03495e-11
       0.702     0.075046     0.577031      0.40104 -5.96637e-12 -1.04457e-11
       0.703     0.074642     0.577628     0.399625 -5.98771e-12 -1.04522e-11
       0.704    0.0742391     0.578226      0.39821 -5.92617e-12 -1.05011e-11
       0.705    0.0738373     0.578826     0.396797 -5.98752e-12 -1.02252e-11
       0.706    0.0734366     0.579426     0.395385 -5.96887e-12 -1.03632e-11
       0.707     0.073037     0.580027     0.393974  -5.9501e-12 -1.04981e-11
       0.708    0.0726385     0.580629     0.392564 -5.99109e-12 -1.05253e-11
       0.709    0.0722411     0.581232     0.391155 -5.98495e-12 -1.02635e-11
        0.71    0.0718447     0.581835     0.389748 -5.94557e-12 -1.05333e-11
       0.711    0.0714494      0.58244     0.388342 -6.00333e-12 -1.02941e-11
       0.712    0.0710553     0.583046     0.386937 -5.96029e-12 -1.04876e-11
       0.713    0.0706622     0.583652     0.385533 -5.99154e-12 -1.04322e-11
       0.714    0.0702702      0.58426      0.38413 -5.95318e-12 -1.04408e-11
       0.715    0.0698792     0.584868     0.382729 -5.98787e-12  -1.0495e-11
       0.716    0.0694894     0.585478     0.381329 -5.96975e-12 -1.04862e-11
       0.717    0.0691006     0.586088     0.379929 -6.00898e-12 -1.03465e-11
       0.718    0.0687129     0.586699     0.378532   -5.971e-12 -1.05671e-11
       0.719    0.0683263     0.587312     0.377135 -5.97807e-12 -1.05412e-11
        0.72    0.0679407     0.587925     0.375739 -6.00236e-12 -1.04837e-11
       0.721    0.0675562     0.588539     0.374345 -5.93938e-12 -1.04297e-11
       0.722    0.0671728     0.589155     0.372951 -6.02647e-12 -1.02604e-11
       0.723    0.0667905     0.589771     0.371559 -5.94141e-12 -1.05137e-11
       0.724    0.0664092     0.590389     0.370168 -6.01555e-12  -1.0567e-11
       0.725     0.066029     0.591007     0.368778 -5.99958e-12 -1.03987e-11
       0.726    0.0656499     0.591626      0.36739 -5.99396e-12 -1.05507e-11
       0.727    0.0652718     0.592247     0.366002  -6.0031e-12 -1.04634e-11
       0.728    0.0648948     0.592869     0.364616 -5.95417e-12 -1.05936e-11
       0.729    0.0645189     0.593491      0.36323 -6.01483e-12 -1.03957e-11
        0.73     0.064144     0.594115     0.361846 -6.02057e-12  -1.0421e-11
       0.731    0.0637701      0.59474     0.360463  -5.9699e-12 -1.05488e-11
       0.732    0.0633974     0.595366     0.359081  -5.9984e-12 -1.05648e-11
       0.733    0.0630257     0.595993       0.3577 -6.01724e-12 -1.03758e-11
       0.734     0.062655     0.596621     0.356321 -5.99892e-12 -1.06729e-11
       0.735    0.0622854      0.59725     0.354942 -5.99033e-12 -1.05365e-11
       0.736    0.0619169      0.59788     0.353565 -6.02179e-12 -1.06764e-11
       0.737    0.0615494     0.598512     0.352189 -6.01613e-12  -1.0338e-11
       0.738    0.0611829     0.599144     0.350813 -5.98832e-12 -1.05457e-11
       0.739    0.0608175     0.599778     0.349439 -5.99916e-12 -1.05694e-11
        0.74    0.0604532     0.600413     0.348066 -6.01929e-12 -1.04903e-11
       0.741    0.0600899     0.601049     0.346695 -6.00735e-12 -1.06069e-11
       0.742    0.0597277     0.601686     0.345324 -6.02279e-12 -1.04061e-11
       0.743    0.0593665     0.602324     0.343954 -6.00473e-12 -1.06069e-11
       0.744    0.0590063     0.602964     0.342586 -6.02368e-12 -1.06218e-11
       0.745    0.0586472     0.603605     0.341218 -6.00184e-12 -1.06608e-11
       0.746    0.0582891     0.604247     0.339852  -6.0081e-12 -1.04109e-11
       0.747    0.0579321      0.60489     0.338486 -6.03889e-12 -1.05771e-11
       0.748    0.0575761     0.605534     0.337122 -6.02021e-12 -1.06712e-11
       0.749    0.0572211      0.60618     0.335759 -6.00891e-12 -1.05056e-11
        0.75    0.0568672     0.606827     0.334397 -6.03071e-12 -1.06732e-11
       0.751    0.0565143     0.607475     0.333036 -6.03289e-12 -1.05899e-11
       0.752    0.0561625     0.608125     0.331676 -6.01498e-12  -1.0433e-11
       0.753    0.0558117     0.608775     0.330317 -6.01972e-12 -1.06999e-11
       0.754    0.0554619     0.609427      0.32896 -6.03241e-12 -1.05459e-11
       0.755    0.0551131     0.610081     0.327603  -6.0492e-12   -1.064e-11
       0.756    0.0547654     0.610735     0.326247 -6.00681e-12 -1.06768e-11
       0.757    0.0544187     0.611391     0.324893 -6.05559e-12 -1.07235e-11
       0.758    0.0540731     0.612049     0.323539 -6.02268e-12 -1.06321e-11
       0.759    0.0537284     0.612707     0.322187 -6.05125e-12 -1.05338e-11
        0.76    0.0533848     0.613367     0.320835 -6.03044e-12 -1.06907e-11
       0.761    0.0530423     0.614029     0.319485 -6.03377e-12 -1.05466e-11
       0.762    0.0527007     0.614691     0.318135  -6.0387e-12 -1.06867e-11
       0.763    0.0523602     0.615355     0.316787 -6.02176e-12 -1.07123e-11
       0.764    0.0520207     0.616021      0.31544  -6.0606e-12 -1.05514e-11
       0.765    0.0516822     0.616688     0.314094 -6.04696e-12 -1.08831e-11
       0.766    0.0513447     0.617356     0.312748 -6.06287e-12 -1.04911e-11
       0.767    0.0510083     0.618026     0.311404 -6.01502e-12 -1.08591e-11
       0.768    0.0506729     0.618697     0.310061   -6.063e-12 -1.06503e-11
       0.769    0.0503385      0.61937     0.308719 -6.05352e-12 -1.04905e-11
        0.77    0.0500051     0.620044     0.307378 -6.05783e-12 -1.08629e-11
       0.771    0.0496727      0.62072     0.306038 -6.06248e-12  -1.0641e-11
       0.772    0.0493413     0.621397     0.304699 -6.02956e-12 -1.08024e-11
       0.773     0.049011     0.622075      0.30336 -6.06951e-12 -1.06042e-11
       0.774    0.0486817     0.622755     0.302023 -6.08079e-12 -1.05997e-11
       0.775    0.0483533     0.623437     0.300687 -6.05536e-12 -1.08589e-11
       0.776     0.048026      0.62412     0.299352 -6.04337e-12 -1.07033e-11
       0.777    0.0476997     0.624805     0.298018 -6.06229e-12 -1.06508e-11
       0.778    0.0473744     0.625491     0.296685 -6.07864e-12 -1.08514e-11
       0.779    0.0470501     0.626179     0.295353 -6.06589e-12 -1.07155e-11
        0.78    0.0467269     0.626869     0.294022 -6.06886e-12 -1.06677e-11
       0.781    0.0464046      0.62756     0.292692  -6.0801e-12 -1.08568e-11
       0.782    0.0460833     0.628253     0.291362 -6.05517e-12 -1.08336e-11
       0.783    0.0457631     0.628947     0.290034 -6.09731e-12 -1.06467e-11
       0.784    0.0454438     0.629643     0.288707 -6.04516e-12  -1.0727e-11
       0.785    0.0451256     0.630341     0.287381 -6.08118e-12 -1.08855e-11
       0.786    0.0448083      0.63104     0.286055  -6.0917e-12  -1.0784e-11
       0.787    0.0444921     0.631741     0.284731 -6.07682e-12 -1.07091e-11
       0.788    0.0441769     0.632444     0.283408 -6.08357e-12 -1.08756e-11
       0.789    0.0438626     0.633148     0.282085 -6.09259e-12 -1.08205e-11
        0.79    0.0435494     0.633855     0.280764 -6.08951e-12 -1.08479e-11
       0.791    0.0432371     0.634563     0.279443 -6.07785e-12 -1.06925e-11
       0.792    0.0429259     0.635272     0.278124 -6.10367e-12 -1.08816e-11
       0.793    0.0426156     0.635984     0.276805 -6.10019e-12 -1.07417e-11
       0.794    0.0423064     0.636697     0.275487 -6.10019e-12 -1.08832e-11
       0.795    0.0419981     0.637412      0.27417 -6.08677e-12 -1.08671e-11
       0.796    0.0416909      0.63813     0.272855 -6.09343e-12 -1.09609e-11
       0.797    0.0413846     0.638848      0.27154 -6.09301e-12 -1.06932e-11
       0.798    0.0410793     0.639569     0.270226 -6.11591e-12 -1.10399e-11
       0.799     0.040775     0.640292     0.268913 -6.09802e-12 -1.08128e-11
         0.8    0.0404717     0.641016       0.2676  -6.1189e-12 -1.08952e-11
       0.801    0.0401694     0.641743     0.266289 -6.09098e-12 -1.07925e-11
       0.802    0.0398681     0.642471     0.264979 -6.12657e-12 -1.10402e-11
       0.803    0.0395678     0.643201     0.263669 -6.09828e-12  -1.0827e-11
       0.804    0.0392685     0.643934     0.262361 -6.13265e-12 -1.09309e-11
       0.805    0.0389701     0.644668     0.261053 -6.09596e-12 -1.09859e-11
       0.806    0.0386728     0.645404     0.259746 -6.12705e-12  -1.0769e-11
       0.807    0.0383764     0.646143      0.25844 -6.11668e-12  -1.1004e-11
       0.808     0.038081     0.646883     0.257135 -6.12095e-12 -1.09295e-11
       0.809    0.0377866     0.647626     0.255831 -6.14224e-12 -1.09347e-11
        0.81    0.0374932      0.64837     0.254528 -6.11472e-12 -1.09213e-11
       0.811    0.0372008     0.649117     0.253226 -6.13536e-12 -1.09657e-11
       0.812    0.0369093     0.649866     0.251924 -6.11769e-12 -1.10741e-11
       0.813    0.0366189     0.650617     0.250623  -6.1304e-12 -1.10292e-11
       0.814    0.0363294      0.65137     0.249324 -6.13041e-12  -1.0971e-11
       0.815    0.0360409     0.652125     0.248025 -6.15756e-12 -1.10177e-11
       0.816    0.0357534     0.652883     0.246726 -6.14591e-12 -1.08619e-11
       0.817    0.0354668     0.653643     0.245429 -6.12923e-12 -1.10406e-11
       0.818    0.0351813     0.654405     0.244133  -6.1612e-12 -1.10591e-11
       0.819    0.0348967     0.655169     0.242837 -6.14004e-12 -1.10026e-11
        0.82    0.0346131     0.655936     0.241542 -6.14807e-12 -1.10554e-11
       0.821    0.0343305     0.656704     0.240248 -6.15576e-12  -1.0958e-11
       0.822    0.0340489     0.657476     0.238955 -6.14765e-12 -1.11141e-11
       0.823    0.0337682     0.658249     0.237663 -6.15382e-12 -1.11837e-11
       0.824    0.0334885     0.659026     0.236371 -6.17889e-12 -1.10087e-11
       0.825    0.0332098     0.659804     0.235081 -6.15475e-12 -1.10887e-11
       0.826    0.0329321     0.660585     0.233791 -6.15882e-12 -1.12287e-11
       0.827    0.0326553     0.661368     0.232502 -6.17707e-12 -1.09732e-11
       0.828    0.0323795     0.662154     0.231213 -6.17827e-12  -1.1136e-11
       0.829    0.0321047     0.662943     0.229926 -6.17651e-12 -1.12261e-11
        0.83    0.0318309     0.663734     0.228639 -6.14313e-12 -1.11416e-11
       0.831    0.0315581     0.664527     0.227353 -6.17869e-12 -1.11905e-11
       0.832    0.0312862     0.665323     0.226068 -6.19829e-12 -1.09541e-11
       0.833    0.0310153     0.666122     0.224784 -6.18067e-12 -1.12792e-11
       0.834    0.0307453     0.666924       0.2235  -6.1865e-12 -1.11517e-11
       0.835    0.0304764     0.667728     0.222217 -6.19054e-12 -1.12027e-11
       0.836    0.0302084     0.668535     0.220935 -6.17653e-12 -1.11176e-11
       0.837    0.0299414     0.669344     0.219653 -6.20072e-12 -1.12119e-11
       0.838    0.0296753     0.670157     0.218373 -6.19092e-12 -1.11743e-11
       0.839    0.0294103     0.670972     0.217093 -6.20589e-12  -1.1377e-11
        0.84    0.0291462      0.67179     0.215813 -6.19994e-12 -1.12045e-11
       0.841     0.028883     0.672611     0.214535 -6.21049e-12 -1.12679e-11
       0.842    0.0286209     0.673435     0.213257 -6.21488e-12  -1.1329e-11
       0.843    0.0283597     0.674261      0.21198 -6.19304e-12 -1.13172e-11
       0.844    0.0280994     0.675091     0.210704 -6.22478e-12 -1.11786e-11
       0.845    0.0278402     0.675924     0.209428 -6.21562e-12 -1.12382e-11
       0.846    0.0275819      0.67676     0.208153 -6.21944e-12 -1.14133e-11
       0.847    0.0273246     0.677598     0.206879 -6.22392e-12 -1.12636e-11
       0.848    0.0270683      0.67844     0.205605 -6.23225e-12 -1.14054e-11
       0.849    0.0268129     0.679285     0.204332 -6.22402e-12 -1.14016e-11
        0.85    0.0265585     0.680134      0.20306 -6.23155e-12 -1.12571e-11
       0.851     0.026305     0.680985     0.201788 -6.24042e-12 -1.13268e-11
       0.852    0.0260526      0.68184     0.200517 -6.24548e-12 -1.14235e-11
       0.853    0.0258011     0.682698     0.199247 -6.22699e-12 -1.14871e-11
       0.854    0.0255505     0.683559     0.197977 -6.25767e-12 -1.13213e-11
       0.855     0.025301     0.684424     0.196708  -6.2478e-12 -1.15212e-11
       0.856    0.0250524     0.685292      0.19544 -6.24529e-12 -1.14309e-11
       0.857    0.0248048     0.686164     0.194172 -6.26101e-12 -1.14022e-11
       0.858    0.0245581     0.687039     0.192905 -6.24993e-12 -1.14363e-11
       0.859    0.0243124     0.687917     0.191638 -6.25826e-12 -1.15497e-11
        0.86    0.0240677     0.688799     0.190372 -6.27099e-12 -1.14568e-11
       0.861    0.0238239     0.689685     0.189107 -6.27578e-12 -1.16318e-11
       0.862    0.0235811     0.690575     0.187842 -6.27422e-12 -1.14328e-11
       0.863    0.0233393     0.691468     0.186577 -6.28132e-12 -1.17099e-11
       0.864    0.0230985     0.692365     0.185314 -6.27401e-12 -1.14195e-11
       0.865    0.0228586     0.693266      0.18405 -6.28696e-12 -1.16473e-11
       0.866    0.0226197      0.69417     0.182788 -6.28657e-12 -1.16716e-11
       0.867    0.0223817     0.695079     0.181526  -6.2975e-12 -1.14314e-11
       0.868    0.0221447     0.695991     0.180264  -6.2975e-12 -1.16942e-11
       0.869    0.0219087     0.696908     0.179003 -6.28886e-12 -1.17506e-11
        0.87    0.0216737     0.697828     0.177743 -6.30863e-12   -1.158e-11
       0.871    0.0214396     0.698753     0.176483 -6.31358e-12 -1.17092e-11
       0.872    0.0212065     0.699682     0.175223 -6.30129e-12 -1.16153e-11
       0.873    0.0209744     0.700615     0.173964 -6.32971e-12 -1.18298e-11
       0.874    0.0207432     0.701553     0.172705 -6.31728e-12 -1.17948e-11
       0.875     0.020513     0.702494     0.171447 -6.32711e-12 -1.17107e-11
       0.876    0.0202838     0.703441      0.17019 -6.32847e-12 -1.17194e-11
       0.877    0.0200555     0.704391     0.168933 -6.33117e-12 -1.17401e-11
       0.878    0.0198282     0.705347     0.167676 -6.34372e-12 -1.17938e-11
       0.879    0.0196019     0.706306     0.166419 -6.34183e-12 -1.19406e-11
        0.88    0.0193766     0.707271     0.165163 -6.35263e-12 -1.17296e-11
       0.881    0.0191522      0.70824     0.163908 -6.35564e-12 -1.20093e-11
       0.882    0.0189288     0.709214     0.162653 -6.33651e-12 -1.19096e-11
       0.883    0.0187064     0.710193     0.161398 -6.38529e-12 -1.17659e-11
       0.884    0.0184849     0.711177     0.160144 -6.36049e-12  -1.1889e-11
       0.885    0.0182645     0.712166      0.15889 -6.37229e-12 -1.20662e-11
       0.886     0.018045      0.71316     0.157636  -6.3728e-12 -1.19564e-11
       0.887    0.0178264     0.714159     0.156382  -6.3833e-12 -1.19692e-11
       0.888    0.0176089     0.715163     0.155129 -6.38277e-12 -1.20656e-11
       0.889    0.0173923     0.716173     0.153877 -6.38163e-12 -1.19599e-11
        0.89    0.0171767     0.717188     0.152624 -6.41333e-12 -1.22161e-11
       0.891    0.0169621     0.718209     0.151372 -6.40728e-12 -1.20153e-11
       0.892    0.0167484     0.719235      0.15012 -6.39507e-12 -1.21318e-11
       0.893    0.0165357     0.720267     0.148868 -6.42247e-12 -1.21698e-11
       0.894     0.016324     0.721304     0.147617 -6.41966e-12 -1.21214e-11
       0.895    0.0161133     0.722348     0.146366 -6.40638e-12 -1.23004e-11
       0.896    0.0159036     0.723397     0.145115 -6.43845e-12 -1.21317e-11
       0.897    0.0156948     0.724453     0.143864 -6.43353e-12 -1.22387e-11
       0.898    0.0154871     0.725514     0.142613 -6.45259e-12 -1.22761e-11
       0.899    0.0152803     0.726582     0.141363 -6.43919e-12 -1.22431e-11
         0.9    0.0150745     0.727656     0.140113 -6.45428e-12 -1.24553e-11
       0.901    0.0148697     0.728737     0.138862 -6.46582e-12 -1.24379e-11
       0.902    0.0146658     0.729824     0.137612 -6.46575e-12 -1.23133e-11
       0.903     0.014463     0.730918     0.136362  -6.4786e-12 -1.23916e-11
       0.904    0.0142611     0.732019     0.135112 -6.47623e-12 -1.25274e-11
       0.905    0.0140603     0.733127     0.133863 -6.49367e-12 -1.25044e-11
       0.906    0.0138604     0.734242     0.132613 -6.48966e-12 -1.24775e-11
       0.907    0.0136615     0.735364     0.131363  -6.5025e-12 -1.25241e-11
       0.908    0.0134636     0.736493     0.130113  -6.5027e-12   -1.264e-11
       0.909    0.0132667      0.73763     0.128863 -6.52356e-12 -1.26006e-11
        0.91    0.0130708     0.738774     0.127613 -6.52021e-12 -1.26161e-11
       0.911    0.0128759     0.739926     0.126363 -6.53029e-12 -1.27279e-11
       0.912     0.012682     0.741086     0.125113 -6.53954e-12 -1.27202e-11
       0.913    0.0124891     0.742254     0.123863 -6.54272e-12 -1.27975e-11
       0.914    0.0122972      0.74343     0.122613 -6.54855e-12 -1.28948e-11
       0.915    0.0121063     0.744615     0.121363 -6.56349e-12 -1.28272e-11
       0.916    0.0119164     0.745808     0.120112 -6.57232e-12 -1.29294e-11
       0.917    0.0117275     0.747009     0.118861  -6.5816e-12 -1.29113e-11
       0.918    0.0115396      0.74822      0.11761 -6.58031e-12 -1.29968e-11
       0.919    0.0113527     0.749439     0.116359 -6.59205e-12  -1.3035e-11
        0.92    0.0111669     0.750668     0.115107 -6.60766e-12 -1.30564e-11
       0.921     0.010982     0.751907     0.113855 -6.61141e-12 -1.30832e-11
       0.922    0.0107982     0.753155     0.112603 -6.62684e-12 -1.32455e-11
       0.923    0.0106154     0.754412      0.11135  -6.6306e-12 -1.31608e-11
       0.924    0.0104336      0.75568     0.110097 -6.63897e-12 -1.33349e-11
       0.925    0.0102528     0.756958     0.108843 -6.65446e-12 -1.32606e-11
       0.926     0.010073     0.758247     0.107589 -6.66247e-12 -1.34643e-11
       0.927   0.00989431     0.759546     0.106335 -6.67311e-12 -1.33426e-11
       0.928   0.00971661     0.760857     0.105079 -6.68627e-12 -1.34889e-11
       0.929   0.00953994     0.762179     0.103824 -6.69319e-12  -1.3639e-11
        0.93   0.00936431     0.763512     0.102567 -6.70372e-12 -1.35787e-11
       0.931   0.00918971     0.764857      0.10131 -6.71041e-12 -1.36081e-11
       0.932   0.00901614     0.766214     0.100053 -6.73284e-12 -1.37961e-11
       0.933   0.00884362     0.767584    0.0987942 -6.73828e-12 -1.38089e-11
       0.934   0.00867214     0.768966    0.0975349 -6.74899e-12 -1.38758e-11
       0.935   0.00850171     0.770361    0.0962747 -6.76811e-12  -1.3898e-11
       0.936   0.00833233      0.77177    0.0950137 -6.77875e-12 -1.41195e-11
       0.937   0.00816401     0.773192    0.0937517 -6.78852e-12 -1.40508e-11
       0.938   0.00799674     0.774629    0.0924887 -6.81257e-12  -1.4181e-11
       0.939   0.00783053      0.77608    0.0912247 -6.81919e-12 -1.42037e-11
        0.94   0.00766538     0.777546    0.0899596 -6.83332e-12 -1.43839e-11
       0.941    0.0075013     0.779027    0.0886933 -6.84613e-12  -1.4394e-11
       0.942    0.0073383     0.780524    0.0874258 -6.86296e-12 -1.45316e-11
       0.943   0.00717637     0.782037     0.086157 -6.88069e-12 -1.46037e-11
       0.944   0.00701551     0.783567    0.0848868 -6.89867e-12 -1.46868e-11
       0.945   0.00685574     0.785114    0.0836152 -6.91248e-12 -1.48815e-11
       0.946   0.00669706     0.786679    0.0823421 -6.92719e-12 -1.48625e-11
       0.947   0.00653947     0.788262    0.0810674 -6.94352e-12 -1.50476e-11
       0.948   0.00638298     0.789864    0.0797911 -6.96711e-12 -1.51438e-11
       0.949   0.00622758     0.791485     0.078513 -6.98388e-12 -1.51903e-11
        0.95    0.0060733     0.793126    0.0772331 -7.00609e-12 -1.53836e-11
       0.951   0.00592013     0.794788    0.0759513 -7.02175e-12  -1.5528e-11
       0.952   0.00576807     0.796472    0.0746675  -7.0431e-12 -1.55721e-11
       0.953   0.00561714     0.798178    0.0733816 -7.06814e-12 -1.57916e-11
       0.954   0.00546734     0.799907    0.0720934 -7.09001e-12 -1.59799e-11
       0.955   0.00531867     0.801659    0.0708029 -7.10812e-12 -1.60729e-11
       0.956   0.00517114     0.803437      0.06951 -7.13647e-12 -1.62421e-11
       0.957   0.00502476      0.80524    0.0682145 -7.16019e-12 -1.64369e-11
       0.958   0.00487954      0.80707    0.0669163 -7.19105e-12 -1.65667e-11
       0.959   0.00473548     0.808927    0.0656153 -7.21482e-12 -1.68121e-11
        0.96   0.00459258     0.810814    0.0643112 -7.23997e-12 -1.69706e-11
       0.961   0.00445087     0.812731     0.063004 -7.27445e-12 -1.71606e-11
       0.962   0.00431034     0.814679    0.0616936 -7.30394e-12 -1.74711e-11
       0.963   0.00417101      0.81666    0.0603796 -7.33559e-12 -1.76181e-11
       0.964   0.00403288     0.818675    0.0590619 -7.36772e-12 -1.78995e-11
       0.965   0.00389596     0.820726    0.0577404 -7.40616e-12 -1.81938e-11
       0.966   0.00376026     0.822815    0.0564147 -7.44044e-12 -1.84158e-11
       0.967    0.0036258     0.824943    0.0550848 -7.48451e-12  -1.8797e-11
       0.968   0.00349259     0.827113    0.0537502 -7.52494e-12 -1.90632e-11
       0.969   0.00336063     0.829326    0.0524109 -7.56582e-12 -1.94768e-11
        0.97   0.00322993     0.831586    0.0510664 -7.60973e-12 -1.97817e-11
       0.971   0.00310052     0.833894    0.0497164 -7.66337e-12 -2.02255e-11
       0.972   0.00297241     0.836254    0.0483607 -7.71472e-12 -2.06458e-11
       0.973    0.0028456     0.838668    0.0469989 -7.76571e-12 -2.11234e-11
       0.974   0.00272012      0.84114    0.0456305 -7.83018e-12 -2.16278e-11
       0.975   0.00259598     0.843674    0.0442552 -7.88659e-12 -2.21792e-11
       0.976    0.0024732     0.846274    0.0428724 -7.95575e-12 -2.28632e-11
       0.977   0.00235179     0.848944    0.0414816 -8.03201e-12 -2.34836e-11
       0.978   0.00223179      0.85169    0.0400823 -8.10903e-12  -2.4254e-11
       0.979    0.0021132     0.854517    0.0386738 -8.18907e-12 -2.50621e-11
        0.98   0.00199605     0.857432    0.0372555 -8.28284e-12  -2.6003e-11
       0.981   0.00188037     0.860443    0.0358264  -8.3834e-12  -2.7044e-11
       0.982   0.00176619     0.863558    0.0343857   -8.491e-12 -2.82264e-11
       0.983   0.00165353     0.866786    0.0329323 -8.61272e-12 -2.95791e-11
       0.984   0.00154242     0.870139    0.0314653 -8.74951e-12 -3.11093e-11
       0.985   0.00143291      0.87363     0.029983 -8.89646e-12 -3.29056e-11
       0.986   0.00132503     0.877276    0.0284842 -9.06324e-12 -3.50346e-11
       0.987   0.00121882     0.881093    0.0269669  -9.2555e-12 -3.74695e-11
       0.988   0.00111433     0.885106    0.0254289 -9.47444e-12 -4.05439e-11
       0.989   0.00101163     0.889342    0.0238679 -9.73064e-12 -4.41541e-11
        0.99  0.000910758     0.893834    0.0222806 -1.00265e-11 -4.87305e-11
       0.991  0.000811804     0.898629    0.0206633 -1.03853e-11 -5.45649e-11
       0.992  0.000714847     0.903783    0.0190112 -1.08229e-11 -6.22476e-11
       0.993  0.000619987     0.909374    0.0173181 -1.13724e-11   -7.269e-11
       0.994  0.000527345      0.91551    0.0155758 -1.20848e-11 -8.75427e-11
       0.995  0.000437072     0.922353    0.0137729 -1.30578e-11 -1.10098e-10
       0.996  0.000349359     0.930152    0.0118929 -1.44705e-11 -1.47197e-10
       0.997  0.000264466     0.939342   0.00991009 -1.67434e-11 -2.16419e-10
       0.998  0.000182765     0.950795   0.00777925 -2.10898e-11 -3.74692e-10
       0.999  0.000104852     0.966808   0.00540546 -3.31123e-11 -9.14432e-10
           1  3.19005e-05            1   0.00247888 -8.54032e-09 -3.56197e-06