       0.001            1    0.0558768      1.36841  2.05523e-15  1.55366e-16
       0.002     0.983119    0.0705206      1.35451 -6.84383e-15  3.07574e-16
       0.003     0.974247    0.0808208      1.34716  5.84712e-15 -6.11811e-16
       0.004     0.966534    0.0890426      1.34075  6.21251e-16   1.2178e-15
       0.005     0.959553    0.0960029      1.33493  -8.9993e-15 -1.06095e-15
       0.006     0.953095     0.102101      1.32953   1.5036e-14 -1.20761e-15
       0.007     0.947038     0.107567      1.32446 -3.02425e-15  7.51877e-16
       0.008     0.941302     0.112545      1.31964 -1.93437e-14 -2.99656e-16
       0.009     0.935832     0.117133      1.31503  1.43866e-14   2.8368e-15
        0.01     0.930587     0.121401       1.3106 -1.71734e-16 -2.38084e-15
       0.011     0.925536     0.125401      1.30633  2.84379e-15  1.03822e-15
       0.012     0.920656     0.129172      1.30219 -1.39405e-14  7.39238e-16
       0.013     0.915928     0.132746      1.29818  2.62501e-14  4.71653e-15
       0.014     0.911335     0.136148      1.29427 -2.32842e-14  -6.4657e-15
       0.015     0.906865     0.139396      1.29045  5.77139e-15  7.32574e-16
       0.016     0.902506     0.142509      1.28673  2.03806e-16 -5.11322e-15
       0.017      0.89825       0.1455      1.28309 -2.10518e-14  5.39009e-15
       0.018     0.894089      0.14838      1.27952  1.53296e-14 -1.30746e-15
       0.019     0.890015      0.15116      1.27601  1.19489e-14  4.78089e-15
        0.02     0.886023     0.153849      1.27258   2.2147e-15 -8.81359e-15
       0.021     0.882106     0.156454       1.2692  5.30099e-15 -1.00871e-15
       0.022     0.878261     0.158981      1.26588 -2.76636e-14  2.58704e-15
       0.023     0.874483     0.161436      1.26261  -6.4206e-15  1.43353e-15
       0.024     0.870768     0.163825      1.25939  4.62715e-15 -2.14481e-15
       0.025     0.867113     0.166152      1.25621  1.10869e-14 -1.28364e-15
       0.026     0.863514     0.168422      1.25308 -2.69139e-15  4.12587e-15
       0.027     0.859969     0.170637      1.24999  2.50734e-14 -2.41265e-15
       0.028     0.856475     0.172801      1.24694 -1.30917e-14  4.24723e-15
       0.029      0.85303     0.174917      1.24393 -3.11357e-14 -3.53081e-15
        0.03     0.849632     0.176989      1.24095 -6.46496e-16  1.40895e-15
       0.031     0.846277     0.179017      1.23801  2.48833e-14  4.21682e-16
       0.032     0.842966     0.181005       1.2351 -6.63015e-15 -1.82299e-15
       0.033     0.839696     0.182956      1.23223  5.36865e-15  5.45624e-15
       0.034     0.836464     0.184869      1.22938  1.14076e-14   6.4207e-15
       0.035     0.833271     0.186748      1.22656  5.49486e-16 -6.12746e-15
       0.036     0.830114     0.188595      1.22377 -3.61181e-15 -5.69669e-15
       0.037     0.826992      0.19041      1.22101 -6.60066e-15  9.42683e-15
       0.038     0.823904     0.192194      1.21827  4.68414e-15 -1.41085e-14
       0.039     0.820849     0.193951      1.21556  1.43429e-14  6.34851e-15
        0.04     0.817825     0.195679      1.21287  8.25907e-15  2.06559e-15
       0.041     0.814832     0.197382       1.2102 -1.00979e-14 -6.45795e-15
       0.042     0.811869     0.199059      1.20756 -3.26593e-14 -4.93571e-15
       0.043     0.808934     0.200712      1.20494  2.71539e-14  1.62799e-14
       0.044     0.806027     0.202342      1.20234 -1.03914e-14 -5.46042e-16
       0.045     0.803147     0.203949      1.19976  1.83905e-14 -9.80766e-15
       0.046     0.800294     0.205534       1.1972  3.83405e-15  1.63112e-15
       0.047     0.797466     0.207099      1.19466  3.55862e-15  8.13832e-16
       0.048     0.794663     0.208644      1.19214 -2.38787e-14  4.06057e-16
       0.049     0.791885      0.21017      1.18964 -8.49989e-15 -3.78191e-15
        0.05     0.789129     0.211676      1.18715 -1.73014e-14 -6.87409e-15
       0.051     0.786397     0.213165      1.18468  3.42486e-14  1.43921e-14
       0.052     0.783687     0.214636      1.18223 -1.29073e-14  1.20805e-15
       0.053     0.780999      0.21609       1.1798  1.25225e-14  1.74136e-15
       0.054     0.778333     0.217528      1.17738  1.31128e-15 -7.48588e-15
       0.055     0.775687      0.21895      1.17498  4.12948e-15 -1.41408e-14
       0.056     0.773061     0.220357      1.17259 -2.13041e-14  2.35645e-14
       0.057     0.770456     0.221748      1.17021  2.95132e-14 -1.56779e-14
       0.058     0.767869     0.223126      1.16786 -1.01358e-14  1.03424e-14
       0.059     0.765302     0.224489      1.16551 -8.67826e-15 -1.45562e-15
        0.06     0.762754     0.225838      1.16318  -1.1997e-14  8.32007e-15
       0.061     0.760223     0.227174      1.16086  1.55341e-15  2.10883e-15
       0.062      0.75771     0.228497      1.15856  8.34279e-15 -8.02394e-15
       0.063     0.755215     0.229808      1.15627 -1.22505e-15 -4.20096e-15
       0.064     0.752737     0.231106      1.15399  7.22418e-15 -1.15299e-14
       0.065     0.750276     0.232393      1.15173 -2.48338e-15  -3.2691e-15
       0.066     0.747831     0.233668      1.14947 -1.17851e-14  1.81407e-14
       0.067     0.745402     0.234931      1.14723 -3.41491e-15 -5.86142e-15
       0.068     0.742989     0.236184        1.145   1.9175e-14  7.02004e-15
       0.069     0.740592     0.237426      1.14278  1.47463e-14  1.37534e-14
        0.07      0.73821     0.238657      1.14058 -2.36333e-14 -2.95256e-14
       0.071     0.735843     0.239878      1.13838  2.58088e-15   2.3911e-14
       0.072      0.73349     0.241089       1.1362 -9.64533e-15 -2.21881e-14
       0.073     0.731152      0.24229      1.13402 -8.95776e-15 -7.33898e-15
       0.074     0.728828     0.243482      1.13186 -5.82016e-15  9.25259e-15
       0.075     0.726518     0.244665       1.1297   6.4593e-14  5.25881e-15
       0.076     0.724222     0.245838      1.12756 -3.95168e-14  1.97151e-14
       0.077     0.721939     0.247002      1.12543  -2.1976e-14 -1.82723e-14
       0.078      0.71967     0.248158       1.1233 -4.80503e-15 -8.67251e-15
       0.079     0.717413     0.249305      1.12119  4.63924e-14  2.01129e-14
        0.08      0.71517     0.250444      1.11908 -2.52717e-14  1.63905e-14
       0.081     0.712939     0.251575      1.11699 -1.87669e-14 -5.08548e-14
       0.082     0.710721     0.252698       1.1149  -1.0615e-14 -1.26583e-16
       0.083     0.708514     0.253813      1.11282  3.59735e-14  2.84281e-14
       0.084      0.70632      0.25492      1.11075 -1.80848e-14 -1.90429e-14
       0.085     0.704138      0.25602      1.10869  1.25878e-14  -6.9233e-15
       0.086     0.701968     0.257112      1.10664 -1.28561e-14  2.26162e-14
       0.087     0.699809     0.258197       1.1046  3.00892e-14 -2.26998e-14
       0.088     0.697661     0.259275      1.10256 -7.10505e-15 -7.51093e-16
       0.089     0.695525     0.260347      1.10054 -3.02006e-14  1.32449e-14
        0.09     0.693399     0.261411      1.09852  6.97378e-15 -9.35421e-15
       0.091     0.691285     0.262469      1.09651 -1.99976e-14  3.85933e-14
       0.092     0.689181      0.26352       1.0945  7.29365e-14  3.47948e-15
       0.093     0.687088     0.264565      1.09251 -6.08084e-14  1.09156e-14
       0.094     0.685006     0.265603      1.09052  3.05558e-14 -6.17836e-14
       0.095     0.682934     0.266635      1.08854  2.06115e-14  3.67062e-14
       0.096     0.680872     0.267662      1.08657 -5.83336e-14 -5.77352e-14
       0.097      0.67882     0.268682       1.0846  3.22821e-14   -3.448e-15
       0.098     0.676778     0.269696      1.08264 -3.67061e-14  2.02819e-14
       0.099     0.674746     0.270705      1.08069  3.15212e-14 -7.73002e-15
         0.1     0.672723     0.271708      1.07875  2.84393e-14  4.04177e-14
       0.101      0.67071     0.272705      1.07681 -2.33782e-14    3.032e-14
       0.102     0.668707     0.273697      1.07488 -2.60974e-15 -4.64967e-14
       0.103     0.666713     0.274683      1.07295  8.08409e-15 -9.38015e-15
       0.104     0.664728     0.275665      1.07103 -4.23629e-14 -1.21602e-15
       0.105     0.662752     0.276641      1.06912  1.36711e-14  3.07105e-14
       0.106     0.660785     0.277612      1.06722  1.74988e-14 -1.95082e-14
       0.107     0.658827     0.278578      1.06532  4.83945e-14 -2.68517e-14
       0.108     0.656878     0.279538      1.06343 -1.73213e-14  6.88211e-14
       0.109     0.654938     0.280494      1.06154 -3.88377e-14  -5.8816e-14
        0.11     0.653006     0.281446      1.05966  4.23917e-14  7.62773e-14
       0.111     0.651083     0.282392      1.05779  -1.5627e-14 -3.60296e-15
       0.112     0.649168     0.283334      1.05592  -3.4461e-14 -2.25387e-14
       0.113     0.647261     0.284272      1.05406   1.1651e-14 -1.93874e-14
       0.114     0.645363     0.285204       1.0522   2.7532e-15  2.28177e-14
       0.115     0.643473     0.286133      1.05035  3.09907e-14 -2.14658e-14
       0.116      0.64159     0.287057      1.04851 -3.07753e-14  2.01186e-14
       0.117     0.639716     0.287976      1.04667 -2.41664e-14 -2.48367e-14
       0.118      0.63785     0.288892      1.04484 -1.99509e-14 -3.28599e-14
       0.119     0.635991     0.289803      1.04301  9.85301e-14  3.90787e-14
        0.12     0.634141      0.29071      1.04119  4.23517e-15  1.00482e-14
       0.121     0.632297     0.291614      1.03937 -6.14265e-14 -1.42789e-14
       0.122     0.630462     0.292513      1.03756 -1.18611e-16   1.4254e-14
       0.123     0.628634     0.293408      1.03575  5.39495e-14  -2.1873e-14
       0.124     0.626813     0.294299      1.03395 -5.81136e-14 -2.40654e-14
       0.125     0.624999     0.295187      1.03215 -1.38064e-14  1.48829e-14
       0.126     0.623193      0.29607      1.03036  4.68884e-14 -9.94371e-15
       0.127     0.621394      0.29695      1.02858  2.69863e-14  2.02033e-14
       0.128     0.619602     0.297827       1.0268 -5.81951e-14  1.39896e-14
       0.129     0.617818     0.298699      1.02502   -3.281e-14 -5.72581e-14
        0.13      0.61604     0.299568      1.02325  7.23661e-14   2.7534e-14
       0.131     0.614269     0.300434      1.02149 -7.49829e-14  9.39412e-15
       0.132     0.612505     0.301296      1.01972  1.32036e-14  3.63539e-14
       0.133     0.610748     0.302155      1.01797  1.41214e-14 -2.66984e-14
       0.134     0.608997      0.30301      1.01622 -9.57462e-15  2.60756e-14
       0.135     0.607253     0.303862      1.01447   1.9971e-14 -6.89929e-14
       0.136     0.605516     0.304711      1.01273 -3.88401e-14  3.18501e-14
       0.137     0.603785     0.305556      1.01099  2.65358e-14  1.57256e-14
       0.138     0.602061     0.306398      1.00926  2.24695e-14 -8.36495e-15
       0.139     0.600343     0.307237      1.00753  2.95219e-14 -2.50519e-14
        0.14     0.598632     0.308073       1.0058  5.46844e-15  4.09965e-14
       0.141     0.596927     0.308906      1.00408  -6.3821e-14 -2.80442e-14
       0.142     0.595228     0.309736      1.00237  6.39271e-14   -3.289e-14
       0.143     0.593535     0.310563      1.00066 -5.58029e-14  2.93119e-14
       0.144     0.591849     0.311386      0.99895  4.03912e-14  5.93177e-14
       0.145     0.590169     0.312207     0.997247  2.43483e-14 -9.27311e-14
       0.146     0.588494     0.313025     0.995548 -9.86534e-14   3.5266e-14
       0.147     0.586826      0.31384     0.993854  7.93097e-14  1.28637e-14
       0.148     0.585164     0.314652     0.992164 -3.96653e-14 -2.81619e-15
       0.149     0.583507     0.315462     0.990478  2.29903e-14 -5.28545e-15
        0.15     0.581857     0.316268     0.988796 -2.61038e-14  1.34718e-15
       0.151     0.580212     0.317072     0.987118  5.15973e-14  5.36838e-14
       0.152     0.578573     0.317873     0.985444 -5.70885e-15  8.61512e-15
       0.153      0.57694     0.318672     0.983774 -2.54463e-14 -9.75098e-14
       0.154     0.575312     0.319468     0.982108 -3.87697e-14  6.99142e-14
       0.155      0.57369     0.320261     0.980446 -2.80374e-14  1.49165e-14
       0.156     0.572074     0.321052     0.978787  4.11912e-14 -6.55661e-15
       0.157     0.570463      0.32184     0.977133  5.67305e-15 -1.04285e-14
       0.158     0.568857     0.322626     0.975482  8.53859e-15  2.61379e-14
       0.159     0.567258     0.323409     0.973835  2.81506e-14 -2.74205e-14
        0.16     0.565663      0.32419     0.972191  -2.4698e-14 -6.95394e-14
       0.161     0.564074     0.324968     0.970552  3.01207e-14  5.66397e-14
       0.162      0.56249     0.325744     0.968916 -5.13769e-14 -8.58064e-15
       0.163     0.560912     0.326517     0.967283 -3.17009e-15   3.4704e-14
       0.164     0.559338     0.327288     0.965655 -3.15297e-14  2.82866e-14
       0.165      0.55777     0.328057     0.964029  4.25951e-14  4.81595e-15
       0.166     0.556208     0.328824     0.962408 -1.14147e-14 -5.15751e-14
       0.167      0.55465     0.329588      0.96079  4.46915e-14 -1.11267e-14
       0.168     0.553097      0.33035     0.959175 -4.90413e-15  1.37217e-14
       0.169      0.55155      0.33111     0.957564 -2.10862e-15 -1.52207e-14
        0.17     0.550007     0.331867     0.955956 -5.83869e-14 -2.23586e-14
       0.171      0.54847     0.332623     0.954352  1.30168e-14  2.34046e-14
       0.172     0.546937     0.333376     0.952751  4.96801e-15 -2.57451e-14
       0.173     0.545409     0.334127     0.951153   7.1057e-14 -2.39741e-14
       0.174     0.543887     0.334876     0.949559 -2.77137e-14  4.11836e-14
       0.175     0.542369     0.335623     0.947968 -4.42826e-14 -5.33844e-14
       0.176     0.540856     0.336368     0.946381  4.48544e-14  2.49283e-14
       0.177     0.539347      0.33711     0.944796 -5.91297e-15  9.48264e-14
       0.178     0.537844     0.337851     0.943215  1.27313e-14 -1.10517e-13
       0.179     0.536345      0.33859     0.941637 -5.29716e-14  1.17602e-14
        0.18     0.534851     0.339327     0.940062 -6.55117e-15 -4.29063e-14
       0.181     0.533361     0.340062     0.938491  8.04655e-14  9.20625e-14
       0.182     0.531876     0.340794     0.936922 -1.88971e-14 -9.36106e-15
       0.183     0.530396     0.341525     0.935357  -8.1847e-14  2.40007e-14
       0.184      0.52892     0.342254     0.933794  9.77235e-14  2.73533e-14
       0.185     0.527449     0.342982     0.932235 -3.69623e-14 -4.59361e-14
       0.186     0.525983     0.343707     0.930679 -4.30076e-15  9.72135e-15
       0.187     0.524521      0.34443     0.929126 -2.64784e-14  1.45577e-14
       0.188     0.523063     0.345152     0.927576  5.58036e-14  -4.3179e-14
       0.189      0.52161     0.345872     0.926029  2.36463e-14 -9.88305e-15
        0.19     0.520161      0.34659     0.924484  -4.8036e-14  1.95232e-14
       0.191     0.518716     0.347306     0.922943 -2.64994e-14  2.93408e-14
       0.192     0.517276     0.348021     0.921405 -2.83912e-14  -3.4941e-14
       0.193      0.51584     0.348734     0.919869  5.86186e-14  6.03661e-14
       0.194     0.514409     0.349445     0.918337 -1.06345e-14 -5.00475e-15
       0.195     0.512981     0.350154     0.916807 -5.18069e-15 -8.88945e-14
       0.196     0.511558     0.350862      0.91528 -1.06978e-15  6.94176e-14
       0.197     0.510139     0.351568     0.913756  3.06554e-16 -1.07895e-14
       0.198     0.508725     0.352272     0.912235   8.4397e-14 -3.87362e-14
       0.199     0.507314     0.352975     0.910716 -1.40767e-13  8.95447e-14
         0.2     0.505908     0.353676     0.909201  7.57696e-14  9.90991e-15
       0.201     0.504505     0.354375     0.907688 -4.88512e-14 -1.19752e-13
       0.202     0.503107     0.355073     0.906178  4.13723e-14  7.44888e-14
       0.203     0.501713      0.35577      0.90467  3.96205e-14 -3.94421e-14
       0.204     0.500323     0.356464     0.903165 -2.81588e-14 -2.66612e-14
       0.205     0.498937     0.357158     0.901663  2.83969e-14  7.84173e-14
       0.206     0.497555     0.357849     0.900164 -4.64154e-14 -5.04879e-14
       0.207     0.496176     0.358539     0.898667  2.13019e-14  3.42828e-14
       0.208     0.494802     0.359228     0.897173   1.7565e-14 -1.09197e-13
       0.209     0.493432     0.359915     0.895681 -4.45931e-14  8.44054e-14
        0.21     0.492065     0.360601     0.894192  3.80359e-14  5.82749e-14
       0.211     0.490703     0.361285     0.892706 -2.09072e-14  7.09488e-15
       0.212     0.489344     0.361968     0.891222  4.08124e-14  -1.6797e-14
       0.213     0.487989     0.362649      0.88974 -2.64825e-14 -4.62666e-14
       0.214     0.486638     0.363329     0.888262 -2.67179e-14 -7.05956e-14
       0.215     0.485291     0.364008     0.886785  4.35788e-15  1.00482e-13
       0.216     0.483948     0.364685     0.885311  2.58967e-15 -3.47785e-14
       0.217     0.482608     0.365361      0.88384  1.11991e-14 -5.35863e-14
       0.218     0.481272     0.366035     0.882371 -3.41791e-14  6.69217e-14
       0.219      0.47994     0.366708     0.880905  4.66778e-14 -1.88029e-14
        0.22     0.478611      0.36738     0.879441 -2.55311e-14  7.40883e-14
       0.221     0.477286      0.36805     0.877979 -2.36322e-14 -3.76804e-14
       0.222     0.475965     0.368719      0.87652  4.96985e-14  4.77686e-15
       0.223     0.474647     0.369387     0.875064 -4.52145e-14 -3.33824e-14
       0.224     0.473333     0.370053     0.873609  3.75613e-14  -5.4553e-14
       0.225     0.472023     0.370718     0.872157  2.98657e-14  3.30735e-14
       0.226     0.470716     0.371382     0.870708 -4.72498e-14 -2.76802e-14
       0.227     0.469412     0.372045      0.86926  2.73593e-14 -9.47458e-15
       0.228     0.468113     0.372706     0.867815 -5.13541e-14  4.74912e-14
       0.229     0.466816     0.373366     0.866373  1.71084e-14 -1.14104e-14
        0.23     0.465523     0.374025     0.864932  2.38819e-14  5.67608e-14
       0.231     0.464234     0.374682     0.863494  4.89042e-15  -9.3333e-14
       0.232     0.462948     0.375339     0.862058 -8.11622e-15  2.05539e-14
       0.233     0.461666     0.375994     0.860625 -3.78076e-14  4.37755e-14
       0.234     0.460387     0.376648     0.859193  3.07689e-14  4.37026e-14
       0.235     0.459111     0.377301     0.857764  3.10214e-14 -2.72687e-15
       0.236     0.457839     0.377952     0.856337 -2.18753e-14 -3.44181e-14
       0.237      0.45657     0.378603     0.854913 -3.47849e-14 -2.29072e-14
       0.238     0.455305     0.379252      0.85349  2.88637e-14  4.43816e-14
       0.239     0.454043     0.379901      0.85207  1.03357e-15 -3.67619e-15
        0.24     0.452784     0.380548     0.850652  1.48535e-14 -4.28819e-14
       0.241     0.451529     0.381194     0.849236 -1.00438e-14 -5.38024e-14
       0.242     0.450276     0.381838     0.847822 -2.37865e-14  6.54564e-14
       0.243     0.449027     0.382482      0.84641  4.29974e-14   6.8807e-14
       0.244     0.447782     0.383125        0.845   5.7596e-15 -3.16599e-14
       0.245     0.446539     0.383766     0.843593 -3.56976e-14  -5.2104e-14
       0.246       0.4453     0.384407     0.842188  5.43874e-15  4.74274e-14
       0.247     0.444064     0.385046     0.840784  2.26909e-14 -4.18117e-14
       0.248     0.442831     0.385685     0.839383  2.46895e-15  2.19193e-14
       0.249     0.441602     0.386322     0.837984 -3.57155e-14 -1.57937e-14
        0.25     0.440376     0.386958     0.836587  3.50985e-14  4.74919e-15
       0.251     0.439152     0.387594     0.835192 -1.99048e-14  5.91711e-14
       0.252     0.437932     0.388228     0.833799  2.42322e-14 -6.30484e-14
       0.253     0.436715     0.388861     0.832408 -1.83993e-14  1.62556e-14
       0.254     0.435501     0.389493     0.831019  1.66555e-14  6.79332e-15
       0.255      0.43429     0.390125     0.829632  9.51604e-15  2.78815e-14
       0.256     0.433083     0.390755     0.828246 -8.64024e-15 -7.93672e-14
       0.257     0.431878     0.391384     0.826863 -2.11141e-14  3.71764e-14
       0.258     0.430677     0.392013     0.825482  3.41939e-14  3.69269e-14
       0.259     0.429478      0.39264     0.824103 -2.92019e-14 -1.00116e-13
        0.26     0.428283     0.393266     0.822726  1.12738e-14  2.82099e-14
       0.261      0.42709     0.393892     0.821351 -1.31252e-14  9.69842e-15
       0.262       0.4259     0.394516     0.819978 -1.58995e-14  6.94512e-14
       0.263     0.424714      0.39514     0.818606  1.64891e-14  1.17107e-14
       0.264      0.42353     0.395763     0.817237 -4.04077e-15  1.85574e-15
       0.265      0.42235     0.396384     0.815869  1.14161e-14 -9.96716e-14
       0.266     0.421172     0.397005     0.814503 -9.04494e-15  4.80878e-14
       0.267     0.419997     0.397625      0.81314 -3.23839e-14  8.51206e-14
       0.268     0.418826     0.398244     0.811778  3.00528e-14 -1.15393e-13
       0.269     0.417657     0.398862     0.810417  4.83526e-15 -1.50901e-14
        0.27     0.416491      0.39948     0.809059 -3.56086e-14  6.54032e-14
       0.271     0.415328     0.400096     0.807703  1.45777e-14  2.58607e-14
       0.272     0.414167     0.400712     0.806348  2.56676e-14 -4.88881e-14
       0.273      0.41301     0.401326     0.804996 -1.20203e-14  8.22574e-14
       0.274     0.411856      0.40194     0.803645 -1.29912e-14 -1.01645e-13
       0.275     0.410704     0.402553     0.802295  1.81192e-14   7.6516e-15
       0.276     0.409555     0.403165     0.800948 -3.78408e-16  2.00063e-14
       0.277     0.408409     0.403777     0.799603 -2.37084e-14 -7.57145e-14
       0.278     0.407266     0.404387     0.798259  1.84427e-14  1.08034e-13
       0.279     0.406125     0.404997     0.796917  1.62005e-14 -1.02242e-13
        0.28     0.404987     0.405606     0.795577  2.15896e-14 -2.70983e-15
       0.281     0.403853     0.406214     0.794238 -4.27095e-14  8.47652e-15
       0.282      0.40272     0.406821     0.792901  3.39817e-14  7.86809e-14
       0.283     0.401591     0.407428     0.791566  7.69809e-15 -8.64572e-14
       0.284     0.400464     0.408034     0.790233 -4.82294e-15  9.04388e-14
       0.285      0.39934     0.408638     0.788902 -1.29567e-14 -3.00955e-14
       0.286     0.398219     0.409243     0.787572 -4.90439e-14 -2.30701e-14
       0.287       0.3971     0.409846     0.786244  2.89531e-14 -2.80302e-14
       0.288     0.395984     0.410449     0.784917 -1.12974e-14  1.22982e-14
       0.289     0.394871     0.411051     0.783592   3.5145e-14  1.44127e-14
        0.29     0.393761     0.411652     0.782269 -4.48193e-14  6.12836e-14
       0.291     0.392653     0.412252     0.780948   1.2752e-14   -3.192e-14
       0.292     0.391547     0.412852     0.779628   5.4473e-14 -4.56748e-14
       0.293     0.390445     0.413451      0.77831 -2.30633e-14  2.03245e-14
       0.294     0.389345     0.414049     0.776994 -2.96387e-15 -2.27602e-14
       0.295     0.388247     0.414647     0.775679 -4.33753e-14  8.80686e-16
       0.296     0.387152     0.415244     0.774366  3.13678e-14  2.12765e-14
       0.297      0.38606      0.41584     0.773054 -3.22381e-14  1.21123e-14
       0.298     0.384971     0.416435     0.771744 -2.19419e-15  5.59027e-14
       0.299     0.383883      0.41703     0.770436  2.55926e-14 -1.34359e-13
         0.3     0.382799     0.417624      0.76913  1.00207e-15  5.76345e-14
       0.301     0.381717     0.418218     0.767824  -8.4372e-15  1.03043e-13
       0.302     0.380638      0.41881     0.766521  2.23507e-14 -4.38625e-14
       0.303     0.379561     0.419402     0.765219 -1.29172e-14  -2.9192e-14
       0.304     0.378486     0.419994     0.763919 -6.27142e-15 -6.88663e-14
       0.305     0.377414     0.420584      0.76262  1.88583e-14  -7.9659e-15
       0.306     0.376345     0.421174     0.761323  5.08128e-15 -2.47214e-14
       0.307     0.375278     0.421764     0.760027 -8.14903e-16  1.26676e-13
       0.308     0.374214     0.422353     0.758733  1.20478e-14 -7.89084e-14
       0.309     0.373152     0.422941      0.75744 -1.59647e-14  5.19427e-14
        0.31     0.372093     0.423528     0.756149  -5.9494e-15 -3.09064e-15
       0.311     0.371036     0.424115      0.75486  3.90693e-15 -5.14229e-16
       0.312     0.369981     0.424702     0.753572  1.89616e-14  2.05341e-15
       0.313     0.368929     0.425287     0.752285 -7.43694e-15 -1.26411e-14
       0.314     0.367879     0.425872     0.751001 -4.14118e-16 -7.89569e-14
       0.315     0.366832     0.426457     0.749717  8.30148e-16  8.52912e-14
       0.316     0.365787      0.42704     0.748435 -1.56012e-14  5.57438e-14
       0.317     0.364745     0.427624     0.747155  2.52278e-14 -5.51395e-14
       0.318     0.363705     0.428206     0.745876 -6.47819e-14  2.72685e-14
       0.319     0.362667     0.428788     0.744598 -3.14181e-15 -2.67146e-14
        0.32     0.361632      0.42937     0.743322   2.2253e-14  3.47707e-14
       0.321     0.360599     0.429951     0.742048  3.21935e-14 -1.17108e-13
       0.322     0.359568     0.430531     0.740774 -4.02812e-14  8.47784e-14
       0.323      0.35854     0.431111     0.739503  2.00809e-14 -5.12163e-14
       0.324     0.357514      0.43169     0.738232  4.72449e-14 -6.42038e-14
       0.325     0.356491     0.432269     0.736964 -5.83945e-14  6.12486e-14
       0.326      0.35547     0.432847     0.735696 -8.51307e-16  6.28138e-14
       0.327     0.354451     0.433424      0.73443  3.56229e-14 -1.36752e-14
       0.328     0.353434     0.434001     0.733166 -3.37796e-14  4.16209e-14
       0.329      0.35242     0.434578     0.731903  2.99992e-15   2.8752e-14
        0.33     0.351408     0.435154     0.730641  2.08322e-14  -8.8596e-14
       0.331     0.350398     0.435729     0.729381 -3.27182e-14  2.15311e-15
       0.332     0.349391     0.436304     0.728122  4.81095e-14 -3.96811e-15
       0.333     0.348386     0.436879     0.726864 -1.79467e-14   8.1701e-14
       0.334     0.347383     0.437452     0.725608 -3.59742e-14 -7.16738e-14
       0.335     0.346382     0.438026     0.724354  4.12681e-14 -4.98382e-14
       0.336     0.345384     0.438599       0.7231  3.80956e-14  3.44815e-14
       0.337     0.344388     0.439171     0.721848 -5.78172e-14  3.91753e-14
       0.338     0.343394     0.439743     0.720598  2.44908e-14 -5.49795e-14
       0.339     0.342403     0.440314     0.719348  2.16966e-14  4.55735e-14
        0.34     0.341413     0.440885       0.7181 -4.65655e-14  3.26125e-16
       0.341     0.340426     0.441455     0.716854  1.01264e-14   2.0673e-14
       0.342     0.339441     0.442025     0.715609  5.29517e-15 -4.17616e-14
       0.343     0.338458     0.442595     0.714365 -2.65349e-14 -6.60212e-14
       0.344     0.337477     0.443163     0.713122  6.38258e-14  8.45285e-14
       0.345     0.336499     0.443732     0.711881 -3.77589e-15  1.72966e-14
       0.346     0.335523       0.4443     0.710641 -3.46151e-14 -3.90512e-14
       0.347     0.334549     0.444867     0.709402 -1.45015e-14 -1.12761e-15
       0.348     0.333577     0.445434     0.708165 -5.14269e-15  8.92476e-14
       0.349     0.332607     0.446001     0.706929  5.23253e-14  -8.3955e-14
        0.35     0.331639     0.446567     0.705694 -5.81683e-14  6.08932e-15
       0.351     0.330674     0.447133     0.704461  6.25736e-14  3.51924e-15
       0.352      0.32971     0.447698     0.703229  7.78261e-15  -1.6767e-14
       0.353     0.328749     0.448263     0.701998 -6.73722e-14  8.57604e-14
       0.354      0.32779     0.448828     0.700768  2.14118e-14  1.98909e-14
       0.355     0.326833     0.449392      0.69954  1.23758e-14 -7.54528e-14
       0.356     0.325878     0.449955     0.698313 -3.08371e-14 -8.87988e-15
       0.357     0.324925     0.450518     0.697087  1.43691e-14 -2.51683e-14
       0.358     0.323975     0.451081     0.695863  -4.9488e-14 -8.50109e-14
       0.359     0.323026     0.451643      0.69464  2.77192e-14  1.69723e-13
        0.36     0.322079     0.452205     0.693417  6.06109e-14  -1.3132e-13
       0.361     0.321135     0.452767     0.692197  -4.8664e-14  8.94357e-14
       0.362     0.320192     0.453328     0.690977  1.17603e-14   -1.216e-13
       0.363     0.319252     0.453889     0.689759  8.08845e-16  1.69627e-13
       0.364     0.318314     0.454449     0.688542  1.98021e-14 -6.94196e-14
       0.365     0.317378     0.455009     0.687326   6.1509e-15 -2.77812e-14
       0.366     0.316443     0.455568     0.686111 -2.41921e-14  1.19965e-14
       0.367     0.315511     0.456127     0.684898   3.2171e-14 -1.81962e-14
       0.368     0.314581     0.456686     0.683686 -4.76607e-14  4.37799e-14
       0.369     0.313653     0.457245     0.682475  2.63407e-14  4.15327e-14
        0.37     0.312727     0.457803     0.681265  -1.7012e-14 -5.83212e-14
       0.371     0.311803      0.45836     0.680056   9.6415e-15 -1.06552e-14
       0.372     0.310881     0.458918     0.678849 -2.26242e-14  5.99641e-14
       0.373      0.30996     0.459474     0.677643  -1.3108e-14  3.90844e-14
       0.374     0.309042     0.460031     0.676438  1.78702e-14 -8.46347e-14
       0.375     0.308126     0.460587     0.675234  2.49065e-15 -5.84182e-14
       0.376     0.307212     0.461143     0.674031  2.72187e-14  3.52028e-15
       0.377       0.3063     0.461699      0.67283 -5.47933e-15  8.52527e-14
       0.378      0.30539     0.462254     0.671629 -4.24969e-14  5.42936e-14
       0.379     0.304481     0.462809      0.67043  4.16315e-14 -4.88683e-14
        0.38     0.303575     0.463363     0.669232  7.07344e-15 -7.44632e-15
       0.381     0.302671     0.463917     0.668035 -2.27078e-14 -4.99073e-14
       0.382     0.301768     0.464471     0.666839  2.39608e-14 -5.60263e-15
       0.383     0.300868     0.465025     0.665645  1.68931e-15   1.7987e-14
       0.384     0.299969     0.465578     0.664451  1.19715e-14 -3.16848e-15
       0.385     0.299073     0.466131     0.663259 -4.25357e-14 -4.66889e-15
       0.386     0.298178     0.466683     0.662068  3.63119e-14  8.37388e-14
       0.387     0.297285     0.467235     0.660878 -5.25766e-14 -9.73946e-14
       0.388     0.296395     0.467787     0.659689  4.36638e-14 -1.03361e-14
       0.389     0.295506     0.468339     0.658501  3.91127e-15 -2.19808e-14
        0.39     0.294619      0.46889     0.657314 -4.17687e-14  9.76157e-14
       0.391     0.293733     0.469441     0.656129  7.85605e-15 -2.47324e-14
       0.392      0.29285     0.469992     0.654944  1.34084e-14  -4.9078e-15
       0.393     0.291969     0.470542     0.653761 -3.67363e-14 -2.90967e-14
       0.394     0.291089     0.471092     0.652579  5.58397e-14  2.54877e-14
       0.395     0.290212     0.471642     0.651397 -2.52558e-14  5.07352e-14
       0.396     0.289336     0.472192     0.650217  2.29523e-14  3.26302e-14
       0.397     0.288462     0.472741     0.649038  1.24331e-16 -8.84281e-14
       0.398      0.28759      0.47329      0.64786 -5.91829e-14  3.35417e-14
       0.399      0.28672     0.473839     0.646683  5.00691e-14 -6.09409e-14
         0.4     0.285852     0.474387     0.645508  2.96549e-14  3.94296e-14
       0.401     0.284985     0.474935     0.644333 -4.73982e-14 -6.64255e-14
       0.402      0.28412     0.475483     0.643159  2.82731e-14  9.72661e-14
       0.403     0.283258     0.476031     0.641987 -9.82215e-15 -1.45779e-16
       0.404     0.282397     0.476578     0.640815  2.01907e-15  -7.8577e-15
       0.405     0.281537     0.477125     0.639645  4.35021e-14 -3.44236e-14
       0.406      0.28068     0.477672     0.638475 -3.64975e-14 -5.14685e-14
       0.407     0.279825     0.478219     0.637307  2.31132e-14  5.18084e-14
       0.408     0.278971     0.478765     0.636139 -2.76164e-14 -3.85685e-14
       0.409     0.278119     0.479311     0.634973 -2.15531e-14   9.0549e-14
        0.41     0.277269     0.479857     0.633808 -4.51144e-14 -2.33153e-14
       0.411      0.27642     0.480403     0.632644  3.57323e-14  3.47651e-14
       0.412     0.275574     0.480948      0.63148  2.82355e-14 -9.76508e-14
       0.413     0.274729     0.481493     0.630318 -4.57866e-14  1.67461e-14
       0.414     0.273886     0.482038     0.629157  2.79681e-14 -1.98583e-14
       0.415     0.273045     0.482583     0.627997  1.47239e-14 -1.56862e-15
       0.416     0.272205     0.483128     0.626838  1.94143e-15 -1.70807e-15
       0.417     0.271368     0.483672      0.62568   1.1284e-14  8.53877e-14
       0.418     0.270532     0.484216     0.624522 -2.88542e-14 -4.38203e-14
       0.419     0.269698      0.48476     0.623366  3.20409e-14 -4.14744e-14
        0.42     0.268865     0.485303     0.622211 -6.72184e-14  3.61698e-14
       0.421     0.268035     0.485847     0.621057  4.30317e-14   5.3308e-14
       0.422     0.267206      0.48639     0.619904  3.84035e-14 -7.54498e-14
       0.423     0.266378     0.486933     0.618752  9.06281e-15 -6.22428e-14
       0.424     0.265553     0.487476     0.617601 -6.54154e-14  1.14297e-13
       0.425     0.264729     0.488019      0.61645  6.41017e-14 -8.25884e-14
       0.426     0.263907     0.488561     0.615301  1.71825e-15  2.90616e-14
       0.427     0.263087     0.489103     0.614153 -9.33771e-14  2.23134e-14
       0.428     0.262268     0.489645     0.613006 -7.83089e-15 -3.21548e-14
       0.429     0.261451     0.490187      0.61186  5.81231e-14  8.66972e-14
        0.43     0.260636     0.490729     0.610714  9.72966e-15 -6.69814e-14
       0.431     0.259823      0.49127      0.60957 -4.55445e-14  9.01101e-14
       0.432     0.259011     0.491812     0.608426 -8.29813e-15 -9.56055e-14
       0.433     0.258201     0.492353     0.607284  5.00269e-14 -3.57158e-14
       0.434     0.257393     0.492894     0.606143  3.57505e-14  6.01485e-14
       0.435     0.256586     0.493435     0.605002 -3.86534e-14 -6.48437e-14
       0.436     0.255781     0.493975     0.603862  -1.7815e-14  4.48389e-14
       0.437     0.254978     0.494516     0.602724  6.01833e-14  5.14606e-14
       0.438     0.254176     0.495056     0.601586  1.92446e-14  1.72122e-14
       0.439     0.253376     0.495596     0.600449 -8.55589e-15 -7.47181e-14
        0.44     0.252578     0.496136     0.599313  -5.5525e-14  2.85787e-14
       0.441     0.251781     0.496676     0.598178  9.68255e-15 -8.14987e-16
       0.442     0.250986     0.497216     0.597044  3.10213e-14  1.05748e-14
       0.443     0.250193     0.497755     0.595911 -4.39584e-14 -3.57235e-14
       0.444     0.249401     0.498295     0.594779  1.09782e-15  1.72876e-14
       0.445     0.248611     0.498834     0.593648  2.06268e-14  8.81608e-14
       0.446     0.247822     0.499373     0.592518 -2.30123e-14 -9.31057e-14
       0.447     0.247035     0.499912     0.591388  7.31847e-15  4.33755e-14
       0.448      0.24625     0.500451      0.59026 -3.01649e-14  2.46621e-14
       0.449     0.245467      0.50099     0.589132  3.02276e-14 -4.69557e-14
        0.45     0.244685     0.501529     0.588005  -7.5031e-15 -1.00408e-13
       0.451     0.243905     0.502067      0.58688 -9.88566e-15  1.76577e-13
       0.452     0.243126     0.502605     0.585755  1.42314e-14 -4.57555e-14
       0.453     0.242349     0.503144     0.584631 -3.14579e-14 -1.06204e-14
       0.454     0.241573     0.503682     0.583507  4.90359e-14 -1.90137e-13
       0.455     0.240799      0.50422     0.582385 -2.89209e-14   1.9731e-13
       0.456     0.240027     0.504758     0.581264  2.56044e-14  1.47169e-13
       0.457     0.239257     0.505296     0.580143 -1.97365e-14 -1.49915e-13
       0.458     0.238487     0.505833     0.579024           -0  5.45649e-14
       0.459      0.23772     0.506371     0.577905  2.54807e-15 -1.96185e-13
        0.46     0.236954     0.506908     0.576787  9.36226e-15   2.1794e-13
       0.461      0.23619     0.507446      0.57567 -1.27931e-15  4.77129e-14
       0.462     0.235427     0.507983     0.574554  1.08254e-14 -2.55845e-13
       0.463     0.234666      0.50852     0.573439  -3.0117e-14  1.96101e-13
       0.464     0.233906     0.509057     0.572324  -7.7236e-15 -6.78393e-14
       0.465     0.233148     0.509594     0.571211  4.25676e-14  4.04688e-14
       0.466     0.232392     0.510131     0.570098 -5.17037e-14 -2.02467e-13
       0.467     0.231637     0.510668     0.568986  4.30315e-14  3.10086e-15
       0.468     0.230884     0.511205     0.567875 -1.90364e-14  1.14508e-13
       0.469     0.230132     0.511742     0.566765 -1.15611e-15 -1.22392e-13
        0.47     0.229381     0.512278     0.565656  1.88255e-15  1.25749e-13
       0.471     0.228633     0.512815     0.564547  1.50915e-14  8.33264e-15
       0.472     0.227886     0.513351     0.563439  9.45164e-15  1.23593e-13
       0.473      0.22714     0.513888     0.562333 -5.39127e-15 -2.89094e-13
       0.474     0.226396     0.514424     0.561227 -3.81088e-14  5.42896e-14
       0.475     0.225653     0.514961     0.560121  1.71185e-14  7.12261e-15
       0.476     0.224912     0.515497     0.559017  3.09354e-14  3.26359e-13
       0.477     0.224173     0.516033     0.557913  6.31738e-15 -1.79264e-13
       0.478     0.223435     0.516569     0.556811 -3.87185e-14 -5.80349e-14
       0.479     0.222698     0.517105     0.555709  7.52363e-15 -1.35904e-13
        0.48     0.221963     0.517641     0.554608 -3.00087e-14  1.74801e-13
       0.481      0.22123     0.518177     0.553508  2.34047e-14  5.71879e-14
       0.482     0.220498     0.518713     0.552408  8.60928e-15 -8.65522e-15
       0.483     0.219768     0.519249     0.551309  9.66821e-15 -2.24087e-14
       0.484     0.219039     0.519785     0.550212 -3.21944e-14 -1.52926e-13
       0.485     0.218311     0.520321     0.549114  3.58452e-14 -6.48388e-15
       0.486     0.217585     0.520857     0.548018 -2.64903e-14  1.61773e-14
       0.487     0.216861     0.521392     0.546923   1.0498e-15  1.48161e-13
       0.488     0.216138     0.521928     0.545828  3.12581e-14  1.02378e-13
       0.489     0.215417     0.522464     0.544734 -7.52945e-16 -2.57534e-13
        0.49     0.214697        0.523     0.543641 -5.58326e-15  1.65296e-13
       0.491     0.213978     0.523535     0.542549 -2.05645e-14  1.17039e-14
       0.492     0.213261     0.524071     0.541457  1.39399e-14 -2.73321e-13
       0.493     0.212546     0.524607     0.540366 -2.88482e-15  2.81237e-13
       0.494     0.211831     0.525142     0.539276  5.78151e-15 -1.92134e-13
       0.495     0.211119     0.525678     0.538187 -1.60081e-14  1.41762e-13
       0.496     0.210408     0.526213     0.537099  1.81798e-14  1.37573e-13
       0.497     0.209698     0.526749     0.536011 -7.34813e-15 -3.61736e-13
       0.498      0.20899     0.527285     0.534924 -2.34703e-14  3.18124e-13
       0.499     0.208283      0.52782     0.533838   3.0897e-14 -2.99416e-14
         0.5     0.207578     0.528356     0.532752  1.04742e-14  9.25456e-14
       0.501     0.206874     0.528892     0.531668 -1.40458e-14 -2.46889e-13
       0.502     0.206171     0.529427     0.530584 -2.78401e-15  1.70723e-13
       0.503      0.20547     0.529963     0.529501 -2.37127e-14 -2.66203e-13
       0.504     0.204771     0.530498     0.528418  3.47881e-14  1.67027e-13
       0.505     0.204073     0.531034     0.527337 -4.35746e-15 -9.59156e-14
       0.506     0.203376      0.53157     0.526256 -3.27481e-15 -7.09827e-14
       0.507     0.202681     0.532105     0.525176 -3.45344e-14  1.16511e-13
       0.508     0.201987     0.532641     0.524096  5.79367e-14   2.6658e-14
       0.509     0.201295     0.533177     0.523018 -2.76158e-14  3.33727e-14
        0.51     0.200604     0.533713      0.52194 -6.44645e-15 -2.88002e-14
       0.511     0.199914     0.534249     0.520862 -2.36331e-14 -1.07748e-13
       0.512     0.199226     0.534784     0.519786  9.47268e-16  5.16973e-14
       0.513     0.198539      0.53532      0.51871  2.37304e-14    7.927e-14
       0.514     0.197854     0.535856     0.517635 -1.88649e-14  5.35991e-14
       0.515      0.19717     0.536392     0.516561   4.2573e-14 -3.26088e-14
       0.516     0.196487     0.536928     0.515487 -1.17794e-14 -5.71224e-14
       0.517     0.195806     0.537464     0.514414 -1.35582e-14 -1.82808e-13
       0.518     0.195127        0.538     0.513342  2.09386e-14  3.01676e-13
       0.519     0.194448     0.538537     0.512271 -3.45958e-14   -6.898e-14
        0.52     0.193771     0.539073       0.5112  3.04942e-15  3.05292e-14
       0.521     0.193096     0.539609      0.51013  5.78973e-15  4.39025e-14
       0.522     0.192422     0.540145     0.509061  3.31983e-14 -8.17255e-14
       0.523     0.191749     0.540682     0.507992  4.68317e-15 -4.99475e-14
       0.524     0.191078     0.541218     0.506924 -4.27208e-14 -6.04326e-14
       0.525     0.190408     0.541755     0.505857   3.8917e-15  2.06187e-13
       0.526     0.189739     0.542291      0.50479 -2.25858e-14 -1.51764e-13
       0.527     0.189072     0.542828     0.503724  1.36771e-14 -1.47897e-13
       0.528     0.188406     0.543365     0.502659 -3.75264e-15  1.55346e-13
       0.529     0.187741     0.543902     0.501595  5.39531e-15  1.56612e-13
        0.53     0.187078     0.544438     0.500531  2.83428e-14 -1.33207e-13
       0.531     0.186416     0.544975     0.499468 -5.91007e-15  2.83541e-14
       0.532     0.185756     0.545512     0.498405 -8.71886e-15  -1.8108e-14
       0.533     0.185097      0.54605     0.497344  4.28599e-15  3.41061e-14
       0.534     0.184439     0.546587     0.496282 -1.89963e-14  5.54451e-14
       0.535     0.183783     0.547124     0.495222  2.79739e-14 -9.79461e-14
       0.536     0.183128     0.547662     0.494162 -1.45963e-14  -4.6119e-14
       0.537     0.182474     0.548199     0.493103  4.98629e-16  4.59082e-15
       0.538     0.181822     0.548737     0.492045  3.03125e-14  5.96643e-14
       0.539     0.181171     0.549275     0.490987 -1.00138e-14 -5.55224e-14
        0.54     0.180521     0.549812      0.48993 -7.52581e-15  6.14104e-14
       0.541     0.179873      0.55035     0.488874  2.98302e-14    -6.15e-14
       0.542     0.179226     0.550888     0.487818 -3.57694e-14 -1.37356e-13
       0.543      0.17858     0.551427     0.486763 -1.29574e-14  1.92325e-14
       0.544     0.177936     0.551965     0.485708  1.88861e-14  9.39689e-14
       0.545     0.177293     0.552503     0.484654 -3.71743e-15  8.20994e-14
       0.546     0.176651     0.553042     0.483601  2.16733e-14 -4.08507e-14
       0.547     0.176011      0.55358     0.482549  4.07215e-15  4.66788e-14
       0.548     0.175372     0.554119     0.481497 -6.46089e-15  8.09085e-14
       0.549     0.174734     0.554658     0.480446 -2.89638e-15  -1.4619e-14
        0.55     0.174098     0.555197     0.479395 -1.48533e-14  6.96694e-14
       0.551     0.173463     0.555736     0.478345  7.69862e-15 -2.06161e-13
       0.552     0.172829     0.556276     0.477296  4.11442e-15 -7.28326e-14
       0.553     0.172197     0.556815     0.476247   6.3562e-15  9.47339e-14
       0.554     0.171566     0.557355     0.475199  -3.9249e-14  1.59269e-13
       0.555     0.170936     0.557894     0.474151  2.65652e-14 -5.72793e-14
       0.556     0.170307     0.558434     0.473105  -2.4373e-14 -1.81127e-13
       0.557      0.16968     0.558974     0.472058  2.16521e-14  1.03548e-13
       0.558     0.169054     0.559515     0.471013   8.5052e-15 -5.60445e-14
       0.559      0.16843     0.560055     0.469968 -1.32191e-14   1.6712e-13
        0.56     0.167806     0.560595     0.468924 -9.41198e-15 -8.56105e-14
       0.561     0.167184     0.561136      0.46788 -6.98629e-16  1.67865e-14
       0.562     0.166564     0.561677     0.466837 -3.15035e-15  7.06006e-14
       0.563     0.165944     0.562218     0.465794  2.35013e-14 -6.55775e-15
       0.564     0.165326     0.562759     0.464752 -9.84183e-15 -1.83839e-13
       0.565     0.164709     0.563301     0.463711  2.81779e-15  6.82325e-14
       0.566     0.164093     0.563842      0.46267 -3.26484e-14  1.54439e-13
       0.567     0.163479     0.564384      0.46163  7.78116e-15 -1.93087e-13
       0.568     0.162866     0.564926     0.460591  7.79734e-15  1.79056e-13
       0.569     0.162254     0.565468     0.459552 -2.14873e-14 -2.08914e-13
        0.57     0.161644      0.56601     0.458513  3.43444e-14  2.12607e-13
       0.571     0.161034     0.566552     0.457476  3.47725e-14 -2.00698e-13
       0.572     0.160426     0.567095     0.456439 -5.36075e-14  2.30715e-13
       0.573     0.159819     0.567638     0.455402  3.74243e-14 -1.82209e-13
       0.574     0.159214     0.568181     0.454366 -2.20707e-14 -7.51114e-14
       0.575      0.15861     0.568724     0.453331  7.91167e-15 -3.49996e-14
       0.576     0.158007     0.569268     0.452296   2.5226e-15  5.95689e-15
       0.577     0.157405     0.569811     0.451262 -1.69728e-14  1.27678e-13
       0.578     0.156805     0.570355     0.450228  7.96128e-15 -1.78503e-13
       0.579     0.156205     0.570899     0.449195 -2.24832e-14  3.17631e-13
        0.58     0.155607     0.571443     0.448162  3.14331e-14 -1.37995e-13
       0.581     0.155011     0.571988      0.44713 -2.02102e-14  8.50838e-14
       0.582     0.154415     0.572533     0.446099  1.11297e-14 -1.43235e-13
       0.583     0.153821     0.573078     0.445068  1.86493e-14  1.21883e-13
       0.584     0.153228     0.573623     0.444038 -2.74828e-14 -6.77576e-14
       0.585     0.152636     0.574168     0.443008  3.52516e-14  1.54918e-14
       0.586     0.152046     0.574714     0.441979  7.54344e-15   5.3192e-14
       0.587     0.151456      0.57526      0.44095 -2.41527e-14 -4.16535e-14
       0.588     0.150868     0.575806     0.439922  7.02081e-15  8.31129e-14
       0.589     0.150282     0.576352     0.438895  1.64779e-14   5.7206e-14
        0.59     0.149696     0.576899     0.437868  -1.3915e-14 -1.96471e-13
       0.591     0.149112     0.577446     0.436842  5.57769e-15  1.37485e-13
       0.592     0.148529     0.577993     0.435816  -3.0928e-14 -1.66455e-13
       0.593     0.147947      0.57854      0.43479 -2.20312e-14  1.14132e-13
       0.594     0.147366     0.579088     0.433766   4.4342e-14  -3.5065e-14
       0.595     0.146786     0.579635     0.432741 -8.06209e-15 -2.96759e-14
       0.596     0.146208     0.580183     0.431718 -1.61581e-14  3.21546e-14
       0.597     0.145631     0.580732     0.430695  1.43093e-14 -2.46456e-14
       0.598     0.145055     0.581281     0.429672  1.56602e-14 -4.78082e-14
       0.599     0.144481     0.581829      0.42865 -1.89074e-16  4.08809e-14
         0.6     0.143907     0.582379     0.427628  2.82315e-14  2.03723e-13
       0.601     0.143335     0.582928     0.426607 -5.69618e-14 -3.11927e-13
       0.602     0.142764     0.583478     0.425587  3.29173e-14  5.87571e-14
       0.603     0.142194     0.584028     0.424567  4.19485e-15 -7.73195e-14
       0.604     0.141625     0.584578     0.423547 -5.08267e-14  1.27146e-13
       0.605     0.141058     0.585129     0.422528  3.08286e-14  1.67329e-13
       0.606     0.140492      0.58568      0.42151 -9.21056e-15 -2.57854e-13
       0.607     0.139927     0.586231     0.420492  -5.3842e-15  1.66523e-13
       0.608     0.139363     0.586782     0.419475 -9.24959e-15 -2.36606e-13
       0.609       0.1388     0.587334     0.418458  5.32978e-14  1.91943e-13
        0.61     0.138239     0.587886     0.417441 -5.84423e-14 -1.37256e-13
       0.611     0.137679     0.588439     0.416425   1.6096e-14  2.03114e-13
       0.612      0.13712     0.588991      0.41541  1.88509e-14 -1.60359e-14
       0.613     0.136562     0.589544     0.414395  1.36327e-14 -1.36631e-13
       0.614     0.136005     0.590098      0.41338 -2.43958e-14  -2.4969e-14
       0.615     0.135449     0.590651     0.412367  1.36907e-14  1.50008e-13
       0.616     0.134895     0.591205     0.411353  1.45038e-14  -1.7131e-13
       0.617     0.134342      0.59176      0.41034  3.53546e-15  1.76665e-13
       0.618      0.13379     0.592314     0.409328 -5.68847e-14 -9.22044e-14
       0.619     0.133239     0.592869     0.408316  2.64318e-14 -4.58028e-14
        0.62     0.132689     0.593425     0.407304 -1.40348e-14  1.78503e-13
       0.621     0.132141      0.59398     0.406293  1.34705e-14 -1.37466e-13
       0.622     0.131594     0.594536     0.405283 -1.17126e-14  3.81002e-14
       0.623     0.131048     0.595093     0.404273  2.34752e-14  4.71853e-14
       0.624     0.130503     0.595649     0.403263 -1.99368e-16  1.50176e-14
       0.625     0.129959     0.596206     0.402254  1.19877e-15 -1.80674e-13
       0.626     0.129416     0.596764     0.401245  1.06118e-14  1.27376e-13
       0.627     0.128875     0.597322     0.400237  1.74567e-14  4.54419e-15
       0.628     0.128334      0.59788     0.399229 -1.95049e-14 -1.25104e-14
       0.629     0.127795     0.598438     0.398222 -2.55922e-14 -4.34046e-15
        0.63     0.127257     0.598997     0.397215  3.02919e-15 -1.93564e-13
       0.631      0.12672     0.599556     0.396209 -2.12499e-14  1.87676e-13
       0.632     0.126184     0.600116     0.395203  7.70698e-15 -4.50498e-14
       0.633      0.12565     0.600676     0.394198 -1.09756e-14 -1.30509e-13
       0.634     0.125116     0.601237     0.393193  2.56649e-14  2.42139e-13
       0.635     0.124584     0.601797     0.392188  1.55138e-14 -1.90046e-13
       0.636     0.124053     0.602359     0.391184  1.10467e-14  1.99686e-13
       0.637     0.123523      0.60292     0.390181 -3.11616e-14 -1.09687e-13
       0.638     0.122994     0.603482     0.389177  1.86963e-14  1.82931e-13
       0.639     0.122466     0.604044     0.388175  -1.4001e-14 -3.03218e-13
        0.64      0.12194     0.604607     0.387172 -8.66641e-15  1.72669e-13
       0.641     0.121414      0.60517     0.386171  4.96296e-15 -1.34867e-13
       0.642      0.12089     0.605734     0.385169  1.24343e-14  1.18774e-13
       0.643     0.120367     0.606298     0.384168  4.77681e-15   3.1579e-14
       0.644     0.119845     0.606863     0.383168 -6.45229e-15 -7.58707e-14
       0.645     0.119324     0.607427     0.382168 -8.96939e-15 -2.46457e-14
       0.646     0.118804     0.607993     0.381168  7.94367e-15   2.0946e-14
       0.647     0.118286     0.608558     0.380169 -8.17045e-15  6.95793e-14
       0.648     0.117768     0.609125      0.37917 -1.04978e-15  4.20167e-14
       0.649     0.117252     0.609691     0.378171  1.17831e-14   2.2327e-15
        0.65     0.116736     0.610258     0.377173  1.60262e-14 -1.27271e-13
       0.651     0.116222     0.610826     0.376176 -3.55038e-14 -1.07629e-13
       0.652     0.115709     0.611394     0.375178  7.62457e-15  2.04976e-13
       0.653     0.115197     0.611962     0.374182  2.12257e-16  4.50326e-14
       0.654     0.114686     0.612531     0.373185  2.65902e-14 -6.69453e-14
       0.655     0.114177       0.6131     0.372189 -2.66484e-14  4.66522e-14
       0.656     0.113668      0.61367     0.371194  3.76033e-14  3.54013e-14
       0.657     0.113161      0.61424     0.370198 -4.00412e-14 -2.50843e-13
       0.658     0.112654     0.614811     0.369204  2.12448e-14   1.5711e-13
       0.659     0.112149     0.615382     0.368209 -2.81736e-14 -3.09361e-14
        0.66     0.111645     0.615954     0.367215  2.82356e-14 -1.56931e-13
       0.661     0.111142     0.616526     0.366222   9.2886e-15  8.58208e-14
       0.662      0.11064     0.617099     0.365229 -1.68862e-14  1.40325e-13
       0.663     0.110139     0.617672     0.364236  4.33936e-16 -1.19762e-13
       0.664      0.10964     0.618246     0.363243   -1.022e-14 -3.62927e-15
       0.665     0.109141      0.61882     0.362251  2.54976e-14 -1.16807e-14
       0.666     0.108644     0.619395      0.36126 -1.07021e-14  7.85876e-14
       0.667     0.108147      0.61997     0.360268 -5.25345e-15 -8.26259e-14
       0.668     0.107652     0.620546     0.359277   1.4479e-14  7.91353e-14
       0.669     0.107158     0.621122     0.358287 -2.17667e-14  2.81498e-14
        0.67     0.106664     0.621699     0.357297  6.83099e-15 -1.50907e-14
       0.671     0.106172     0.622276     0.356307 -1.32507e-15  7.60538e-15
       0.672     0.105682     0.622854     0.355317  1.81496e-14 -1.17798e-14
       0.673     0.105192     0.623432     0.354328 -1.79682e-14 -1.07815e-14
       0.674     0.104703     0.624011      0.35334 -1.46734e-14 -6.33853e-14
       0.675     0.104215     0.624591     0.352351  3.67653e-15  1.35537e-13
       0.676     0.103729     0.625171     0.351363  9.71434e-15 -9.97322e-14
       0.677     0.103243     0.625751     0.350376  7.38599e-15 -1.30481e-14
       0.678     0.102759     0.626332     0.349388 -2.24319e-15  1.49154e-14
       0.679     0.102275     0.626914     0.348401 -8.99288e-16 -1.22309e-13
        0.68     0.101793     0.627496     0.347415   1.1041e-14  2.54181e-13
       0.681     0.101312     0.628079     0.346429 -1.29854e-14 -1.48992e-13
       0.682     0.100832     0.628663     0.345443 -1.01853e-15  4.17308e-14
       0.683     0.100353     0.629247     0.344457 -4.08331e-15 -1.62536e-13
       0.684     0.099875     0.629831     0.343472  1.90984e-14  2.78126e-13
       0.685    0.0993981     0.630416     0.342487 -2.38129e-14 -1.26921e-13
       0.686    0.0989223     0.631002     0.341502  9.13557e-16  1.76806e-14
       0.687    0.0984476     0.631588     0.340518  1.31621e-14 -2.41248e-14
       0.688     0.097974     0.632175     0.339534  -2.0304e-14  7.32447e-14
       0.689    0.0975014     0.632763     0.338551  2.73633e-14  1.25462e-13
        0.69    0.0970299     0.633351     0.337567 -1.20995e-14 -8.72311e-14
       0.691    0.0965594      0.63394     0.336584  9.70155e-15 -4.92208e-14
       0.692    0.0960901      0.63453     0.335602  5.67211e-15 -5.18205e-14
       0.693    0.0956218      0.63512     0.334619 -1.03259e-14  1.01818e-13
       0.694    0.0951545      0.63571     0.333637  2.25593e-14 -8.93975e-14
       0.695    0.0946883     0.636302     0.332656 -1.82985e-14 -6.19409e-14
       0.696    0.0942232     0.636894     0.331674  5.95767e-15 -7.56161e-14
       0.697    0.0937591     0.637487     0.330693 -1.08888e-14  1.28708e-13
       0.698    0.0932961      0.63808     0.329712  -7.3932e-15 -5.18096e-14
       0.699    0.0928342     0.638674     0.328732  1.41146e-15  1.79301e-13
         0.7    0.0923733     0.639269     0.327752   4.1262e-15 -2.13151e-13
       0.701    0.0919135     0.639864     0.326772 -1.46521e-14  3.10163e-14
       0.702    0.0914547      0.64046     0.325792  3.29248e-14  1.97376e-13
       0.703     0.090997     0.641057     0.324813  -1.2583e-14 -1.93095e-13
       0.704    0.0905403     0.641654     0.323834 -4.75925e-16 -5.47097e-14
       0.705    0.0900847     0.642252     0.322855 -5.12801e-15  5.71836e-14
       0.706    0.0896301     0.642851     0.321877 -1.00407e-14  9.06317e-15
       0.707    0.0891766     0.643451     0.320898  4.79235e-16  1.26353e-13
       0.708    0.0887241     0.644051     0.319921  1.08078e-14 -2.76054e-15
       0.709    0.0882727     0.644652     0.318943  6.98119e-15 -2.17272e-14
        0.71    0.0878223     0.645253     0.317966 -1.31503e-14  6.03608e-14
       0.711     0.087373     0.645856     0.316988  2.27341e-14 -1.32587e-13
       0.712    0.0869247     0.646459     0.316012 -1.00602e-14  1.36915e-13
       0.713    0.0864775     0.647063     0.315035 -4.98112e-15 -2.80852e-13
       0.714    0.0860312     0.647667     0.314059  1.20557e-14 -1.01267e-14
       0.715    0.0855861     0.648273     0.313083  8.54417e-15  2.11289e-13
       0.716     0.085142     0.648879     0.312107  4.52679e-15  4.11055e-14
       0.717    0.0846989     0.649486     0.311131 -3.58087e-14 -1.47941e-13
       0.718    0.0842568     0.650093     0.310156  1.19233e-14 -1.21419e-13
       0.719    0.0838158     0.650702     0.309181  7.88544e-15  9.19714e-14
        0.72    0.0833758     0.651311     0.308206  -1.1856e-14  3.38731e-14
       0.721    0.0829369     0.651921     0.307231 -2.72342e-15 -3.48823e-14
       0.722    0.0824989     0.652532     0.306257  9.92674e-16  2.05292e-13
       0.723    0.0820621     0.653144     0.305283 -9.95023e-16 -9.12278e-14
       0.724    0.0816262     0.653756     0.304309  1.38387e-14  5.97032e-14
       0.725    0.0811914     0.654369     0.303335 -1.46213e-14 -1.93139e-13
       0.726    0.0807576     0.654983     0.302362  1.95414e-14  9.15908e-14
       0.727    0.0803248     0.655598     0.301389  3.39021e-15  1.12785e-13
       0.728    0.0798931     0.656214     0.300416 -1.39708e-14 -1.22927e-13
       0.729    0.0794624      0.65683     0.299443  3.78489e-15 -3.12781e-15
        0.73    0.0790327     0.657448      0.29847 -2.12461e-14 -1.36499e-13
       0.731    0.0786041     0.658066     0.297498  9.12725e-15  2.47519e-13
       0.732    0.0781764     0.658685     0.296526 -1.69005e-14 -2.03347e-14
       0.733    0.0777498     0.659305     0.295554  1.33745e-14 -2.97981e-14
       0.734    0.0773242     0.659926     0.294582 -6.38413e-16 -1.02613e-13
       0.735    0.0768997     0.660548     0.293611  6.01554e-15  9.12067e-14
       0.736    0.0764761     0.661171     0.292639 -1.15469e-15 -6.45904e-14
       0.737    0.0760536     0.661794     0.291668  1.37611e-14  5.49713e-14
       0.738    0.0756321     0.662419     0.290697  4.77004e-15  4.13222e-14
       0.739    0.0752116     0.663044     0.289726 -9.82166e-15 -3.55263e-14
        0.74    0.0747921      0.66367     0.288756 -1.23069e-14 -1.08845e-13
       0.741    0.0743736     0.664297     0.287785  1.50639e-14  6.06436e-14
       0.742    0.0739562     0.664925     0.286815 -3.16331e-14 -1.55006e-14
       0.743    0.0735398     0.665555     0.285845  1.35714e-14   5.5821e-15
       0.744    0.0731243     0.666185     0.284875  1.66133e-14  4.12709e-14
       0.745    0.0727099     0.666816     0.283905 -1.25888e-14 -1.42603e-13
       0.746    0.0722965     0.667448     0.282936  3.28637e-15  5.79513e-14
       0.747    0.0718841      0.66808     0.281966  3.82155e-15  2.17053e-13
       0.748    0.0714728     0.668714     0.280997 -3.15723e-14 -1.43056e-13
       0.749    0.0710624     0.669349     0.280028  4.78061e-14 -9.83058e-14
        0.75     0.070653     0.669985     0.279059 -1.39391e-14  6.62821e-14
       0.751    0.0702447     0.670622      0.27809 -1.18443e-14  8.28491e-14
       0.752    0.0698373      0.67126     0.277121  9.33877e-16 -9.14962e-14
       0.753     0.069431     0.671899     0.276153  3.87851e-15  1.11619e-14
       0.754    0.0690257     0.672539     0.275184  3.03007e-14  1.98585e-13
       0.755    0.0686213      0.67318     0.274216 -2.51342e-14 -6.02749e-14
       0.756     0.068218     0.673822     0.273248  -1.8864e-15 -1.19256e-13
       0.757    0.0678157     0.674465      0.27228  2.40441e-14   7.9016e-14
       0.758    0.0674144     0.675109     0.271312 -3.49376e-14 -1.81128e-13
       0.759     0.067014     0.675754     0.270344  2.45719e-14  2.01354e-14
        0.76    0.0666147     0.676401     0.269376 -8.98241e-15  1.74942e-14
       0.761    0.0662164     0.677048     0.268409 -8.59568e-15  6.38744e-14
       0.762    0.0658191     0.677696     0.267441  6.01846e-15    8.745e-15
       0.763    0.0654228     0.678346     0.266474  1.64554e-15 -1.43044e-13
       0.764    0.0650274     0.678997     0.265506 -1.85591e-14  2.31995e-13
       0.765    0.0646331     0.679649     0.264539  -1.5574e-14    6.848e-15
       0.766    0.0642398     0.680302     0.263572  1.27119e-14 -1.43522e-13
       0.767    0.0638475     0.680956     0.262605  1.49607e-14  1.29041e-13
       0.768    0.0634561     0.681611     0.261638 -7.08275e-15 -3.12504e-14
       0.769    0.0630658     0.682267     0.260671  1.67078e-14  4.73535e-14
        0.77    0.0626764     0.682925     0.259705 -7.39817e-15  2.28813e-14
       0.771    0.0622881     0.683584     0.258738           -0  -3.2079e-14
       0.772    0.0619007     0.684244     0.257771 -1.68366e-15 -1.22803e-13
       0.773    0.0615143     0.684905     0.256805  9.70595e-15  1.83689e-13
       0.774    0.0611289     0.685568     0.255838 -4.08983e-15 -1.11193e-13
       0.775    0.0607446     0.686231     0.254872  3.25203e-15 -9.59566e-14
       0.776    0.0603612     0.686896     0.253905  1.41759e-16  3.34402e-14
       0.777    0.0599787     0.687562     0.252939 -1.79079e-14  1.14642e-13
       0.778    0.0595973      0.68823     0.251972  2.80716e-14 -4.74898e-14
       0.779    0.0592169     0.688898     0.251006 -3.85739e-15 -1.02595e-15
        0.78    0.0588374     0.689568      0.25004  1.86211e-15  3.23633e-14
       0.781     0.058459      0.69024     0.249074 -7.03706e-15 -6.26666e-14
       0.782    0.0580815     0.690912     0.248107 -1.06552e-14  4.66486e-14
       0.783     0.057705     0.691586     0.247141  -4.4754e-15 -4.47834e-14
       0.784    0.0573295     0.692261     0.246175  5.35565e-15   6.8869e-14
       0.785     0.056955     0.692938     0.245209  5.66003e-15 -1.26507e-13
       0.786    0.0565815     0.693616     0.244243 -1.28051e-14    8.896e-14
       0.787    0.0562089     0.694295     0.243277  1.18177e-14 -1.27719e-13
       0.788    0.0558374     0.694976      0.24231 -8.19194e-15  1.06964e-13
       0.789    0.0554668     0.695658     0.241344  1.59874e-14 -4.36233e-14
        0.79    0.0550972     0.696341     0.240378 -6.02964e-15  2.33619e-14
       0.791    0.0547286     0.697026     0.239412  8.55251e-15 -2.06585e-14
       0.792    0.0543609     0.697712     0.238446  1.03496e-15  1.50523e-13
       0.793    0.0539943       0.6984     0.237479 -1.80863e-14 -1.16479e-13
       0.794    0.0536286     0.699089     0.236513           -0  1.03975e-13
       0.795    0.0532639     0.699779     0.235547  8.34665e-15 -1.88487e-13
       0.796    0.0529002     0.700471      0.23458  7.17359e-15  2.10299e-13
       0.797    0.0525375     0.701165     0.233614 -4.64548e-15 -5.81404e-14
       0.798    0.0521757      0.70186     0.232647 -8.26435e-15            0
       0.799     0.051815     0.702557     0.231681 -1.25056e-14 -1.27103e-13
         0.8    0.0514552     0.703255     0.230714  5.89213e-15  4.69409e-14
       0.801    0.0510963     0.703954     0.229748  5.15076e-15  2.48329e-14
       0.802    0.0507385     0.704656     0.228781  8.65874e-15  8.45752e-14
       0.803    0.0503816     0.705358     0.227814 -1.06627e-14 -2.10441e-13
       0.804    0.0500258     0.706063     0.226847  7.33171e-15  9.58109e-14
       0.805    0.0496709     0.706769      0.22588  1.99115e-15 -9.68387e-14
       0.806    0.0493169     0.707476     0.224913 -1.32086e-14  1.21347e-13
       0.807     0.048964     0.708186     0.223946  4.00438e-15 -1.00484e-13
       0.808     0.048612     0.708896     0.222979 -6.64102e-15  1.50278e-13
       0.809     0.048261     0.709609     0.222011  1.73457e-14 -2.37345e-13
        0.81    0.0479109     0.710323     0.221044  1.55305e-15  8.91435e-14
       0.811    0.0475619     0.711039     0.220076  4.20498e-15 -4.59758e-14
       0.812    0.0472138     0.711757     0.219108 -7.80885e-15  4.05992e-14
       0.813    0.0468667     0.712476      0.21814  8.30068e-15  1.26213e-13
       0.814    0.0465206     0.713197     0.217172 -1.02088e-14 -6.23333e-14
       0.815    0.0461754      0.71392     0.216204  4.88258e-15  6.22518e-14
       0.816    0.0458312     0.714645     0.215236 -6.31797e-16 -5.78675e-14
       0.817     0.045488     0.715371     0.214267 -6.65273e-15  5.04062e-14
       0.818    0.0451458       0.7161     0.213298   -9.531e-16 -4.63035e-14
       0.819    0.0448045      0.71683     0.212329  1.29036e-14 -4.43575e-15
        0.82    0.0444642     0.717562      0.21136  4.15378e-15  3.82037e-14
       0.821    0.0441249     0.718295     0.210391   -1.458e-14  -6.2489e-14
       0.822    0.0437865     0.719031     0.209422 -8.03408e-15 -5.72555e-14
       0.823    0.0434492     0.719769     0.208452  1.17636e-14  1.63019e-13
       0.824    0.0431128     0.720508     0.207482 -8.40387e-15 -8.68781e-14
       0.825    0.0427773      0.72125     0.206512  1.94499e-15  4.67061e-14
       0.826    0.0424429     0.721993     0.205542 -7.64007e-15  3.11778e-14
       0.827    0.0421094     0.722739     0.204571  3.09757e-15 -8.30579e-14
       0.828    0.0417769     0.723486       0.2036   8.6659e-15 -1.86779e-14
       0.829    0.0414453     0.724236     0.202629 -6.55952e-16  2.57667e-15
        0.83    0.0411148     0.724987     0.201658  1.97366e-15  8.42563e-15
       0.831    0.0407851     0.725741     0.200687  4.94873e-16   6.8174e-14
       0.832    0.0404565     0.726497     0.199715 -2.31625e-15  -1.3206e-13
       0.833    0.0401289     0.727255     0.198743  2.82096e-15  1.45678e-13
       0.834    0.0398022     0.728015      0.19777 -1.01525e-14 -6.64648e-14
       0.835    0.0394765     0.728777     0.196798  1.68601e-14  3.28902e-14
       0.836    0.0391517     0.729541     0.195825 -7.03216e-15 -1.38737e-14
       0.837    0.0388279     0.730308     0.194851 -1.46105e-14  -1.0619e-14
       0.838    0.0385051     0.731076     0.193878 -2.86354e-15 -9.33325e-14
       0.839    0.0381833     0.731847     0.192904  1.36852e-14  1.78193e-13
        0.84    0.0378624     0.732621      0.19193    1.271e-14 -6.78142e-14
       0.841    0.0375426     0.733396     0.190955 -9.34907e-15  -9.6782e-14
       0.842    0.0372236     0.734174      0.18998  8.52513e-15  9.36995e-14
       0.843    0.0369057     0.734955     0.189005 -1.07746e-14   1.8884e-15
       0.844    0.0365887     0.735737     0.188029 -9.77845e-15  -1.4756e-13
       0.845    0.0362727     0.736522     0.187053  8.77615e-15  2.18832e-13
       0.846    0.0359577      0.73731     0.186077  8.63071e-16 -1.80844e-14
       0.847    0.0356437       0.7381       0.1851   1.0389e-15 -3.53065e-15
       0.848    0.0353306     0.738892     0.184123  2.43166e-15 -6.92368e-14
       0.849    0.0350185     0.739687     0.183145  7.49204e-15  6.65402e-15
        0.85    0.0347073     0.740485     0.182167 -8.38945e-15 -4.66603e-14
       0.851    0.0343972     0.741285     0.181189 -1.45524e-14  1.13556e-13
       0.852     0.034088     0.742088      0.18021  1.61814e-14  2.04605e-14
       0.853    0.0337798     0.742893      0.17923 -1.21745e-14 -9.06766e-14
       0.854    0.0334725     0.743701      0.17825  2.83206e-15 -4.03142e-14
       0.855    0.0331663     0.744512      0.17727   7.4579e-15  5.65159e-14
       0.856     0.032861     0.745325     0.176289  2.04859e-14  8.23033e-14
       0.857    0.0325567     0.746142     0.175308 -1.67988e-14 -1.79454e-13
       0.858    0.0322533     0.746961     0.174326  1.07573e-15 -2.39093e-14
       0.859     0.031951     0.747782     0.173343 -3.05776e-15  1.52252e-13
        0.86    0.0316496     0.748607      0.17236 -3.24816e-15 -5.85515e-14
       0.861    0.0313492     0.749435     0.171377   5.6123e-15  2.05473e-14
       0.862    0.0310497     0.750265     0.170393           -0 -4.92162e-14
       0.863    0.0307513     0.751099     0.169408 -8.92937e-15  2.33888e-14
       0.864    0.0304538     0.751936     0.168423 -5.66784e-15  2.27938e-14
       0.865    0.0301573     0.752775     0.167437  6.42037e-15  1.68812e-14
       0.866    0.0298618     0.753618     0.166451  2.57669e-15  3.50754e-14
       0.867    0.0295672     0.754464     0.165464 -3.13928e-15 -1.13319e-13
       0.868    0.0292737     0.755313     0.164476  1.37109e-14 -5.18396e-14
       0.869    0.0289811     0.756165     0.163488 -7.43624e-15  1.00235e-13
        0.87    0.0286895     0.757021     0.162499  4.10375e-15 -1.27229e-13
       0.871    0.0283989     0.757879     0.161509           -0  1.26308e-13
       0.872    0.0281092     0.758742     0.160519  3.00487e-15  4.05322e-14
       0.873    0.0278206     0.759607     0.159528 -1.13068e-14  -2.5792e-14
       0.874    0.0275329     0.760476     0.158536  1.51275e-15  3.93115e-14
       0.875    0.0272462     0.761348     0.157544  8.72831e-15 -6.63969e-14
       0.876    0.0269605     0.762224      0.15655 -5.71209e-15  3.05718e-14
       0.877    0.0266758     0.763104     0.155556 -9.55326e-16 -7.50259e-14
       0.878    0.0263921     0.763987     0.154561  1.91733e-16  4.28184e-14
       0.879    0.0261094     0.764874     0.153566 -1.92405e-15  3.06864e-14
        0.88    0.0258276     0.765764     0.152569  4.05475e-15 -3.10416e-14
       0.881    0.0255468     0.766658     0.151572 -1.43387e-14 -5.34171e-14
       0.882    0.0252671     0.767557     0.150574  1.14729e-14  1.17345e-13
       0.883    0.0249883     0.768459     0.149575 -3.70784e-15 -5.01319e-14
       0.884    0.0247105     0.769365     0.148575  7.83399e-16 -1.28203e-14
       0.885    0.0244337     0.770274     0.147574  1.37589e-15  3.51189e-14
       0.886    0.0241579     0.771188     0.146573 -6.31255e-15  1.57095e-14
       0.887    0.0238831     0.772106      0.14557  1.38589e-15 -7.44404e-14
       0.888    0.0236093     0.773029     0.144566  1.23199e-14 -5.90892e-15
       0.889    0.0233365     0.773955     0.143562  -1.4559e-14   2.5297e-14
        0.89    0.0230647     0.774886     0.142556  6.60575e-15  2.11058e-14
       0.891    0.0227939     0.775821     0.141549  1.80825e-15  2.46853e-14
       0.892     0.022524     0.776761     0.140542 -2.62165e-15            0
       0.893    0.0222552     0.777705     0.139533 -6.07262e-16 -3.32052e-14
       0.894    0.0219874     0.778653     0.138523  1.62546e-15  6.60556e-14
       0.895    0.0217206     0.779607     0.137512  1.42766e-15  3.65963e-14
       0.896    0.0214548     0.780565       0.1365 -5.73235e-15 -4.89731e-14
       0.897      0.02119     0.781528     0.135486  1.02755e-15 -1.36353e-13
       0.898    0.0209262     0.782495     0.134472 -6.18897e-16  1.26049e-13
       0.899    0.0206635     0.783468     0.133456  1.22187e-14 -1.57584e-15
         0.9    0.0204017     0.784446     0.132439 -1.30977e-14 -2.79083e-14
       0.901    0.0201409     0.785428     0.131421  2.08712e-16   -5.682e-14
       0.902    0.0198812     0.786416     0.130402  4.19064e-16  4.38241e-15
       0.903    0.0196225      0.78741     0.129381  5.04863e-15  1.05765e-15
       0.904    0.0193648     0.788408     0.128359  6.33584e-16  2.72816e-14
       0.905    0.0191081     0.789412     0.127335 -3.81669e-15  9.72686e-14
       0.906    0.0188524     0.790422      0.12631  3.40624e-15 -5.85109e-14
       0.907    0.0185978     0.791437     0.125284  7.05375e-15 -5.51905e-14
       0.908    0.0183442     0.792459     0.124256 -9.44322e-15 -3.16012e-15
       0.909    0.0180916     0.793486     0.123226  2.58595e-15 -3.08917e-14
        0.91      0.01784     0.794519     0.122195 -1.73106e-15  8.43523e-14
       0.911    0.0175895     0.795558     0.121163 -1.12984e-14 -9.24437e-15
       0.912      0.01734     0.796603     0.120129  1.13455e-14  3.55708e-14
       0.913    0.0170916     0.797654     0.119093 -1.09548e-15 -1.03845e-14
       0.914    0.0168441     0.798713     0.118055 -6.60061e-15 -5.74751e-14
       0.915    0.0165977     0.799777     0.117016  1.54668e-14   3.8688e-14
       0.916    0.0163524     0.800848     0.115975 -1.10949e-15 -3.16021e-14
       0.917    0.0161081     0.801927     0.114933 -1.22568e-15  7.34929e-14
       0.918    0.0158648     0.803012     0.113888 -7.05021e-15 -8.97898e-14
       0.919    0.0156226     0.804104     0.112842  5.61978e-16 -8.81448e-15
        0.92    0.0153815     0.805203     0.111793  1.69333e-15  -3.6555e-14
       0.921    0.0151414      0.80631     0.110743  1.92759e-15  4.44598e-14
       0.922    0.0149023     0.807424     0.109691  9.11136e-16  2.53065e-14
       0.923    0.0146643     0.808546     0.108636 -1.37283e-15  7.89393e-16
       0.924    0.0144274     0.809676      0.10758  2.41329e-15 -1.95429e-15
       0.925    0.0141915     0.810814     0.106521  1.15441e-15  1.41259e-14
       0.926    0.0139567      0.81196      0.10546  1.50761e-15 -4.96188e-14
       0.927     0.013723     0.813115     0.104397  -1.0602e-14  6.69454e-14
       0.928    0.0134904     0.814278     0.103331  9.94898e-15   4.2235e-14
       0.929    0.0132588      0.81545     0.102263 -7.29091e-15 -2.87945e-14
        0.93    0.0130283     0.816631     0.101193  4.72604e-16 -3.06991e-14
       0.931    0.0127989     0.817821      0.10012  8.30994e-16  4.72882e-15
       0.932    0.0125706      0.81902    0.0990444 -2.38567e-16 -3.05871e-15
       0.933    0.0123433      0.82023    0.0979663  3.59582e-16  2.47372e-14
       0.934    0.0121172     0.821449    0.0968854  1.44535e-15  -9.3281e-15
       0.935    0.0118922     0.822678    0.0958017  6.05194e-16 -8.85829e-14
       0.936    0.0116682     0.823917    0.0947152 -4.86559e-16  1.97868e-14
       0.937    0.0114454     0.825168    0.0936258  1.34474e-15  5.10241e-14
       0.938    0.0112237     0.826429    0.0925333  6.14335e-16  -4.9084e-14
       0.939    0.0110031     0.827701    0.0914377  -9.8795e-16  6.97643e-15
        0.94    0.0107836     0.828985    0.0903389  2.35846e-15 -4.97252e-14
       0.941    0.0105652      0.83028    0.0892368 -3.49369e-15  8.10537e-14
       0.942     0.010348     0.831588    0.0881314  1.25429e-15 -4.80298e-15
       0.943    0.0101319     0.832908    0.0870224 -1.89141e-15 -1.54923e-14
       0.944   0.00991693     0.834241    0.0859099  3.67629e-15  2.73112e-14
       0.945   0.00970311     0.835588    0.0847937 -3.82362e-16  3.38879e-15
       0.946   0.00949045     0.836948    0.0836737   8.9705e-16 -7.46327e-14
       0.947   0.00927894     0.838322    0.0825498 -3.35029e-15    7.468e-14
       0.948   0.00906859      0.83971    0.0814218  3.10983e-15 -1.04129e-13
       0.949    0.0088594     0.841113    0.0802897 -2.60614e-16  1.20475e-13
        0.95    0.0086514     0.842532    0.0791533 -1.96576e-15 -9.33195e-14
       0.951   0.00844457     0.843966    0.0780124 -1.84529e-15  4.81838e-14
       0.952   0.00823892     0.845417    0.0768669 -3.18182e-15 -5.44581e-14
       0.953   0.00803447     0.846885    0.0757167 -1.06687e-15  6.34091e-14
       0.954   0.00783123     0.848371    0.0745615  4.42716e-15 -1.73374e-14
       0.955   0.00762919     0.849874    0.0734013 -4.04906e-16  1.20007e-14
       0.956   0.00742836     0.851397    0.0722359 -2.30853e-15 -3.41181e-15
       0.957   0.00722876     0.852939    0.0710649 -1.09312e-15 -8.52036e-15
       0.958   0.00703039     0.854501    0.0698883  4.67499e-15  2.28526e-14
       0.959   0.00683326     0.856084    0.0687059 -6.91886e-16 -8.83662e-14
        0.96   0.00663738      0.85769    0.0675173  1.94982e-15  7.13834e-14
       0.961   0.00644277     0.859318    0.0663224  -1.1215e-15  -3.5301e-14
       0.962   0.00624942     0.860969     0.065121  4.23364e-16  1.97559e-14
       0.963   0.00605735     0.862646    0.0639126 -1.56283e-15 -7.67444e-14
       0.964   0.00586657     0.864348    0.0626971  2.86104e-16  5.78589e-14
       0.965   0.00567709     0.866077    0.0614742  1.44051e-15  5.14816e-14
       0.966   0.00548893     0.867835    0.0602434 -5.65786e-15 -4.35564e-14
       0.967   0.00530209     0.869622    0.0590045  5.99095e-15 -1.07188e-15
       0.968   0.00511659      0.87144    0.0577571 -5.59338e-15 -2.60205e-14
       0.969   0.00493245     0.873291    0.0565008  6.22841e-15  6.19941e-14
        0.97   0.00474967     0.875176    0.0552351 -5.67818e-15 -6.76292e-14
       0.971   0.00456828     0.877097    0.0539596  5.27055e-15  2.47018e-14
       0.972   0.00438828     0.879056    0.0526737 -5.31233e-15  2.10511e-15
       0.973    0.0042097     0.881056    0.0513769 -1.07107e-15  -1.3813e-14
       0.974   0.00403255     0.883099    0.0500686  2.15985e-15 -1.92823e-14
       0.975   0.00385686     0.885187    0.0487481  2.17811e-15   2.8692e-14
       0.976   0.00368264     0.887324    0.0474147 -1.25541e-15 -1.60208e-14
       0.977   0.00350992     0.889512    0.0460676 -2.05813e-15 -3.12987e-14
       0.978   0.00333871     0.891756    0.0447058  4.79274e-16   2.1765e-14
       0.979   0.00316905      0.89406    0.0433286  -1.6125e-16 -4.34482e-14
        0.98   0.00300095     0.896428    0.0419346 -1.95359e-15  3.53468e-14
       0.981   0.00283446     0.898865    0.0405228  1.64409e-16 -9.56977e-15
       0.982    0.0026696     0.901377    0.0390917  2.49128e-15 -3.03939e-14
       0.983    0.0025064     0.903972    0.0376398 -2.34969e-15  5.37438e-14
       0.984    0.0023449     0.906657    0.0361653  6.78662e-16  -5.8471e-14
       0.985   0.00218514     0.909441    0.0346661 -3.26011e-15 -1.98999e-14
       0.986   0.00202717     0.912335    0.0331399  1.21522e-15  1.45689e-14
       0.987   0.00187104     0.915352     0.031584 -5.27197e-16  2.23764e-14
       0.988    0.0017168     0.918507     0.029995 -7.11951e-16 -4.05397e-14
       0.989   0.00156452      0.92182    0.0283691           -0  -1.6079e-14
        0.99   0.00141426     0.925314    0.0267014  1.82953e-16 -1.45517e-14
       0.991    0.0012661     0.929019    0.0249861 -3.71426e-16 -1.72481e-14
       0.992   0.00112015     0.932974    0.0232158 -7.54819e-16  2.69912e-15
       0.993  0.000976513      0.93723    0.0213808 -5.75936e-16 -7.72145e-14
       0.994  0.000835325     0.941861    0.0194684 -1.17362e-15 -7.07325e-15
       0.995  0.000696754      0.94697    0.0174608 -1.59746e-15 -5.24003e-14
       0.996  0.000561013     0.952723    0.0153321 -8.17494e-16 -8.56734e-14
       0.997  0.000428388     0.959399    0.0130413 -2.09951e-15 -1.13336e-13
       0.998  0.000299286      0.96755    0.0105164 -3.03745e-15 -2.39643e-13
       0.999  0.000174355     0.978602   0.00760463 -6.12406e-15 -6.28618e-13
           1  5.48534e-05            1   0.00379961 -7.60501e-12 -4.91199e-08