       0.001            1     0.051711      1.72648 -6.10118e-15 -1.60737e-14
       0.002     0.982372    0.0652738      1.70726 -6.93282e-15 -1.62824e-14
       0.003     0.973114    0.0748162      1.69711 -2.41468e-14 -1.77271e-14
       0.004     0.965068    0.0824349      1.68826 -7.38802e-15 -1.66762e-14
       0.005     0.957789    0.0888863      1.68023 -1.17263e-14 -1.25908e-14
       0.006     0.951058    0.0945402      1.67279 -7.28354e-15 -1.78529e-14
       0.007     0.944746    0.0996085      1.66579 -2.01769e-14 -1.72108e-14
       0.008     0.938771     0.104225      1.65915 -5.78545e-15 -1.43165e-14
       0.009     0.933074     0.108481       1.6528  3.33541e-15 -1.74519e-14
        0.01     0.927613     0.112441      1.64671 -1.33642e-14 -1.40222e-14
       0.011     0.922356     0.116154      1.64082  4.27001e-15  -1.4531e-14
       0.012     0.917278     0.119654      1.63513 -2.83862e-14 -2.04213e-14
       0.013     0.912358     0.122972       1.6296 -2.56008e-14 -1.55417e-14
       0.014     0.907581      0.12613      1.62422           -0 -1.36464e-14
       0.015     0.902933     0.129147      1.61898  1.99082e-14  -2.6837e-14
       0.016     0.898402     0.132038      1.61386 -2.50981e-14 -6.59641e-15
       0.017     0.893978     0.134816      1.60885 -7.22067e-15 -1.36999e-14
       0.018     0.889654     0.137493      1.60395 -2.41813e-14 -1.42044e-14
       0.019     0.885421     0.140076      1.59914    -9.83e-15 -2.92315e-14
        0.02     0.881274     0.142575      1.59442 -5.54458e-15  -6.1549e-15
       0.021     0.877207     0.144996      1.58978   1.0428e-14  -2.5631e-14
       0.022     0.873214     0.147346      1.58522 -3.31718e-14 -9.71904e-15
       0.023     0.869292     0.149629      1.58074 -1.16974e-14 -1.95625e-14
       0.024     0.865436      0.15185      1.57632 -2.96125e-14 -1.34228e-14
       0.025     0.861643     0.154015      1.57197  8.94382e-15  -1.5349e-14
       0.026     0.857909     0.156126      1.56767  -8.1376e-15 -2.38506e-14
       0.027     0.854232     0.158187      1.56344 -2.99211e-14 -1.42007e-15
       0.028     0.850609       0.1602      1.55926   4.4918e-15 -2.79714e-14
       0.029     0.847036      0.16217      1.55513  1.18162e-14 -9.18142e-15
        0.03     0.843513     0.164098      1.55106 -1.89607e-14 -2.65916e-14
       0.031     0.840036     0.165986      1.54703  7.07679e-15 -1.77402e-14
       0.032     0.836605     0.167837      1.54305 -3.04581e-14  -8.0589e-15
       0.033     0.833216     0.169653      1.53911  5.18221e-15 -2.53382e-14
       0.034     0.829868     0.171435      1.53521 -2.93691e-14 -3.48608e-15
       0.035     0.826561     0.173185      1.53136  3.58148e-15 -2.71231e-14
       0.036     0.823291     0.174905      1.52754  -2.9784e-14 -8.15135e-15
       0.037     0.820059     0.176596      1.52376  1.28874e-14 -2.23175e-14
       0.038     0.816862     0.178259      1.52002 -2.31756e-14 -1.79482e-14
       0.039     0.813699     0.179895      1.51631 -1.02558e-14 -5.68121e-15
        0.04      0.81057     0.181507      1.51264 -3.59886e-14 -1.01327e-14
       0.041     0.807473     0.183093      1.50899 -1.10338e-14 -2.19299e-14
       0.042     0.804407     0.184657      1.50538 -2.85736e-15 -3.26452e-14
       0.043     0.801372     0.186198      1.50181  -1.4282e-14 -1.15948e-14
       0.044     0.798366     0.187717      1.49826    2.039e-14 -7.82497e-15
       0.045     0.795388     0.189216      1.49474 -1.92582e-14 -1.84982e-14
       0.046     0.792438     0.190695      1.49124 -6.52794e-15  -3.1492e-14
       0.047     0.789515     0.192155      1.48778 -7.78454e-15  1.46959e-14
       0.048     0.786618     0.193596      1.48434 -1.88789e-14 -3.11776e-14
       0.049     0.783746     0.195019      1.48092 -6.55095e-15 -8.91143e-15
        0.05       0.7809     0.196425      1.47753  -2.2587e-14 -3.55641e-14
       0.051     0.778077     0.197814      1.47417  4.64842e-16 -2.20933e-14
       0.052     0.775278     0.199188      1.47083  2.32784e-14 -2.50491e-15
       0.053     0.772502     0.200545      1.46751 -5.00865e-14 -1.03303e-14
       0.054     0.769749     0.201887      1.46421  -6.0332e-15 -1.62918e-14
       0.055     0.767017     0.203215      1.46094 -8.80126e-15 -1.26062e-14
       0.056     0.764307     0.204528      1.45769 -2.14487e-14 -3.54175e-14
       0.057     0.761618     0.205828      1.45446  2.97383e-14  3.30271e-16
       0.058     0.758949     0.207114      1.45125 -3.25827e-14  -1.5818e-14
       0.059     0.756301     0.208388      1.44806  4.78361e-15 -8.71365e-15
        0.06     0.753671     0.209648      1.44488  -8.6405e-15 -3.96997e-14
       0.061     0.751062     0.210897      1.44173 -5.94154e-14 -9.00297e-15
       0.062      0.74847     0.212133       1.4386 -1.92162e-14 -1.01267e-14
       0.063     0.745898     0.213358      1.43548  8.65737e-15 -2.37952e-14
       0.064     0.743343     0.214571      1.43238  3.43578e-14  1.95155e-15
       0.065     0.740806     0.215774       1.4293 -1.01544e-14 -3.21313e-14
       0.066     0.738286     0.216966      1.42624 -2.02735e-14 -6.80113e-15
       0.067     0.735783     0.218147      1.42319 -1.27341e-14 -8.88722e-15
       0.068     0.733297     0.219318      1.42017  3.86309e-15 -5.44997e-14
       0.069     0.730827     0.220479      1.41715 -2.98698e-14  6.43599e-16
        0.07     0.728373     0.221631      1.41415 -4.83855e-14 -2.76162e-14
       0.071     0.725935     0.222773      1.41117  1.61123e-15 -2.09889e-14
       0.072     0.723513     0.223906      1.40821 -2.88252e-15  1.69477e-14
       0.073     0.721106      0.22503      1.40525  6.34495e-15 -3.89299e-14
       0.074     0.718713     0.226145      1.40232 -2.59016e-14 -7.64234e-15
       0.075     0.716336     0.227252      1.39939 -1.92698e-14 -2.79635e-14
       0.076     0.713973      0.22835      1.39649   2.2156e-15  3.96383e-15
       0.077     0.711624      0.22944      1.39359   2.2846e-14 -3.67081e-14
       0.078     0.709289     0.230521      1.39071 -5.41839e-14 -2.06846e-14
       0.079     0.706968     0.231595      1.38784  6.76577e-15 -1.43391e-14
        0.08      0.70466     0.232662      1.38499  7.75025e-15 -1.35233e-14
       0.081     0.702366     0.233721      1.38215 -5.19023e-14 -1.23971e-14
       0.082     0.700085     0.234772      1.37932   8.9865e-15  4.54153e-15
       0.083     0.697817     0.235816       1.3765  2.55735e-14  -4.7198e-14
       0.084     0.695561     0.236853       1.3737 -4.09917e-14 -1.62205e-14
       0.085     0.693318     0.237884      1.37091  -4.6274e-14   2.1791e-15
       0.086     0.691088     0.238907      1.36813 -2.50235e-14 -3.37075e-14
       0.087      0.68887     0.239924      1.36537  4.52089e-14 -2.40281e-14
       0.088     0.686663     0.240934      1.36261 -1.44263e-14 -1.93384e-14
       0.089     0.684469     0.241938      1.35987 -2.18545e-14 -4.01429e-15
        0.09     0.682286     0.242936      1.35713   1.5579e-14  1.04778e-14
       0.091     0.680115     0.243927      1.35441 -4.37701e-14 -3.62913e-14
       0.092     0.677955     0.244913       1.3517  8.67854e-15 -1.53469e-16
       0.093     0.675806     0.245892        1.349  1.01435e-15  -3.2011e-14
       0.094     0.673668     0.246866      1.34632 -3.44607e-14 -2.90429e-15
       0.095     0.671541     0.247834      1.34364  -1.5166e-14 -2.07472e-14
       0.096     0.669425     0.248796      1.34097 -2.71894e-14 -4.49139e-14
       0.097      0.66732     0.249753      1.33831  1.73889e-14  3.03897e-16
       0.098     0.665225     0.250705      1.33567  2.45486e-14 -3.66989e-14
       0.099      0.66314     0.251651      1.33303 -2.29971e-14 -3.48102e-15
         0.1     0.661066     0.252592       1.3304 -3.44543e-14 -2.56786e-15
       0.101     0.659001     0.253528      1.32779 -1.01331e-14 -4.61305e-14
       0.102     0.656947     0.254459      1.32518 -1.25153e-14  3.11447e-14
       0.103     0.654903     0.255384      1.32258   2.3019e-14  -4.7151e-14
       0.104     0.652868     0.256305      1.31999 -3.66198e-14  4.04645e-14
       0.105     0.650843     0.257222      1.31741  1.85038e-14 -4.59197e-14
       0.106     0.648827     0.258133      1.31484 -6.37696e-14 -6.29977e-14
       0.107     0.646821      0.25904      1.31228 -1.21617e-14  1.54953e-14
       0.108     0.644824     0.259942      1.30973 -6.54528e-16 -3.50939e-14
       0.109     0.642836      0.26084      1.30718 -7.23282e-15 -2.95345e-14
        0.11     0.640858     0.261734      1.30465 -1.56324e-14  1.45164e-14
       0.111     0.638888     0.262623      1.30212   -2.455e-14  -2.2176e-15
       0.112     0.636927     0.263508      1.29961  4.06563e-14 -3.80689e-14
       0.113     0.634975     0.264388       1.2971 -2.43242e-14 -8.45324e-14
       0.114     0.633032     0.265265       1.2946  -5.6037e-15 -4.40955e-15
       0.115     0.631097     0.266137       1.2921 -2.03748e-14  1.05625e-14
       0.116      0.62917     0.267005      1.28962 -2.72478e-14  3.80692e-14
       0.117     0.627253      0.26787      1.28714 -1.39671e-14 -8.88524e-14
       0.118     0.625343      0.26873      1.28467   2.2809e-15  1.76489e-14
       0.119     0.623442     0.269587      1.28221  1.08809e-14 -3.79961e-14
        0.12     0.621548      0.27044      1.27976 -6.75199e-14  5.97185e-14
       0.121     0.619663     0.271289      1.27731  5.44072e-14 -7.71522e-14
       0.122     0.617786     0.272134      1.27488 -5.73051e-14 -2.30146e-14
       0.123     0.615917     0.272976      1.27245  8.85321e-15  1.87811e-14
       0.124     0.614055     0.273815      1.27002 -2.85422e-14 -7.25302e-14
       0.125     0.612202     0.274649      1.26761  1.15113e-14  5.52656e-14
       0.126     0.610356     0.275481       1.2652  3.07841e-14 -4.56799e-14
       0.127     0.608517     0.276309       1.2628 -7.05849e-14 -3.82811e-14
       0.128     0.606686     0.277133      1.26041   6.4095e-14 -1.43103e-15
       0.129     0.604863     0.277954      1.25802 -5.12216e-14 -3.01376e-14
        0.13     0.603047     0.278772      1.25564 -3.50049e-14 -4.07728e-14
       0.131     0.601238     0.279587      1.25327  2.88868e-14 -2.37629e-14
       0.132     0.599436     0.280398       1.2509 -3.41984e-14  5.14127e-14
       0.133     0.597642     0.281207      1.24854 -1.52867e-14  2.11217e-14
       0.134     0.595854     0.282012      1.24619 -4.93301e-14   -3.325e-14
       0.135     0.594074     0.282814      1.24384  7.08012e-14 -6.67984e-14
       0.136     0.592301     0.283613      1.24151 -2.55342e-14  -3.6367e-14
       0.137     0.590535     0.284409      1.23917 -3.19188e-14  4.12229e-14
       0.138     0.588775     0.285202      1.23685 -5.02287e-14  2.97708e-14
       0.139     0.587022     0.285993      1.23453 -9.43867e-15 -1.23906e-13
        0.14     0.585276      0.28678      1.23221  -1.6581e-14  3.39963e-14
       0.141     0.583537     0.287565      1.22991  1.83964e-14 -7.81987e-14
       0.142     0.581804     0.288346      1.22761  1.26877e-14  4.64133e-14
       0.143     0.580078     0.289125      1.22531 -1.55098e-14 -5.00828e-14
       0.144     0.578359     0.289902      1.22302 -5.06283e-15  -2.3606e-14
       0.145     0.576645     0.290675      1.22074  1.25774e-14  1.78794e-14
       0.146     0.574939     0.291446      1.21847  -6.1974e-14 -8.03763e-14
       0.147     0.573238     0.292215       1.2162  3.64777e-14 -3.61779e-14
       0.148     0.571544      0.29298      1.21393 -6.59024e-14  1.09296e-13
       0.149     0.569856     0.293743      1.21167  4.08731e-14 -7.24994e-14
        0.15     0.568174     0.294504      1.20942 -7.37633e-14 -2.30688e-14
       0.151     0.566499     0.295262      1.20717  6.19532e-14 -2.71377e-14
       0.152     0.564829     0.296018      1.20493 -4.96643e-14   4.5556e-14
       0.153     0.563166     0.296771       1.2027 -4.19943e-14 -1.16888e-13
       0.154     0.561508     0.297522      1.20047  5.25177e-14  6.40599e-14
       0.155     0.559856      0.29827      1.19824 -3.61035e-14 -7.10156e-14
       0.156     0.558211     0.299016      1.19602  1.57359e-14  1.80605e-14
       0.157     0.556571      0.29976      1.19381 -4.76409e-14  1.19277e-14
       0.158     0.554937     0.300501       1.1916 -1.01212e-14 -4.85696e-14
       0.159     0.553309      0.30124       1.1894 -7.88494e-15 -3.43005e-14
        0.16     0.551686     0.301977       1.1872  5.90093e-15  1.25356e-14
       0.161     0.550069     0.302712      1.18501  3.63368e-15 -8.18021e-14
       0.162     0.548458     0.303444      1.18282 -6.26627e-14  1.31609e-14
       0.163     0.546852     0.304174      1.18064  2.68324e-14 -7.64068e-15
       0.164     0.545252     0.304902      1.17847 -3.25004e-14  1.72602e-14
       0.165     0.543658     0.305628      1.17629 -6.14038e-15 -3.15186e-14
       0.166     0.542069     0.306352      1.17413 -3.72423e-14 -3.51932e-14
       0.167     0.540485     0.307074      1.17197  7.99596e-14  2.47495e-14
       0.168     0.538907     0.307794      1.16981 -6.78246e-14 -3.75873e-14
       0.169     0.537334     0.308511      1.16766 -1.92267e-14 -4.66657e-14
        0.17     0.535766     0.309227      1.16551  1.80425e-15 -3.67876e-14
       0.171     0.534204     0.309941      1.16337  3.50923e-14  -1.9945e-14
       0.172     0.532646     0.310653      1.16124 -6.41322e-14   5.4847e-14
       0.173     0.531095     0.311362       1.1591  4.50003e-14 -1.39498e-14
       0.174     0.529548      0.31207      1.15698   -5.162e-14 -4.41371e-14
       0.175     0.528006     0.312776      1.15486 -1.14307e-14 -3.72379e-14
       0.176      0.52647      0.31348      1.15274 -6.51295e-15 -3.52064e-14
       0.177     0.524938     0.314182      1.15063 -1.12221e-14  7.08064e-14
       0.178     0.523412     0.314883      1.14852 -4.87409e-14 -5.37247e-14
       0.179      0.52189     0.315581      1.14642   2.4879e-14 -7.92681e-14
        0.18     0.520373     0.316278      1.14432 -2.72552e-14  1.41616e-14
       0.181     0.518862     0.316973      1.14222  3.82811e-14  2.95682e-14
       0.182     0.517355     0.317666      1.14013 -2.97421e-14 -9.77331e-14
       0.183     0.515853     0.318358      1.13805  3.60663e-14  2.94601e-14
       0.184     0.514356     0.319047      1.13597 -6.27737e-14 -3.01801e-14
       0.185     0.512864     0.319735      1.13389 -2.59479e-14  -4.1454e-14
       0.186     0.511376     0.320422      1.13182  3.27577e-14 -4.03502e-14
       0.187     0.509894     0.321106      1.12975 -8.20081e-14  2.47559e-14
       0.188     0.508416     0.321789      1.12769 -4.37095e-14 -2.25341e-14
       0.189     0.506942      0.32247      1.12563  8.71046e-14 -8.30707e-15
        0.19     0.505473      0.32315      1.12358   4.7392e-15  8.41948e-15
       0.191     0.504009     0.323828      1.12153  -6.2843e-14 -2.10103e-14
       0.192      0.50255     0.324505      1.11948  2.69744e-14 -7.75327e-14
       0.193     0.501095     0.325179      1.11744 -6.15919e-14  1.18117e-13
       0.194     0.499644     0.325853       1.1154  5.09864e-15 -1.19928e-13
       0.195     0.498198     0.326524      1.11337  3.91105e-15 -2.88212e-14
       0.196     0.496757     0.327195      1.11134 -4.24001e-14  8.83248e-14
       0.197      0.49532     0.327863      1.10931  8.32454e-15 -7.61987e-14
       0.198     0.493887     0.328531      1.10729 -4.55461e-15 -7.16597e-15
       0.199     0.492459     0.329196      1.10527 -9.13713e-15 -8.53331e-14
         0.2     0.491035     0.329861      1.10326 -9.16505e-15 -1.55324e-14
       0.201     0.489615     0.330523      1.10125 -3.50865e-14  5.62649e-15
       0.202       0.4882     0.331185      1.09925 -6.14726e-15  5.07958e-14
       0.203     0.486789     0.331845      1.09724  1.23318e-15   -3.102e-14
       0.204     0.485382     0.332503      1.09525  4.63837e-16 -2.59894e-14
       0.205      0.48398      0.33316      1.09325  -2.7914e-14 -7.58404e-14
       0.206     0.482582     0.333816      1.09126  -1.9443e-14  2.73817e-14
       0.207     0.481187      0.33447      1.08928  1.74731e-14 -4.78617e-14
       0.208     0.479798     0.335123      1.08729 -3.92753e-14  5.86381e-14
       0.209     0.478412     0.335775      1.08532 -4.39436e-15 -4.07871e-14
        0.21      0.47703     0.336425      1.08334 -2.83334e-15  -2.1894e-14
       0.211     0.475652     0.337074      1.08137  2.88909e-14  -2.8484e-14
       0.212     0.474279     0.337722       1.0794 -4.73437e-14 -2.52459e-14
       0.213      0.47291     0.338368      1.07744 -1.25457e-14  3.66989e-16
       0.214     0.471544     0.339013      1.07548  1.13084e-14 -4.20049e-14
       0.215     0.470183     0.339657      1.07352 -3.08298e-14 -6.82557e-15
       0.216     0.468825     0.340299      1.07157  5.92766e-15  -6.5455e-14
       0.217     0.467472      0.34094      1.06962 -3.84011e-14 -2.44099e-14
       0.218     0.466122      0.34158      1.06768 -1.28913e-14  5.93985e-15
       0.219     0.464776     0.342219      1.06574  1.82618e-14  1.65771e-14
        0.22     0.463435     0.342857       1.0638 -4.84608e-14  2.43977e-14
       0.221     0.462097     0.343493      1.06186  2.47067e-14 -4.62955e-14
       0.222     0.460763     0.344128      1.05993 -1.66272e-14 -3.81484e-14
       0.223     0.459433     0.344762        1.058  7.35661e-15  1.24928e-14
       0.224     0.458106     0.345395      1.05608 -1.55751e-14 -4.38851e-14
       0.225     0.456784     0.346027      1.05416 -1.01939e-14 -7.30088e-15
       0.226     0.455465     0.346657      1.05224 -2.14352e-15 -1.82787e-14
       0.227      0.45415     0.347286      1.05033 -5.93624e-14 -3.82797e-14
       0.228     0.452838     0.347915      1.04842 -2.05622e-14  6.97543e-14
       0.229     0.451531     0.348542      1.04651  -7.6495e-15 -1.06461e-13
        0.23     0.450227     0.349168      1.04461  5.38645e-14 -2.87017e-14
       0.231     0.448926     0.349792      1.04271 -3.79619e-14  1.11283e-14
       0.232      0.44763     0.350416      1.04081 -1.96212e-14 -4.56139e-14
       0.233     0.446337     0.351039      1.03891  3.36347e-16   4.5177e-14
       0.234     0.445047     0.351661      1.03702  -4.2161e-15 -3.13191e-14
       0.235     0.443762     0.352281      1.03514 -2.09702e-14 -5.81757e-14
       0.236     0.442479     0.352901      1.03325 -3.52738e-14 -6.10026e-15
       0.237     0.441201     0.353519      1.03137  2.90798e-14 -1.17099e-14
       0.238     0.439926     0.354136      1.02949 -5.11586e-15  -2.2559e-14
       0.239     0.438654     0.354753      1.02762 -6.01922e-14            0
        0.24     0.437386     0.355368      1.02575  1.28605e-14 -8.47834e-14
       0.241     0.436121     0.355983      1.02388  -1.5647e-14  1.81348e-14
       0.242      0.43486     0.356596      1.02201 -3.10352e-14  3.81761e-14
       0.243     0.433603     0.357208      1.02015  4.49516e-15 -6.96111e-14
       0.244     0.432348      0.35782      1.01829  1.45626e-14  2.60132e-14
       0.245     0.431098      0.35843      1.01644 -3.84182e-14 -8.10134e-14
       0.246      0.42985      0.35904      1.01458 -8.36696e-15  4.49254e-15
       0.247     0.428606     0.359648      1.01274  3.89773e-14 -8.22131e-14
       0.248     0.427366     0.360256      1.01089 -4.66193e-14  4.80901e-14
       0.249     0.426128     0.360862      1.00904 -2.95235e-14  5.47617e-14
        0.25     0.424895     0.361468       1.0072  3.50659e-14 -5.39757e-14
       0.251     0.423664     0.362073      1.00537 -5.14156e-14 -1.05015e-14
       0.252     0.422437     0.362677      1.00353  5.49202e-15 -1.97113e-14
       0.253     0.421213      0.36328       1.0017  1.27899e-14 -1.79694e-14
       0.254     0.419992     0.363882     0.999871 -4.77347e-14 -7.02706e-14
       0.255     0.418775     0.364483     0.998045  2.50028e-15 -5.66577e-15
       0.256      0.41756     0.365083     0.996223   5.7302e-15  2.27348e-14
       0.257     0.416349     0.365683     0.994402 -4.68616e-14 -6.07412e-14
       0.258     0.415142     0.366281     0.992585 -6.12082e-15  5.52208e-15
       0.259     0.413937     0.366879     0.990771 -3.14074e-14 -4.56708e-14
        0.26     0.412736     0.367476      0.98896  7.05827e-15  3.52571e-14
       0.261     0.411538     0.368072     0.987151   2.7219e-14 -1.37857e-14
       0.262     0.410343     0.368667     0.985345 -2.36522e-15 -3.43452e-14
       0.263     0.409151     0.369261     0.983543 -4.23213e-14 -3.66274e-14
       0.264     0.407962     0.369855     0.981742 -1.33517e-14 -1.09235e-14
       0.265     0.406777     0.370447     0.979945 -8.25211e-15 -2.19183e-14
       0.266     0.405594     0.371039     0.978151 -1.69152e-14 -7.35195e-14
       0.267     0.404415      0.37163     0.976359  2.76514e-15  5.52049e-14
       0.268     0.403239     0.372221      0.97457 -1.31225e-14  4.09405e-14
       0.269     0.402065      0.37281     0.972783 -3.29846e-14 -1.05809e-13
        0.27     0.400895     0.373399        0.971  3.77152e-14  4.12316e-14
       0.271     0.399728     0.373987     0.969219 -4.54504e-14 -3.05918e-14
       0.272     0.398564     0.374574     0.967441  1.86756e-15  8.78726e-15
       0.273     0.397403      0.37516     0.965665 -1.89112e-14 -4.80219e-14
       0.274     0.396245     0.375746     0.963893  8.07213e-15   4.3994e-14
       0.275      0.39509     0.376331     0.962123  1.73152e-14 -7.99614e-14
       0.276     0.393938     0.376915     0.960355 -5.13247e-14 -1.00313e-13
       0.277     0.392788     0.377499      0.95859 -2.45933e-15  3.98339e-14
       0.278     0.391642     0.378081     0.956828  1.66906e-14  2.95489e-14
       0.279     0.390499     0.378663     0.955068 -3.40372e-14  -7.6122e-14
        0.28     0.389359     0.379245     0.953311 -3.54589e-14  4.97888e-15
       0.281     0.388221     0.379825     0.951557 -2.48464e-15 -4.17024e-14
       0.282     0.387087     0.380405     0.949805  1.07304e-14  1.38033e-14
       0.283     0.385955     0.380984     0.948056  -2.9968e-14 -7.38409e-14
       0.284     0.384826     0.381563     0.946309 -1.59851e-14  3.00836e-14
       0.285       0.3837     0.382141     0.944565  1.54465e-15 -5.36217e-14
       0.286     0.382577     0.382718     0.942823  -1.2195e-14  1.86259e-14
       0.287     0.381457     0.383294     0.941084 -2.65864e-14 -3.39777e-14
       0.288      0.38034      0.38387     0.939347  7.58752e-15 -7.16695e-14
       0.289     0.379225     0.384445     0.937613  5.07112e-15  1.07945e-13
        0.29     0.378113     0.385019     0.935882 -4.63418e-14 -7.52304e-14
       0.291     0.377004     0.385593     0.934153 -2.31312e-14 -3.01214e-14
       0.292     0.375898     0.386166     0.932426  3.28188e-14  5.01801e-14
       0.293     0.374795     0.386739     0.930702 -3.42803e-14 -6.40357e-14
       0.294     0.373694     0.387311      0.92898  6.51774e-15  6.09639e-14
       0.295     0.372596     0.387882      0.92726 -1.62361e-14 -8.54863e-14
       0.296     0.371501     0.388453     0.925543 -9.32933e-15 -5.04402e-14
       0.297     0.370409     0.389023     0.923829 -3.20377e-14 -2.49636e-14
       0.298     0.369319     0.389592     0.922117 -1.29667e-14  3.76901e-15
       0.299     0.368232     0.390161     0.920407  2.39981e-14  1.86011e-14
         0.3     0.367148     0.390729       0.9187 -1.74419e-14 -2.14872e-14
       0.301     0.366066     0.391297     0.916995 -2.23086e-14  -4.4144e-14
       0.302     0.364987     0.391864     0.915292  1.41034e-14  3.01368e-14
       0.303     0.363911      0.39243     0.913592 -2.12074e-14 -8.63007e-14
       0.304     0.362837     0.392996     0.911894   1.5793e-14 -6.79183e-14
       0.305     0.361766     0.393561     0.910198 -6.45458e-14  8.53601e-14
       0.306     0.360698     0.394126     0.908505 -6.10424e-15 -1.36157e-14
       0.307     0.359632      0.39469     0.906814   4.2019e-14  1.17371e-14
       0.308     0.358569     0.395254     0.905125 -5.11192e-14 -1.15097e-14
       0.309     0.357509     0.395817     0.903439 -4.09958e-14 -5.82621e-14
        0.31     0.356451     0.396379     0.901755  4.45895e-14 -6.36822e-14
       0.311     0.355396     0.396941     0.900073 -2.38942e-14 -2.67743e-14
       0.312     0.354343     0.397502     0.898394  1.61061e-14  1.14241e-14
       0.313     0.353293     0.398063     0.896716 -6.95497e-14  1.11992e-14
       0.314     0.352245     0.398624     0.895041 -1.24499e-15  3.04862e-15
       0.315       0.3512     0.399183     0.893368  1.97603e-14 -3.46893e-14
       0.316     0.350158     0.399743     0.891698 -3.75318e-14  1.29589e-14
       0.317     0.349118     0.400301     0.890029 -5.43443e-15 -1.43291e-13
       0.318      0.34808      0.40086     0.888363 -1.23619e-14  6.85865e-14
       0.319     0.347045     0.401417     0.886699 -8.82135e-15 -1.21412e-13
        0.32     0.346013     0.401975     0.885038 -1.15797e-14  3.07484e-14
       0.321     0.344983     0.402531     0.883378 -1.94166e-14 -4.33281e-14
       0.322     0.343956     0.403087     0.881721  -6.3468e-16  -2.4026e-15
       0.323     0.342931     0.403643     0.880065 -2.67209e-14   6.7746e-14
       0.324     0.341908     0.404199     0.878412  6.16487e-15 -8.95599e-14
       0.325     0.340888     0.404753     0.876761 -1.32118e-14  6.05235e-14
       0.326     0.339871     0.405308     0.875112  -2.0079e-14 -5.84225e-14
       0.327     0.338855     0.405861     0.873466  1.73436e-14 -1.09286e-13
       0.328     0.337843     0.406415     0.871821 -2.87608e-14  6.11723e-14
       0.329     0.336832     0.406968     0.870179 -3.95871e-14 -5.13749e-15
        0.33     0.335825      0.40752     0.868539  4.37795e-14  5.62086e-14
       0.331     0.334819     0.408072       0.8669  4.10738e-15 -7.34255e-14
       0.332     0.333816     0.408624     0.865264 -4.31222e-14 -2.49529e-14
       0.333     0.332815     0.409175      0.86363 -3.84465e-14 -1.37276e-15
       0.334     0.331817     0.409725     0.861998  1.67652e-14  2.44673e-14
       0.335     0.330821     0.410276     0.860368 -8.72992e-16 -2.73515e-15
       0.336     0.329828     0.410825     0.858741 -5.97234e-14 -1.34159e-13
       0.337     0.328836     0.411375     0.857115   3.1358e-14  8.17442e-15
       0.338     0.327848     0.411924     0.855491 -4.46209e-14 -4.29316e-14
       0.339     0.326861     0.412472     0.853869 -2.71004e-14  1.47358e-14
        0.34     0.325877      0.41302      0.85225  4.83663e-14 -8.63119e-14
       0.341     0.324895     0.413568     0.850632  -5.3351e-14  6.68323e-14
       0.342     0.323916     0.414115     0.849016  1.84174e-14  -2.3906e-14
       0.343     0.322938     0.414662     0.847403 -3.05829e-14  6.54241e-15
       0.344     0.321963     0.415209     0.845791 -3.23271e-14 -6.18426e-14
       0.345     0.320991     0.415755     0.844182  1.32965e-14 -7.09262e-14
       0.346     0.320021       0.4163     0.842574  5.93593e-15 -5.45283e-14
       0.347     0.319052     0.416846     0.840968 -4.23229e-14    7.142e-14
       0.348     0.318087     0.417391     0.839365 -7.42672e-15 -1.19886e-13
       0.349     0.317123     0.417935     0.837763 -1.73697e-14  -4.3754e-15
        0.35     0.316162     0.418479     0.836163  4.86136e-15  8.44928e-14
       0.351     0.315203     0.419023     0.834565 -3.04831e-14 -3.33535e-14
       0.352     0.314246     0.419566     0.832969  3.20311e-14 -2.15627e-14
       0.353     0.313292     0.420109     0.831375 -1.08159e-14  3.02055e-14
       0.354     0.312339     0.420652     0.829783 -5.58033e-14 -1.24924e-13
       0.355     0.311389     0.421194     0.828193 -1.53274e-14  5.39737e-14
       0.356     0.310441     0.421736     0.826605   5.9389e-14 -1.08679e-13
       0.357     0.309496     0.422278     0.825019  -8.1247e-14   7.4749e-14
       0.358     0.308552     0.422819     0.823434  4.38857e-14 -1.57064e-14
       0.359     0.307611      0.42336     0.821852 -1.74335e-14 -2.89264e-14
        0.36     0.306672     0.423901     0.820271  8.21627e-15  2.86845e-14
       0.361     0.305735     0.424441     0.818692  6.84347e-15 -5.61431e-14
       0.362       0.3048     0.424981     0.817116 -6.10366e-14  9.46286e-15
       0.363     0.303868     0.425521     0.815541 -3.84549e-15 -3.35192e-14
       0.364     0.302937      0.42606     0.813967 -2.41776e-14 -1.57107e-14
       0.365     0.302009     0.426599     0.812396  9.95099e-15 -7.96931e-14
       0.366     0.301083     0.427137     0.810827 -1.79532e-14    1.368e-13
       0.367     0.300159     0.427676     0.809259  2.11703e-15 -1.46642e-13
       0.368     0.299237     0.428214     0.807693 -6.99054e-14  1.44891e-14
       0.369     0.298317     0.428751     0.806129  8.28276e-14 -2.01357e-14
        0.37       0.2974     0.429289     0.804567  -4.1687e-14 -5.27994e-14
       0.371     0.296484     0.429826     0.803007 -3.05064e-14   2.6622e-14
       0.372     0.295571     0.430362     0.801449 -2.23673e-14  -8.0439e-14
       0.373      0.29466     0.430899     0.799892 -4.76996e-16 -5.79417e-14
       0.374     0.293751     0.431435     0.798337 -5.28293e-14  7.81326e-14
       0.375     0.292843     0.431971     0.796784  3.83353e-14   6.1516e-15
       0.376     0.291938     0.432507     0.795233 -1.22474e-14 -9.78729e-14
       0.377     0.291035     0.433042     0.793683 -2.21441e-14  7.17297e-14
       0.378     0.290135     0.433577     0.792135 -2.58136e-14 -2.44629e-14
       0.379     0.289236     0.434112     0.790589  3.56657e-14 -7.71948e-14
        0.38     0.288339     0.434646     0.789045  9.57303e-15   3.1176e-14
       0.381     0.287444     0.435181     0.787503 -8.79333e-14  8.76228e-15
       0.382     0.286552     0.435715     0.785962  1.65556e-14 -1.07262e-13
       0.383     0.285661     0.436248     0.784423 -5.13665e-14  3.31308e-14
       0.384     0.284772     0.436782     0.782886   2.9594e-14 -6.32874e-14
       0.385     0.283886     0.437315      0.78135  2.39008e-14  1.36617e-14
       0.386     0.283001     0.437848     0.779816   -5.651e-14 -1.09787e-14
       0.387     0.282119      0.43838     0.778284  3.69383e-15 -1.02679e-13
       0.388     0.281238     0.438913     0.776754 -4.40567e-14  1.86964e-14
       0.389     0.280359     0.439445     0.775225  7.07501e-14  3.89035e-14
        0.39     0.279483     0.439977     0.773698 -6.81837e-15 -4.09351e-14
       0.391     0.278608     0.440509     0.772173 -4.65945e-14  -4.4712e-14
       0.392     0.277736      0.44104     0.770649 -3.13827e-14 -4.21738e-14
       0.393     0.276865     0.441572     0.769127  7.73866e-15  7.19556e-14
       0.394     0.275997     0.442103     0.767607  -1.0008e-14 -8.43632e-14
       0.395      0.27513     0.442633     0.766089 -7.36004e-14  -4.7143e-14
       0.396     0.274265     0.443164     0.764572  2.17406e-14  9.13215e-14
       0.397     0.273402     0.443694     0.763057  1.97746e-14  -1.1973e-13
       0.398     0.272542     0.444225     0.761543 -8.71041e-15   2.3864e-14
       0.399     0.271683     0.444755     0.760031 -2.06233e-14 -2.65779e-14
         0.4     0.270826     0.445284     0.758521 -7.10133e-15 -5.13278e-14
       0.401     0.269971     0.445814     0.757012 -4.16875e-14  1.71898e-14
       0.402     0.269118     0.446343     0.755505  1.85979e-14  4.88935e-14
       0.403     0.268267     0.446872        0.754  1.22564e-14  -3.1161e-14
       0.404     0.267417     0.447401     0.752496 -4.44016e-14 -5.33124e-14
       0.405      0.26657      0.44793     0.750994 -3.64222e-14  5.13301e-14
       0.406     0.265725     0.448459     0.749494  1.15682e-15 -6.43322e-14
       0.407     0.264881     0.448987     0.747995 -1.13367e-14 -9.29084e-14
       0.408      0.26404     0.449515     0.746498  2.19497e-15  1.83072e-14
       0.409       0.2632     0.450043     0.745002  -2.5493e-14 -6.63151e-14
        0.41     0.262362     0.450571     0.743508 -4.30595e-14  8.20523e-14
       0.411     0.261526     0.451099     0.742015  8.96923e-15  2.15671e-14
       0.412     0.260692     0.451626     0.740525  5.68024e-14 -9.33257e-14
       0.413      0.25986     0.452153     0.739035 -8.69619e-14 -4.63173e-14
       0.414      0.25903      0.45268     0.737547  6.28159e-14  1.97625e-14
       0.415     0.258201     0.453207     0.736061 -5.45626e-14  7.62163e-14
       0.416     0.257374     0.453734     0.734577 -5.65254e-14  -1.0592e-13
       0.417      0.25655     0.454261     0.733094  5.50711e-14 -1.36669e-13
       0.418     0.255727     0.454787     0.731612 -6.85309e-14  1.06656e-13
       0.419     0.254906     0.455314     0.730132  5.80972e-14  1.67453e-14
        0.42     0.254086      0.45584     0.728654 -2.58641e-14 -7.41256e-14
       0.421     0.253269     0.456366     0.727177 -5.84905e-15 -7.26544e-15
       0.422     0.252453     0.456892     0.725702 -8.65997e-15 -9.26112e-14
       0.423      0.25164     0.457418     0.724228 -2.91092e-14  2.71349e-14
       0.424     0.250828     0.457943     0.722756  -8.0296e-16  1.59196e-14
       0.425     0.250017     0.458469     0.721285 -2.97759e-14 -4.30756e-14
       0.426     0.249209     0.458994     0.719816 -1.39802e-14 -2.51716e-14
       0.427     0.248403     0.459519     0.718348 -6.33209e-15  9.18359e-14
       0.428     0.247598     0.460044     0.716882  6.48125e-15  -1.7532e-13
       0.429     0.246795     0.460569     0.715417 -4.14101e-14  5.29598e-14
        0.43     0.245994     0.461094     0.713954  5.56079e-15 -4.47454e-14
       0.431     0.245194     0.461619     0.712492 -2.29724e-14 -3.36521e-14
       0.432     0.244397     0.462144     0.711032   5.5856e-15 -2.53488e-14
       0.433     0.243601     0.462668     0.709574 -1.07865e-14 -4.35041e-15
       0.434     0.242807     0.463192     0.708116  -3.8042e-14  3.97165e-14
       0.435     0.242014     0.463717     0.706661  2.11205e-14 -3.57837e-14
       0.436     0.241224     0.464241     0.705206   -1.402e-14 -7.75051e-14
       0.437     0.240435     0.464765     0.703754 -2.87912e-14 -2.44501e-14
       0.438     0.239648     0.465289     0.702302 -9.25026e-15  5.39026e-14
       0.439     0.238863     0.465813     0.700852 -8.57897e-15 -5.60194e-14
        0.44     0.238079     0.466337     0.699404  7.21125e-15  7.08324e-14
       0.441     0.237297      0.46686     0.697957 -3.91941e-14 -1.02542e-13
       0.442     0.236517     0.467384     0.696511  2.21479e-14  1.13875e-14
       0.443     0.235739     0.467907     0.695067 -3.05733e-14  2.52532e-15
       0.444     0.234962     0.468431     0.693625  -5.0369e-15 -1.93731e-14
       0.445     0.234187     0.468954     0.692184 -1.40224e-14 -4.13377e-14
       0.446     0.233414     0.469478     0.690744 -1.68643e-15 -9.06596e-14
       0.447     0.232643     0.470001     0.689305 -9.29592e-15  1.56524e-16
       0.448     0.231873     0.470524     0.687868 -3.47253e-14  4.82651e-14
       0.449     0.231105     0.471047     0.686433 -1.92403e-14  3.58505e-14
        0.45     0.230339      0.47157     0.684999 -2.83572e-15 -1.54613e-13
       0.451     0.229574     0.472093     0.683566 -9.23652e-15  8.53713e-15
       0.452     0.228811     0.472616     0.682135  4.13004e-15  -3.1134e-14
       0.453      0.22805     0.473138     0.680705 -3.38271e-14  2.30311e-14
       0.454      0.22729     0.473661     0.679277  2.94676e-14 -2.02063e-14
       0.455     0.226532     0.474184     0.677849 -5.74886e-14 -1.93942e-14
       0.456     0.225776     0.474707     0.676424  4.58341e-14  7.24986e-14
       0.457     0.225021     0.475229     0.674999 -2.67837e-14 -8.39949e-14
       0.458     0.224268     0.475752     0.673576 -1.84726e-14 -7.11228e-14
       0.459     0.223517     0.476274     0.672155  1.14263e-14 -3.25101e-14
        0.46     0.222767     0.476797     0.670735 -5.24741e-14  3.03091e-14
       0.461     0.222019     0.477319     0.669316  5.81107e-15 -2.88771e-15
       0.462     0.221273     0.477841     0.667898  -6.6975e-15  6.06652e-15
       0.463     0.220529     0.478364     0.666482 -8.75518e-15 -6.81036e-15
       0.464     0.219785     0.478886     0.665068 -1.60866e-14 -1.33804e-13
       0.465     0.219044     0.479408     0.663654 -1.20184e-14   1.2071e-13
       0.466     0.218304     0.479931     0.662242 -2.74683e-14 -1.21055e-13
       0.467     0.217566     0.480453     0.660831 -3.68034e-15  4.24665e-14
       0.468      0.21683     0.480975     0.659422 -2.37538e-14 -2.47068e-14
       0.469     0.216095     0.481497     0.658014  1.36035e-14 -1.68843e-14
        0.47     0.215362     0.482019     0.656607 -2.16359e-14  3.17581e-14
       0.471      0.21463     0.482542     0.655202 -1.18815e-14 -2.02341e-14
       0.472       0.2139     0.483064     0.653798 -2.82808e-15 -1.00805e-13
       0.473     0.213172     0.483586     0.652395 -2.58072e-14 -5.42202e-14
       0.474     0.212445     0.484108     0.650994  2.93028e-14  5.60254e-14
       0.475      0.21172      0.48463     0.649594 -1.58824e-14 -1.15498e-13
       0.476     0.210996     0.485152     0.648195 -3.39372e-14 -3.09096e-15
       0.477     0.210274     0.485675     0.646798  -1.7909e-14 -2.49681e-14
       0.478     0.209554     0.486197     0.645402  2.08143e-14  9.08637e-15
       0.479     0.208835     0.486719     0.644007 -2.22206e-14 -3.08562e-14
        0.48     0.208118     0.487241     0.642613 -4.21154e-14 -4.34845e-14
       0.481     0.207402     0.487763     0.641221  3.44651e-14  5.57668e-14
       0.482     0.206688     0.488285      0.63983 -7.12124e-14  2.33916e-14
       0.483     0.205975     0.488808      0.63844  1.82999e-14  -6.6253e-14
       0.484     0.205264      0.48933     0.637052  7.18326e-15  1.46105e-14
       0.485     0.204555     0.489852     0.635665 -2.35885e-14 -4.86437e-14
       0.486     0.203847     0.490374     0.634279 -5.52637e-15 -1.88678e-14
       0.487     0.203141     0.490897     0.632894  2.00003e-15  4.38329e-14
       0.488     0.202436     0.491419     0.631511 -6.93846e-15 -9.03422e-14
       0.489     0.201733     0.491942     0.630129 -4.60493e-14  2.86173e-15
        0.49     0.201031     0.492464     0.628748 -2.23011e-14 -6.42478e-15
       0.491     0.200331     0.492986     0.627369  1.21064e-14 -1.09979e-13
       0.492     0.199633     0.493509     0.625991 -4.91546e-14  3.32623e-14
       0.493     0.198936     0.494032     0.624614  2.82171e-14  2.69485e-15
       0.494      0.19824     0.494554     0.623238 -3.43726e-14 -6.62321e-14
       0.495     0.197546     0.495077     0.621863 -1.80071e-14  4.98469e-14
       0.496     0.196854     0.495599      0.62049 -9.41575e-15 -1.46534e-14
       0.497     0.196163     0.496122     0.619118  2.37486e-14 -7.45106e-15
       0.498     0.195474     0.496645     0.617747 -3.57802e-14 -5.54085e-14
       0.499     0.194786     0.497168     0.616378 -1.26376e-14 -3.55508e-14
         0.5     0.194099     0.497691     0.615009 -2.05813e-15  9.91537e-15
       0.501     0.193415     0.498214     0.613642 -1.60254e-14  -3.4975e-14
       0.502     0.192731     0.498737     0.612276 -1.65378e-14 -5.85327e-14
       0.503     0.192049      0.49926     0.610912  1.75305e-14 -2.35828e-14
       0.504     0.191369     0.499783     0.609548 -2.15621e-14  1.02426e-14
       0.505      0.19069     0.500307     0.608186  -3.1054e-14 -5.77273e-14
       0.506     0.190013      0.50083     0.606825  -2.5668e-14  6.21454e-14
       0.507     0.189337     0.501353     0.605465  1.18977e-14 -2.06091e-13
       0.508     0.188663     0.501877     0.604106 -2.86818e-14  2.01651e-13
       0.509      0.18799       0.5024     0.602749  4.84468e-16  2.03935e-14
        0.51     0.187319     0.502924     0.601393  2.08781e-14 -2.22595e-14
       0.511     0.186649     0.503448     0.600038 -5.51491e-14 -1.58735e-13
       0.512      0.18598     0.503972     0.598684  1.86945e-14  5.23392e-14
       0.513     0.185313     0.504496     0.597331 -4.56176e-15 -1.69277e-13
       0.514     0.184648      0.50502     0.595979 -1.56749e-14  4.12762e-14
       0.515     0.183984     0.505544     0.594629  -1.0473e-14   1.0802e-13
       0.516     0.183321     0.506068      0.59328 -2.77163e-14  9.59199e-14
       0.517      0.18266     0.506593     0.591932  1.49571e-14 -1.59414e-13
       0.518     0.182001     0.507117     0.590585 -3.50869e-14 -2.47293e-13
       0.519     0.181342     0.507642      0.58924 -2.29477e-14  1.41294e-13
        0.52     0.180686     0.508167     0.587895 -1.45601e-14 -5.47334e-14
       0.521      0.18003     0.508691     0.586552 -3.31644e-16  1.47842e-14
       0.522     0.179377     0.509216      0.58521  6.64753e-16 -2.91021e-14
       0.523     0.178724     0.509741     0.583869 -2.29847e-14  8.97579e-14
       0.524     0.178073     0.510267     0.582529  2.50386e-15   6.3361e-14
       0.525     0.177424     0.510792      0.58119  8.19737e-15 -2.36497e-13
       0.526     0.176776     0.511317     0.579852 -3.90656e-14  2.10935e-13
       0.527     0.176129     0.511843     0.578516 -3.54553e-14 -1.47656e-13
       0.528     0.175484     0.512369     0.577181  2.52609e-14 -4.44304e-14
       0.529      0.17484     0.512895     0.575846 -2.16037e-14 -1.55605e-14
        0.53     0.174198     0.513421     0.574513 -1.20098e-14  1.26544e-13
       0.531     0.173557     0.513947     0.573182  2.03433e-15 -1.22476e-13
       0.532     0.172917     0.514473     0.571851 -3.87378e-14 -2.05168e-14
       0.533     0.172279     0.514999     0.570521  2.75852e-14 -1.53907e-13
       0.534     0.171642     0.515526     0.569193 -2.03081e-14  5.50602e-14
       0.535     0.171007     0.516053     0.567865  -3.9167e-14  1.37974e-14
       0.536     0.170373      0.51658     0.566539  1.66272e-14 -5.89202e-14
       0.537      0.16974     0.517107     0.565214 -2.76589e-14  1.50165e-14
       0.538     0.169109     0.517634      0.56389  2.53098e-14  -2.5609e-15
       0.539      0.16848     0.518161     0.562567 -3.36487e-14 -6.51498e-15
        0.54     0.167851     0.518689     0.561245 -3.83927e-14 -3.96352e-14
       0.541     0.167224     0.519217     0.559924   3.6918e-14  -1.0464e-13
       0.542     0.166599     0.519744     0.558604 -1.04225e-14   2.1107e-13
       0.543     0.165975     0.520273     0.557286 -2.76811e-14 -2.06649e-13
       0.544     0.165352     0.520801     0.555968 -1.46565e-14  2.21184e-13
       0.545     0.164731     0.521329     0.554652  -3.6198e-14 -3.74316e-13
       0.546     0.164111     0.521858     0.553337           -0  7.73996e-14
       0.547     0.163492     0.522387     0.552022 -1.52814e-14 -9.40128e-15
       0.548     0.162875     0.522916     0.550709  1.49633e-14  1.33806e-14
       0.549     0.162259     0.523445     0.549397 -4.28726e-14 -3.78005e-14
        0.55     0.161644     0.523974     0.548086 -1.06094e-15 -5.96147e-14
       0.551     0.161031     0.524504     0.546776 -9.74692e-15  1.70967e-13
       0.552     0.160419     0.525034     0.545467   6.2164e-15 -2.49334e-13
       0.553     0.159809     0.525563     0.544159 -3.45334e-14  1.06266e-13
       0.554       0.1592     0.526094     0.542853  -1.8554e-14  -2.7119e-15
       0.555     0.158592     0.526624     0.541547 -2.23502e-14 -2.37335e-14
       0.556     0.157986     0.527155     0.540242  1.77409e-14  5.21371e-14
       0.557     0.157381     0.527685     0.538939  7.00441e-15 -1.06348e-13
       0.558     0.156777     0.528216     0.537636 -4.98603e-14 -4.48047e-14
       0.559     0.156175     0.528748     0.536335  2.30916e-14  2.88638e-14
        0.56     0.155574     0.529279     0.535034 -2.73017e-14 -2.10304e-13
       0.561     0.154974     0.529811     0.533735 -2.19264e-14  1.41559e-13
       0.562     0.154376     0.530343     0.532437 -3.23275e-14 -6.11769e-14
       0.563     0.153779     0.530875     0.531139  2.96695e-14  4.25747e-14
       0.564     0.153183     0.531407     0.529843 -2.46279e-14 -3.58536e-14
       0.565     0.152589      0.53194     0.528548 -1.73695e-14  1.94432e-14
       0.566     0.151996     0.532473     0.527254 -3.66493e-15 -6.35745e-14
       0.567     0.151404     0.533006      0.52596 -4.62815e-14  4.08459e-14
       0.568     0.150814     0.533539     0.524668  -4.0495e-15 -1.01149e-13
       0.569     0.150225     0.534073     0.523377 -1.10689e-15  7.11886e-14
        0.57     0.149637     0.534607     0.522087 -1.12786e-14 -1.91581e-13
       0.571     0.149051     0.535141     0.520798  8.33893e-15  1.54566e-13
       0.572     0.148466     0.535675      0.51951 -1.41151e-14 -3.20872e-14
       0.573     0.147882      0.53621     0.518223 -1.80558e-14 -1.21912e-13
       0.574     0.147299     0.536745     0.516937  -8.5818e-15  2.01782e-13
       0.575     0.146718      0.53728     0.515652 -5.42243e-15 -1.10066e-13
       0.576     0.146138     0.537815     0.514367  2.47369e-14 -6.09695e-14
       0.577      0.14556     0.538351     0.513084   -4.658e-14  -8.2721e-15
       0.578     0.144983     0.538887     0.511802 -3.70843e-14 -1.20982e-13
       0.579     0.144407     0.539423     0.510521  6.03742e-15 -2.35331e-14
        0.58     0.143832     0.539959     0.509241 -3.64952e-14  3.60784e-14
       0.581     0.143259     0.540496     0.507962 -3.14604e-14  5.09826e-14
       0.582     0.142687     0.541033     0.506684  4.15987e-14 -1.04815e-13
       0.583     0.142116     0.541571     0.505407 -5.33055e-15  2.93799e-14
       0.584     0.141546     0.542108     0.504131 -4.78925e-14  4.91099e-14
       0.585     0.140978     0.542646     0.502855  3.82475e-16 -2.81696e-13
       0.586     0.140411     0.543185     0.501581 -8.43348e-15  1.89296e-13
       0.587     0.139845     0.543723     0.500308 -1.34472e-14 -8.45239e-14
       0.588     0.139281     0.544262     0.499036  -2.7918e-14  -1.2567e-13
       0.589     0.138718     0.544801     0.497764 -7.33301e-15  3.27786e-14
        0.59     0.138156     0.545341     0.496494  8.31668e-15  1.56823e-13
       0.591     0.137595      0.54588     0.495225  7.94783e-15 -1.41129e-13
       0.592     0.137036     0.546421     0.493956 -2.56462e-14 -1.34037e-13
       0.593     0.136478     0.546961     0.492689 -2.58991e-14  1.15122e-13
       0.594     0.135921     0.547502     0.491422 -2.45917e-14  5.71339e-14
       0.595     0.135366     0.548043     0.490157  1.42799e-14 -8.03602e-14
       0.596     0.134812     0.548584     0.488892 -2.50957e-14 -3.10842e-14
       0.597     0.134259     0.549126     0.487629  2.88864e-14  1.09178e-13
       0.598     0.133707     0.549668     0.486366 -3.21033e-14 -2.23533e-13
       0.599     0.133156      0.55021     0.485104 -2.05297e-14 -3.72324e-14
         0.6     0.132607     0.550753     0.483843  3.28433e-14  1.43049e-13
       0.601     0.132059     0.551296     0.482584 -8.03124e-14 -5.45721e-14
       0.602     0.131512      0.55184     0.481325 -2.64344e-14  -4.6779e-14
       0.603     0.130967     0.552383     0.480067  1.95224e-14  9.59297e-15
       0.604     0.130423     0.552928      0.47881  -5.9899e-15 -1.13944e-13
       0.605      0.12988     0.553472     0.477553 -2.40143e-15  1.71336e-14
       0.606     0.129338     0.554017     0.476298 -4.63333e-14  4.32621e-16
       0.607     0.128797     0.554562     0.475044 -6.23212e-15 -1.54902e-13
       0.608     0.128258     0.555108      0.47379  2.78065e-14  -2.2593e-14
       0.609      0.12772     0.555654     0.472538 -5.49327e-14  1.05585e-13
        0.61     0.127183       0.5562     0.471286   2.0647e-14  1.71228e-15
       0.611     0.126647     0.556747     0.470036 -3.69252e-14 -9.90485e-14
       0.612     0.126113     0.557294     0.468786 -8.13407e-16  5.19473e-14
       0.613      0.12558     0.557841     0.467537 -6.11457e-16  8.91794e-15
       0.614     0.125048     0.558389     0.466289 -1.83859e-14  1.96942e-14
       0.615     0.124517     0.558938     0.465042 -9.62361e-15  1.64735e-14
       0.616     0.123988     0.559486     0.463796 -1.23137e-14   -2.298e-13
       0.617     0.123459     0.560035     0.462551 -6.17106e-16 -4.26437e-14
       0.618     0.122932     0.560585     0.461307 -4.16476e-14  5.67751e-14
       0.619     0.122407     0.561135     0.460063   1.4879e-14 -9.13057e-14
        0.62     0.121882     0.561685     0.458821 -2.44413e-14  8.41828e-14
       0.621     0.121358     0.562236     0.457579 -1.95151e-14  5.29914e-14
       0.622     0.120836     0.562787     0.456338  6.45073e-15 -1.17716e-13
       0.623     0.120315     0.563338     0.455098 -2.58626e-14 -1.18636e-13
       0.624     0.119795      0.56389     0.453859 -1.88147e-15  3.38037e-14
       0.625     0.119277     0.564443     0.452621 -5.86704e-15  2.03091e-13
       0.626     0.118759     0.564995     0.451384 -2.52028e-15  -2.4989e-13
       0.627     0.118243     0.565549     0.450147 -6.73635e-15  2.06887e-13
       0.628     0.117728     0.566102     0.448912  -3.1228e-14 -2.45259e-13
       0.629     0.117214     0.566657     0.447677 -2.68593e-14 -1.85014e-14
        0.63     0.116702     0.567211     0.446443 -6.57146e-15  1.00971e-13
       0.631      0.11619     0.567766     0.445211 -1.46609e-14  2.22411e-14
       0.632      0.11568     0.568322     0.443979 -1.29913e-14 -1.18963e-13
       0.633     0.115171     0.568878     0.442747 -7.04445e-15 -6.45446e-14
       0.634     0.114663     0.569434     0.441517  -3.8514e-15 -8.08074e-14
       0.635     0.114156     0.569991     0.440287 -2.31624e-14 -7.17843e-14
       0.636     0.113651     0.570548     0.439059 -9.02866e-15  1.29609e-13
       0.637     0.113146     0.571106     0.437831 -2.58565e-15   1.5271e-13
       0.638     0.112643     0.571664     0.436604 -1.38225e-14 -1.37807e-13
       0.639     0.112141     0.572223     0.435378 -1.53702e-14 -5.73407e-14
        0.64      0.11164     0.572782     0.434153  4.77378e-15  9.34587e-14
       0.641     0.111141     0.573342     0.432928  -3.2625e-14 -1.60241e-13
       0.642     0.110642     0.573902     0.431705  5.23226e-15  -1.3332e-13
       0.643     0.110145     0.574463     0.430482 -2.31635e-14 -6.27565e-14
       0.644     0.109649     0.575024      0.42926 -2.43132e-14  2.17172e-13
       0.645     0.109154     0.575586     0.428039  2.10772e-14  -6.2206e-14
       0.646      0.10866     0.576148     0.426818 -3.01499e-14 -1.25802e-13
       0.647     0.108167     0.576711     0.425599  3.30888e-15  1.18677e-13
       0.648     0.107676     0.577274      0.42438 -4.42226e-14 -2.54406e-14
       0.649     0.107185     0.577838     0.423163 -1.24116e-14  4.78526e-14
        0.65     0.106696     0.578402     0.421946  1.12191e-14 -1.62882e-13
       0.651     0.106208     0.578967     0.420729 -2.14893e-14 -1.12925e-13
       0.652     0.105721     0.579532     0.419514 -2.28796e-14  2.85974e-13
       0.653     0.105236     0.580098     0.418299  7.60735e-15 -3.15921e-13
       0.654     0.104751     0.580664     0.417086 -3.13988e-15  1.29373e-13
       0.655     0.104268     0.581231     0.415873 -2.45044e-14 -1.72248e-13
       0.656     0.103785     0.581799      0.41466 -3.59427e-14  2.71178e-14
       0.657     0.103304     0.582367     0.413449  2.80095e-14  1.38009e-13
       0.658     0.102824     0.582936     0.412238 -3.43029e-14  -9.3609e-15
       0.659     0.102345     0.583505     0.411029 -7.83021e-15 -1.65948e-13
        0.66     0.101868     0.584075      0.40982  -2.0703e-14  3.90851e-14
       0.661     0.101391     0.584645     0.408612  3.53477e-15 -2.87635e-14
       0.662     0.100916     0.585216     0.407404 -1.87448e-14 -6.03173e-14
       0.663     0.100441     0.585787     0.406197  -2.7039e-14 -9.57422e-14
       0.664    0.0999682     0.586359     0.404992  6.77596e-15  1.06678e-14
       0.665    0.0994962     0.586932     0.403787 -1.27786e-14    -6.62e-14
       0.666    0.0990253     0.587505     0.402582  7.15478e-15  1.49923e-13
       0.667    0.0985555     0.588079     0.401379 -2.57961e-14 -5.10401e-14
       0.668    0.0980869     0.588653     0.400176 -2.53944e-14   2.7261e-14
       0.669    0.0976194     0.589228     0.398974  1.51107e-15 -1.26836e-14
        0.67     0.097153     0.589804     0.397773 -2.10895e-14 -1.63667e-13
       0.671    0.0966877      0.59038     0.396572   1.5067e-14  2.25129e-14
       0.672    0.0962236     0.590957     0.395373 -3.43048e-14  9.89366e-14
       0.673    0.0957606     0.591535     0.394174           -0 -1.80446e-13
       0.674    0.0952987     0.592113     0.392976 -1.88239e-14  2.49858e-14
       0.675    0.0948379     0.592692     0.391778 -1.62751e-14  1.49458e-14
       0.676    0.0943783     0.593271     0.390582 -9.33954e-15 -1.52194e-13
       0.677    0.0939197     0.593851     0.389386 -1.37471e-14  5.71191e-14
       0.678    0.0934623     0.594432      0.38819 -3.56395e-15 -6.59349e-14
       0.679     0.093006     0.595013     0.386996 -9.28888e-15  7.03016e-16
        0.68    0.0925508     0.595595     0.385802 -2.35177e-14  3.34655e-14
       0.681    0.0920967     0.596178     0.384609 -2.62079e-14  7.24881e-14
       0.682    0.0916437     0.596761     0.383417  1.39158e-14  -1.7291e-13
       0.683    0.0911918     0.597345     0.382226 -1.94818e-14  7.30804e-14
       0.684     0.090741      0.59793     0.381035 -3.65275e-14  8.08129e-14
       0.685    0.0902913     0.598516     0.379845 -4.35057e-15 -1.33347e-13
       0.686    0.0898427     0.599102     0.378656 -2.35024e-14 -3.78326e-14
       0.687    0.0893953     0.599688     0.377467    4.372e-15 -9.99417e-14
       0.688    0.0889489     0.600276     0.376279 -1.29049e-14   5.7589e-14
       0.689    0.0885036     0.600864     0.375092 -4.51564e-15 -2.32184e-13
        0.69    0.0880594     0.601453     0.373906 -8.31953e-15  5.62068e-14
       0.691    0.0876163     0.602043      0.37272 -1.55764e-14  2.92838e-14
       0.692    0.0871743     0.602633     0.371535 -3.31972e-15 -9.68525e-14
       0.693    0.0867334     0.603224     0.370351 -3.04446e-14  1.03776e-13
       0.694    0.0862936     0.603816     0.369167 -1.23564e-15   1.0881e-13
       0.695    0.0858549     0.604408     0.367985 -2.21729e-14 -1.79153e-13
       0.696    0.0854173     0.605002     0.366802 -5.09135e-15  1.00949e-13
       0.697    0.0849807     0.605596     0.365621 -1.25734e-14 -1.47948e-13
       0.698    0.0845453     0.606191      0.36444 -1.75968e-14 -4.63429e-15
       0.699    0.0841109     0.606786      0.36326 -1.75156e-15 -8.61167e-14
         0.7    0.0836776     0.607383     0.362081 -1.16645e-14  9.93211e-14
       0.701    0.0832454      0.60798     0.360902 -5.53252e-15 -8.52298e-14
       0.702    0.0828142     0.608578     0.359724 -9.20198e-15  4.08421e-15
       0.703    0.0823842     0.609176     0.358547 -3.41202e-14  3.15898e-14
       0.704    0.0819552     0.609776      0.35737 -3.26858e-14 -1.91676e-13
       0.705    0.0815273     0.610376     0.356194  6.47743e-15  1.89427e-13
       0.706    0.0811005     0.610977     0.355019  1.71894e-14 -6.46539e-14
       0.707    0.0806748     0.611579     0.353844 -3.95716e-14 -8.77413e-14
       0.708    0.0802501     0.612181      0.35267 -1.26694e-14 -4.48462e-15
       0.709    0.0798265     0.612785     0.351497  4.87531e-15 -2.18696e-14
        0.71    0.0794039     0.613389     0.350325 -3.73007e-14  3.00699e-14
       0.711    0.0789825     0.613994     0.349153 -9.41333e-15 -9.64091e-14
       0.712    0.0785621     0.614601     0.347981  5.30039e-15  4.14053e-14
       0.713    0.0781427     0.615207     0.346811 -2.03483e-14 -1.72624e-13
       0.714    0.0777245     0.615815     0.345641 -2.36487e-14  4.48942e-14
       0.715    0.0773073     0.616424     0.344472 -1.18545e-14  1.87417e-13
       0.716    0.0768911     0.617033     0.343303 -1.30603e-15 -1.89899e-13
       0.717    0.0764761     0.617643     0.342135  -1.0475e-15 -7.42718e-14
       0.718     0.076062     0.618255     0.340967 -2.46794e-14  8.16061e-14
       0.719    0.0756491     0.618867     0.339801 -7.50181e-15  7.20676e-14
        0.72    0.0752372      0.61948     0.338635 -1.34588e-14 -1.27031e-13
       0.721    0.0748264     0.620093     0.337469  -1.5081e-14 -1.59545e-13
       0.722    0.0744166     0.620708     0.336304  6.63155e-16  7.04097e-14
       0.723    0.0740078     0.621324      0.33514 -1.68877e-14 -5.15971e-14
       0.724    0.0736002      0.62194     0.333977 -9.86553e-15 -6.15802e-14
       0.725    0.0731935     0.622558     0.332814 -2.44604e-14 -1.61727e-14
       0.726     0.072788     0.623177     0.331651 -4.69038e-15   1.4339e-13
       0.727    0.0723835     0.623796      0.33049  9.40515e-16 -8.37512e-14
       0.728      0.07198     0.624416     0.329329 -1.36056e-14 -5.84797e-14
       0.729    0.0715776     0.625038     0.328168 -4.07883e-14  3.51728e-14
        0.73    0.0711762      0.62566     0.327008 -1.27289e-14 -5.89587e-14
       0.731    0.0707759     0.626283     0.325849  1.08614e-14  6.95525e-15
       0.732    0.0703766     0.626907      0.32469 -3.79786e-14 -1.60287e-13
       0.733    0.0699783     0.627533     0.323532  7.23351e-15  1.08142e-13
       0.734    0.0695811     0.628159     0.322375 -2.35365e-14 -6.74933e-14
       0.735     0.069185     0.628786     0.321218  3.15561e-15  9.35097e-14
       0.736    0.0687899     0.629414     0.320062   -2.201e-15 -5.46538e-14
       0.737    0.0683958     0.630043     0.318906 -1.33788e-14 -5.92359e-14
       0.738    0.0680027     0.630674     0.317751 -5.15826e-14  7.28747e-14
       0.739    0.0676107     0.631305     0.316596  2.44038e-14 -2.61827e-13
        0.74    0.0672198     0.631937     0.315442 -1.44587e-14  1.04149e-13
       0.741    0.0668299     0.632571     0.314289 -1.50548e-14 -1.42734e-14
       0.742     0.066441     0.633205     0.313136  3.91349e-15 -2.84421e-14
       0.743    0.0660531     0.633841     0.311984 -1.02303e-14  -3.4005e-15
       0.744    0.0656663     0.634477     0.310832 -4.65106e-14  7.62288e-15
       0.745    0.0652805     0.635115     0.309681 -1.23985e-14 -4.89433e-14
       0.746    0.0648957     0.635754     0.308531 -1.07365e-14 -2.71831e-14
       0.747     0.064512     0.636394     0.307381 -1.44482e-14 -1.96134e-13
       0.748    0.0641293     0.637035     0.306232 -1.19306e-14  2.07639e-13
       0.749    0.0637476     0.637677     0.305083  1.38142e-14 -1.10843e-13
        0.75    0.0633669      0.63832     0.303934 -3.42717e-14 -7.32948e-14
       0.751    0.0629873     0.638964     0.302787 -2.62029e-14 -4.33158e-14
       0.752    0.0626087      0.63961      0.30164  1.72288e-15  6.01384e-14
       0.753    0.0622311     0.640257     0.300493 -1.51162e-14 -1.23641e-13
       0.754    0.0618546     0.640904     0.299347 -2.26638e-14  8.32003e-14
       0.755    0.0614791     0.641553     0.298201  7.38221e-15  1.26354e-13
       0.756    0.0611045     0.642204     0.297056  -2.3078e-14 -3.18787e-13
       0.757    0.0607311     0.642855     0.295912 -1.64462e-14   6.8538e-14
       0.758    0.0603586     0.643508     0.294768 -1.26969e-14   6.2115e-14
       0.759    0.0599871     0.644161     0.293624 -1.17074e-15 -6.57412e-14
        0.76    0.0596167     0.644817     0.292481 -2.31857e-14 -3.86536e-14
       0.761    0.0592473     0.645473     0.291339 -1.32435e-15  8.16361e-14
       0.762    0.0588789      0.64613     0.290197 -1.60836e-14 -2.29978e-13
       0.763    0.0585115     0.646789     0.289055 -2.55979e-14  4.31893e-14
       0.764    0.0581451     0.647449     0.287915 -1.40956e-14 -6.15862e-14
       0.765    0.0577798      0.64811     0.286774 -1.93424e-15  1.20861e-13
       0.766    0.0574154     0.648773     0.285634  -1.5517e-14 -1.60594e-13
       0.767    0.0570521     0.649437     0.284495 -8.37861e-15  1.38377e-13
       0.768    0.0566898     0.650102     0.283356 -3.03074e-14 -5.79087e-14
       0.769    0.0563284     0.650768     0.282217 -1.35411e-15 -7.56197e-14
        0.77    0.0559681     0.651436      0.28108 -1.26738e-14 -7.78678e-14
       0.771    0.0556088     0.652105     0.279942 -1.10452e-14 -2.30115e-14
       0.772    0.0552506     0.652776     0.278805 -1.94214e-14 -6.41959e-14
       0.773    0.0548933     0.653448     0.277669 -9.28167e-15  1.70365e-13
       0.774     0.054537     0.654121     0.276532 -5.95098e-15 -1.32369e-13
       0.775    0.0541817     0.654796     0.275397 -2.35654e-14  1.37578e-15
       0.776    0.0538275     0.655472     0.274262 -7.51938e-15  1.44734e-13
       0.777    0.0534742     0.656149     0.273127 -1.80056e-14 -2.83557e-13
       0.778     0.053122     0.656828     0.271993 -8.95132e-15  1.72441e-13
       0.779    0.0527707     0.657508     0.270859 -2.41448e-14 -6.90089e-14
        0.78    0.0524205      0.65819     0.269726  6.67438e-15 -3.12364e-14
       0.781    0.0520712     0.658873     0.268593 -2.28826e-14 -8.74606e-14
       0.782     0.051723     0.659558      0.26746  -1.1084e-14 -1.29119e-13
       0.783    0.0513757     0.660244     0.266328 -6.10594e-15  1.18534e-14
       0.784    0.0510294     0.660932     0.265197 -1.66436e-14  2.75805e-14
       0.785    0.0506842     0.661621     0.264066 -1.32275e-14 -6.82375e-14
       0.786    0.0503399     0.662312     0.262935  9.47567e-16 -2.56735e-14
       0.787    0.0499967     0.663004     0.261805  -3.5954e-14 -2.74656e-14
       0.788    0.0496544     0.663697     0.260675 -8.26019e-15  2.67551e-14
       0.789    0.0493132     0.664393     0.259545 -6.53188e-15  1.65021e-15
        0.79    0.0489729      0.66509     0.258416 -1.98129e-14 -8.01566e-14
       0.791    0.0486336     0.665788     0.257288 -1.98711e-14  1.08317e-13
       0.792    0.0482953     0.666488     0.256159 -5.30384e-15 -9.17881e-14
       0.793     0.047958      0.66719     0.255032 -2.16004e-14 -9.14997e-14
       0.794    0.0476217     0.667893     0.253904  -1.4874e-14  8.48685e-14
       0.795    0.0472864     0.668598     0.252777 -1.10264e-14 -1.18013e-13
       0.796    0.0469521     0.669305      0.25165  7.96913e-15 -1.86288e-14
       0.797    0.0466188     0.670013     0.250524  -1.9085e-14  8.15769e-14
       0.798    0.0462865     0.670723     0.249398 -3.59936e-15  -4.4626e-14
       0.799    0.0459551     0.671435     0.248272 -2.95375e-14 -1.02267e-13
         0.8    0.0456248     0.672148     0.247147 -6.25441e-15   4.8264e-15
       0.801    0.0452954     0.672864     0.246022 -2.26167e-14 -2.25696e-14
       0.802     0.044967     0.673581     0.244898  5.79541e-15  5.52765e-14
       0.803    0.0446396     0.674299     0.243774 -3.23863e-14 -1.55436e-13
       0.804    0.0443132      0.67502      0.24265 -1.46597e-14 -5.95076e-15
       0.805    0.0439878     0.675742     0.241526  -2.1388e-14  1.82084e-14
       0.806    0.0436634     0.676466     0.240403  1.03914e-14  1.00445e-14
       0.807    0.0433399     0.677192      0.23928 -1.00869e-14 -6.95482e-15
       0.808    0.0430175      0.67792     0.238158 -2.86671e-14  3.30968e-14
       0.809     0.042696      0.67865     0.237036 -1.57307e-14 -9.43011e-14
        0.81    0.0423755     0.679381     0.235914 -2.01906e-14 -1.05212e-13
       0.811     0.042056     0.680115     0.234792 -2.04231e-15  3.19893e-14
       0.812    0.0417375      0.68085     0.233671 -1.80962e-14 -1.14824e-13
       0.813    0.0414199     0.681588      0.23255 -1.48987e-14  1.56307e-14
       0.814    0.0411034     0.682327      0.23143           -0 -9.35423e-14
       0.815    0.0407878     0.683069     0.230309 -2.86048e-14  1.09825e-13
       0.816    0.0404732     0.683812     0.229189  -8.1243e-15 -3.53893e-15
       0.817    0.0401596     0.684557      0.22807   9.1902e-15 -9.81916e-14
       0.818     0.039847     0.685305      0.22695 -3.46152e-14  -1.1585e-13
       0.819    0.0395353     0.686054     0.225831 -1.02952e-14  1.21022e-13
        0.82    0.0392247     0.686806     0.224712 -1.15531e-14 -1.59406e-13
       0.821     0.038915     0.687559     0.223593 -2.47599e-14  -1.8075e-14
       0.822    0.0386063     0.688315     0.222475 -2.21963e-14  9.25497e-14
       0.823    0.0382985     0.689073     0.221356  4.94825e-15 -1.89598e-13
       0.824    0.0379918     0.689833     0.220238 -6.20511e-15  8.08171e-14
       0.825     0.037686     0.690596     0.219121 -2.84573e-14  -4.3587e-14
       0.826    0.0373812      0.69136     0.218003 -3.39018e-15  1.20787e-14
       0.827    0.0370774     0.692127     0.216886 -1.43205e-14 -3.58535e-14
       0.828    0.0367746     0.692896     0.215769 -1.16731e-14  -3.3513e-14
       0.829    0.0364727     0.693667     0.214652 -1.94584e-14 -1.13082e-14
        0.83    0.0361718     0.694441     0.213535 -1.89795e-14 -8.14607e-14
       0.831    0.0358719     0.695217     0.212419 -2.06736e-14 -5.94255e-14
       0.832     0.035573     0.695995     0.211303  1.94678e-14 -1.26671e-14
       0.833     0.035275     0.696776     0.210187 -1.36905e-14 -6.85375e-14
       0.834    0.0349781     0.697559     0.209071 -3.91925e-14  8.94423e-14
       0.835    0.0346821     0.698345     0.207955 -1.92936e-14 -9.97315e-14
       0.836     0.034387     0.699133     0.206839  -9.4023e-15  1.15166e-13
       0.837     0.034093     0.699923     0.205724 -2.81159e-14 -2.37871e-13
       0.838    0.0337999     0.700716     0.204609  1.52184e-14  3.71692e-15
       0.839    0.0335078     0.701512     0.203494 -4.00357e-14 -8.20659e-14
        0.84    0.0332167      0.70231     0.202379  1.08367e-14  5.36756e-14
       0.841    0.0329266      0.70311     0.201264 -1.63098e-14 -1.12061e-13
       0.842    0.0326374     0.703914     0.200149 -1.65531e-14 -3.32685e-14
       0.843    0.0323492      0.70472     0.199035 -2.32153e-14  1.33779e-13
       0.844     0.032062     0.705528      0.19792  1.17419e-14  6.07625e-14
       0.845    0.0317757      0.70634     0.196806 -4.02871e-14 -6.77495e-14
       0.846    0.0314905     0.707154     0.195691  3.05097e-15 -1.53217e-13
       0.847    0.0312062     0.707971     0.194577 -2.00909e-14  4.22395e-14
       0.848    0.0309229      0.70879     0.193463 -9.02413e-15 -5.48254e-14
       0.849    0.0306405     0.709613     0.192349 -2.13862e-14 -2.60319e-14
        0.85    0.0303592     0.710438     0.191235  -1.3727e-14 -7.12164e-15
       0.851    0.0300788     0.711267     0.190121 -2.38637e-14 -5.07699e-14
       0.852    0.0297994     0.712098     0.189007  3.89387e-16  1.78542e-14
       0.853    0.0295209     0.712932     0.187893 -2.24685e-14  -1.8534e-13
       0.854    0.0292435      0.71377     0.186779 -1.29405e-14  1.01791e-13
       0.855     0.028967      0.71461     0.185666 -9.44459e-15 -4.03049e-14
       0.856    0.0286915     0.715453     0.184552 -5.92385e-15   3.7884e-14
       0.857    0.0284169       0.7163     0.183438 -2.71488e-14 -6.91458e-14
       0.858    0.0281434     0.717149     0.182324 -1.25292e-14  -1.4242e-13
       0.859    0.0278708     0.718002      0.18121 -1.59673e-14 -2.12325e-14
        0.86    0.0275992     0.718858     0.180096 -1.00156e-14  1.04365e-13
       0.861    0.0273285     0.719718     0.178982  -1.6083e-14 -7.29937e-14
       0.862    0.0270589      0.72058     0.177868 -1.12991e-14 -1.64627e-13
       0.863    0.0267902     0.721446     0.176754 -1.94405e-14  9.08689e-14
       0.864    0.0265225     0.722316      0.17564 -1.70728e-14 -1.15502e-13
       0.865    0.0262558     0.723189     0.174526 -1.22398e-14  1.10965e-14
       0.866    0.0259901     0.724065     0.173412 -1.78133e-14 -9.78135e-14
       0.867    0.0257253     0.724945     0.172297  -6.1653e-16  4.91402e-14
       0.868    0.0254615     0.725828     0.171183 -2.37217e-14 -8.70717e-14
       0.869    0.0251987     0.726715     0.170068 -6.83256e-15  5.86997e-15
        0.87    0.0249369     0.727606     0.168953 -1.95356e-14  1.94895e-14
       0.871     0.024676     0.728501     0.167839 -2.10695e-14  2.40867e-14
       0.872    0.0244162     0.729399     0.166724 -5.86319e-15 -6.34512e-14
       0.873    0.0241573     0.730301     0.165608 -1.76565e-14 -4.79846e-14
       0.874    0.0238994     0.731207     0.164493  -1.6669e-14 -6.48434e-14
       0.875    0.0236425     0.732117     0.163377 -1.96983e-14 -9.94249e-15
       0.876    0.0233865     0.733031     0.162261 -1.63722e-14 -1.16874e-13
       0.877    0.0231316     0.733949     0.161145 -5.76313e-15  1.33927e-13
       0.878    0.0228776     0.734871     0.160029 -5.14271e-15 -1.09597e-13
       0.879    0.0226246     0.735797     0.158913 -2.28024e-14 -1.90529e-14
        0.88    0.0223726     0.736727     0.157796  -8.8544e-15 -8.95786e-14
       0.881    0.0221216     0.737662     0.156679 -2.44998e-14 -2.34813e-14
       0.882    0.0218716       0.7386     0.155561 -4.78877e-15  4.26715e-14
       0.883    0.0216225     0.739544     0.154444 -3.29992e-14 -1.31864e-14
       0.884    0.0213745     0.740491     0.153326  3.94941e-15 -1.02221e-13
       0.885    0.0211274     0.741444     0.152208 -1.32176e-14   1.3825e-15
       0.886    0.0208813     0.742401     0.151089 -3.69375e-14 -9.60637e-14
       0.887    0.0206362     0.743362      0.14997 -5.32993e-15 -2.11137e-14
       0.888    0.0203921     0.744328      0.14885 -3.23329e-15 -9.22069e-14
       0.889     0.020149     0.745299     0.147731 -2.91069e-14 -2.68367e-16
        0.89    0.0199069     0.746275      0.14661  -5.1709e-15  5.32665e-14
       0.891    0.0196658     0.747256      0.14549 -2.53971e-14 -1.06511e-13
       0.892    0.0194256     0.748242     0.144369 -1.92688e-15  3.23891e-14
       0.893    0.0191865     0.749233     0.143247 -2.16257e-14  -7.5985e-14
       0.894    0.0189484     0.750229     0.142125 -9.14386e-15 -8.09407e-14
       0.895    0.0187112      0.75123     0.141003 -2.76623e-14  5.28939e-14
       0.896    0.0184751     0.752237     0.139879 -4.03442e-15 -8.49981e-14
       0.897    0.0182399     0.753249     0.138756 -2.63936e-14 -8.63318e-14
       0.898    0.0180058     0.754267     0.137632 -4.99913e-15 -8.75075e-14
       0.899    0.0177726      0.75529     0.136507 -2.33522e-14  1.68625e-14
         0.9    0.0175405     0.756319     0.135382 -1.55966e-14 -1.52479e-14
       0.901    0.0173094     0.757354     0.134256 -1.33092e-14  1.43894e-14
       0.902    0.0170792     0.758395     0.133129 -6.74297e-15 -4.84893e-14
       0.903    0.0168501     0.759441     0.132002 -1.58031e-14  2.06223e-14
       0.904     0.016622     0.760494     0.130874 -3.16273e-14 -1.06628e-13
       0.905    0.0163949     0.761553     0.129745 -1.33069e-14 -1.16669e-14
       0.906    0.0161688     0.762618     0.128615 -1.66181e-14  1.54204e-14
       0.907    0.0159437      0.76369     0.127485 -1.00402e-14 -4.40019e-14
       0.908    0.0157196     0.764769     0.126354 -1.95642e-14 -1.76168e-13
       0.909    0.0154966     0.765854     0.125222 -1.45267e-14 -2.90035e-14
        0.91    0.0152745     0.766945     0.124089  -1.8886e-14 -2.09641e-14
       0.911    0.0150535     0.768044     0.122956 -5.29781e-15  5.13731e-14
       0.912    0.0148335      0.76915     0.121821 -2.48798e-14 -1.21051e-13
       0.913    0.0146145     0.770263     0.120686 -1.56696e-14  -6.3579e-15
       0.914    0.0143966     0.771383      0.11955 -2.03669e-14 -1.10541e-13
       0.915    0.0141796     0.772511     0.118412 -1.41866e-14    5.012e-14
       0.916    0.0139637     0.773646     0.117274 -1.72821e-14 -6.00771e-14
       0.917    0.0137489     0.774789     0.116134 -1.28023e-14  1.87763e-14
       0.918     0.013535      0.77594     0.114994 -1.65583e-14 -1.32859e-13
       0.919    0.0133222       0.7771     0.113852 -2.20152e-14  5.10854e-14
        0.92    0.0131105     0.778267     0.112709 -1.14477e-14 -7.32996e-14
       0.921    0.0128997     0.779443     0.111565  -1.0729e-14 -6.93128e-14
       0.922    0.0126901     0.780627      0.11042  -1.7538e-14 -9.24713e-14
       0.923    0.0124814     0.781821     0.109273 -2.44158e-14 -8.81365e-14
       0.924    0.0122738     0.783023     0.108125 -1.06295e-14 -7.85682e-16
       0.925    0.0120673     0.784234     0.106976 -2.32143e-14 -6.97654e-14
       0.926    0.0118618     0.785455     0.105825 -8.75024e-15   6.2671e-14
       0.927    0.0116573     0.786685     0.104673 -2.31887e-14 -1.17512e-13
       0.928    0.0114539     0.787925      0.10352 -1.36645e-14 -5.32192e-14
       0.929    0.0112516     0.789176     0.102365 -2.15477e-14  3.79349e-14
        0.93    0.0110503     0.790436     0.101208 -1.39452e-14 -1.09945e-13
       0.931    0.0108501     0.791707     0.100049 -1.44283e-14 -3.28967e-14
       0.932     0.010651     0.792989    0.0988894 -2.75075e-14 -8.15576e-14
       0.933     0.010453     0.794282    0.0977275  -5.7792e-15 -4.36728e-14
       0.934     0.010256     0.795586    0.0965639 -2.35208e-14 -1.21038e-14
       0.935    0.0100601     0.796902    0.0953984 -1.85038e-14 -8.19711e-14
       0.936   0.00986524     0.798229    0.0942309 -1.90272e-14 -9.19235e-14
       0.937    0.0096715     0.799569    0.0930615 -1.60395e-14  6.03528e-14
       0.938   0.00947886     0.800921      0.09189 -1.55651e-14 -6.27646e-14
       0.939    0.0092873     0.802286    0.0907164 -2.36245e-14  -6.1139e-14
        0.94   0.00909685     0.803665    0.0895406 -1.87519e-14 -1.84618e-13
       0.941   0.00890749     0.805057    0.0883625 -1.71343e-14 -9.31011e-15
       0.942   0.00871924     0.806463    0.0871821 -2.15811e-14 -4.41866e-14
       0.943    0.0085321     0.807883    0.0859992 -6.11974e-15  -4.9055e-14
       0.944   0.00834608     0.809318    0.0848138 -1.84704e-14  8.16585e-15
       0.945   0.00816118     0.810768    0.0836258 -2.68428e-14 -9.35793e-14
       0.946    0.0079774     0.812234    0.0824352 -2.03309e-14 -8.59574e-14
       0.947   0.00779475     0.813716    0.0812417 -1.91141e-14 -1.14968e-13
       0.948   0.00761324     0.815215    0.0800453 -1.81831e-14 -1.81763e-14
       0.949   0.00743287      0.81673     0.078846 -1.79969e-14 -9.88297e-14
        0.95   0.00725364     0.818264    0.0776436 -2.02444e-14 -8.43462e-14
       0.951   0.00707557     0.819816    0.0764379 -2.12962e-14 -3.74914e-14
       0.952   0.00689865     0.821387    0.0752289 -1.95866e-14 -8.93761e-14
       0.953    0.0067229     0.822977    0.0740164 -1.72339e-14 -7.66411e-15
       0.954   0.00654833     0.824588    0.0728004 -2.25094e-14 -4.84031e-14
       0.955   0.00637493      0.82622    0.0715806 -2.37661e-14 -1.14819e-13
       0.956   0.00620271     0.827873    0.0703569 -1.87017e-14 -4.67785e-14
       0.957   0.00603169      0.82955    0.0691292 -1.85147e-14 -1.12268e-13
       0.958   0.00586187     0.831249    0.0678972 -2.53991e-14 -3.87294e-14
       0.959   0.00569326     0.832973    0.0666609   -1.684e-14 -1.40472e-13
        0.96   0.00552586     0.834723    0.0654201 -2.03897e-14 -4.74179e-14
       0.961   0.00535969     0.836499    0.0641744 -2.61299e-14 -8.79007e-14
       0.962   0.00519476     0.838302    0.0629238 -1.90426e-14 -9.69326e-14
       0.963   0.00503107     0.840134     0.061668 -2.03578e-14 -9.37658e-14
       0.964   0.00486864     0.841997    0.0604068  -2.3713e-14 -4.78444e-14
       0.965   0.00470747      0.84389    0.0591399 -2.06813e-14 -9.71198e-14
       0.966   0.00454757     0.845817    0.0578671 -2.58052e-14 -1.53267e-13
       0.967   0.00438897     0.847778     0.056588 -2.10215e-14 -6.57905e-14
       0.968   0.00423166     0.849776    0.0553023   -2.867e-14 -1.66164e-13
       0.969   0.00407567     0.851811    0.0540099 -2.12049e-14 -8.10423e-14
        0.97     0.003921     0.853887    0.0527101 -2.58098e-14 -1.23713e-13
       0.971   0.00376767     0.856005    0.0514028 -2.46131e-14  -9.4312e-14
       0.972    0.0036157     0.858167    0.0500874 -2.35774e-14 -1.48675e-13
       0.973    0.0034651     0.860378    0.0487635 -2.67032e-14 -9.60247e-14
       0.974   0.00331589     0.862638    0.0474306 -2.45733e-14 -1.82492e-13
       0.975   0.00316808     0.864952    0.0460882 -2.88862e-14 -1.32116e-13
       0.976    0.0030217     0.867323    0.0447357 -2.35639e-14 -1.14749e-13
       0.977   0.00287677     0.869756    0.0433724 -2.81503e-14 -1.96976e-13
       0.978    0.0027333     0.872253    0.0419976 -2.88277e-14  -1.6052e-13
       0.979   0.00259132     0.874821    0.0406106   -2.856e-14 -1.66432e-13
        0.98   0.00245086     0.877465    0.0392103 -2.71213e-14  -2.1611e-13
       0.981   0.00231194     0.880191    0.0377959 -3.45366e-14 -2.06804e-13
       0.982    0.0021746     0.883007    0.0363662 -3.05519e-14 -2.08758e-13
       0.983   0.00203886      0.88592    0.0349199 -3.27447e-14 -2.92184e-13
       0.984   0.00190476      0.88894    0.0334557 -3.21363e-14 -2.43467e-13
       0.985   0.00177234     0.892079    0.0319718 -3.69146e-14 -3.07126e-13
       0.986   0.00164164     0.895349    0.0304663   -3.658e-14 -3.13474e-13
       0.987   0.00151271     0.898766     0.028937 -3.85967e-14 -3.93832e-13
       0.988    0.0013856      0.90235    0.0273813 -3.83105e-14 -3.97529e-13
       0.989   0.00126037     0.906123    0.0257959 -4.26536e-14 -4.41054e-13
        0.99   0.00113709     0.910114    0.0241771  -4.4931e-14 -5.85719e-13
       0.991   0.00101584      0.91436    0.0225201 -4.89143e-14 -6.42287e-13
       0.992    0.0008967     0.918909     0.020819 -5.13517e-14 -7.61537e-13
       0.993  0.000779785     0.923826    0.0190659 -5.83217e-14 -9.78512e-13
       0.994  0.000665224       0.9292    0.0172508 -6.32592e-14  -1.2416e-12
       0.995  0.000553177     0.935162    0.0153594 -7.52463e-14 -1.66719e-12
       0.996  0.000443851     0.941918     0.013371  -8.8838e-14 -2.38525e-12
       0.997  0.000337521     0.949822    0.0112533 -1.12436e-13 -3.79743e-12
       0.998  0.000234584     0.959578   0.00894942 -1.61265e-13 -7.13691e-12
       0.999   0.00013567     0.973021   0.00633957 -3.06349e-13 -1.90254e-11
           1  4.20163e-05            1   0.00303066 -2.09191e-10 -3.44589e-07