3.215489295679051507e-01 2.203630706970939046e-01 1.730666980341411532e-01 1.447352108677301963e-01 1.156725673561176393e-01 9.601447934397545902e-02 8.066809980640245181e-02
5.805452042336634033e-01 4.340179391675292320e-01 3.273700189320657983e-01 2.555687197096472296e-01 2.059663710248955393e-01 1.688325282480375999e-01 1.420516934070521486e-01
1.222692142711931940e+00 9.111427032981065377e-01 6.887859881104597681e-01 5.374303405762346220e-01 4.296150223788906541e-01 3.495861010765681232e-01 2.908587259711900574e-01
2.204752618233993378e+00 1.694938831528010503e+00 1.319208926275998950e+00 1.049163329462975192e+00 8.472576856274705026e-01 6.942725340919568833e-01 5.801331966253938655e-01
3.068347524522590852e+00 2.499936567342171845e+00 2.053666633182162915e+00 1.708052589201527915e+00 1.433440198283314482e+00 1.212499835997276509e+00 1.036070982189082335e+00
3.568978504514604300e+00 2.990971465862109824e+00 2.540020727439320503e+00 2.190886819551116638e+00 1.907995544673856791e+00 1.673216873199024235e+00 1.478755503346626865e+00
3.797965217342360145e+00 3.276894269296004136e+00 2.834433676800678370e+00 2.473017494541132510e+00 2.184879170538439830e+00 1.949191793299130060e+00 1.755329057993413322e+00
4.533949556383150892e+00 3.674928693824985881e+00 3.112226645034186667e+00 2.734964163290584338e+00 2.412755093370853920e+00 2.142955725516947574e+00 1.942429258473977960e+00
3.775011339897216267e+00 3.812412738841744364e+00 3.500637055605539505e+00 3.045992250436571513e+00 2.732256717712034266e+00 2.499351305845080695e+00 2.209726429119645452e+00
8.649909924133888595e+00 4.992614255980378779e+00 3.683903603085515233e+00 3.438137460679618229e+00 2.943306112373406780e+00 2.495815864515175786e+00 2.418442235072831181e+00
-1.351263494111062613e+00 3.808629696270507736e+00 4.834657295381698638e+00 3.900362191373750065e+00 3.683003799466980865e+00 3.687130734855043723e+00 2.913575085662503117e+00
3.772452061814132662e+01 1.583179429166222185e+01 5.410266776246237974e+00 4.149704081425343638e+00 3.905070174664689198e+00 2.446871180812145496e+00 3.380415266782405670e+00
-9.320512480787132858e+01 -7.803863614953138494e+01 -2.126664261828353375e+01 1.115007645804885072e+01 8.516231342558160833e+00 1.353067466003541064e+01 1.362676944435588311e+01
2.219109103251284978e+02 -4.539693874439841181e+01 -7.734487593176427822e+01 -1.910439955965242831e+01 -3.144753128569283973e+01 -5.825503008945234029e+01 -2.780713161555094359e+01
-2.200275351884046131e+02 1.032798624748281782e+02 6.145246929393449875e+01 -6.005810316467805876e+01 -2.122952133282587539e+01 9.538638796422281629e+00 -9.072392077177909187e+01
2.444420738746055122e+01 -4.182581641376277304e+01 5.046181992958096885e+00 6.290187780049754451e+01 1.903978107006703624e+01 -1.350050605263064796e+01 8.886378370977033114e+01
7.269146379401983893e+01 5.130441892388540737e+01 8.056066184878130088e-01 -3.467134604234948370e+01 -3.561024992915891474e+00 2.409063000407640232e+01 -2.919410779997189564e+01
-6.579156870946768265e+01 1.300943442664702587e+01 8.071207302277299434e+00 3.224058154403773813e+01 4.197253167408231178e+01 3.873116392890883830e+00 4.094025150540386448e+01
1.669829445207057574e+02 -6.837185483481384551e+00 5.761237109201366025e+01 8.292760395405395002e+00 -5.941311733706145048e+01 -6.939652611265469062e+00 -1.431429900211154802e+02
1.886337281238745049e+02 -7.267552378756825249e+00 6.121470087138278160e+01 4.581952531479075219e+00 -6.844408572826115744e+01 -7.199333763447924639e+00 -1.592399584427123500e+02
