8.109559745625121607e+00 8.151434305006683090e+00 8.187962046547909267e+00 8.220357075010367609e+00 8.249461070042631405e+00 8.275882588914912574e+00 8.300073135900959187e+00
8.124344185814130981e+00 8.169994720741845740e+00 8.209319029614766450e+00 8.243911290075820020e+00 8.274770775996389105e+00 8.302624214430364802e+00 8.328006480874911688e+00
8.121569566555448816e+00 8.175169350825914449e+00 8.220447125487240214e+00 8.259594474857589574e+00 8.294057748982725187e+00 8.324826661820692308e+00 8.352611350178142047e+00
8.077120229276221863e+00 8.146234292303809355e+00 8.203283635911279958e+00 8.251588653690454578e+00 8.293329305661288231e+00 8.329989813043049196e+00 8.362622136060211986e+00
7.959117710133004842e+00 8.053271774010912765e+00 8.130218292670019054e+00 8.194582004078668547e+00 8.249459358960779198e+00 8.296998129542171085e+00 8.338742827463672569e+00
7.743529018533115149e+00 7.869808051601967058e+00 7.973491906387562445e+00 8.060409735256804709e+00 8.134513339350618821e+00 8.198574858012847244e+00 8.254616340602106916e+00
7.422243763502036629e+00 7.584339481137674532e+00 7.718642923176903814e+00 7.832008179412790483e+00 7.929229011911747449e+00 8.013705319208824562e+00 8.087909201676213300e+00
6.990949068412763978e+00 7.193253182553563718e+00 7.361305596754451841e+00 7.503910017184010073e+00 7.626865907905625797e+00 7.734114311558380805e+00 7.828742153269874215e+00
6.447369814379306341e+00 6.689690161684764824e+00 6.894706948322824935e+00 7.069884098970299569e+00 7.221439699074939433e+00 7.354580453748781110e+00 7.472460988233540213e+00
5.761241366296975031e+00 6.066203277334370370e+00 6.313429752698393571e+00 6.524190908179509307e+00 6.707672230732732110e+00 6.867701022230585650e+00 7.009849123914879243e+00
4.986253779624624016e+00 5.296729187739676270e+00 5.582675832423899642e+00 5.836879080406400355e+00 6.056767868882900530e+00 6.255632310075278646e+00 6.432615853802623462e+00
3.781060992929140330e+00 4.367355623515696728e+00 4.755372012545852733e+00 5.047015666807376455e+00 5.308007077608110080e+00 5.518423767539568203e+00 5.706333777616342751e+00
3.185105444208030434e+00 3.230971616368297550e+00 3.476799058135646270e+00 3.844509806594264223e+00 4.169097277789039602e+00 4.536586199655966212e+00 4.872201095731107934e+00
3.617943809253103105e+00 3.695167404590034899e+00 2.900010261855432425e+00 3.034063621989575132e+00 3.401464545801552664e+00 3.462906238944596371e+00 3.601837925331738077e+00
3.740827897986180872e+00 4.071266296054895761e+00 3.816082755755484168e+00 3.518049633186377534e+00 3.275545830550063098e+00 3.161221810040660607e+00 2.789325002356129790e+00
3.465578206425498742e+00 3.326315249542730168e+00 3.320335111796584915e+00 3.329194794678211888e+00 3.384212107911548362e+00 3.213744672318389561e+00 2.942773485379918341e+00
2.905720418721013054e+00 3.279914106998868206e+00 3.336867197709190158e+00 3.362620701410500956e+00 3.297607889085595989e+00 3.184112514960903972e+00 3.001807933615447510e+00
2.068990272617278414e+00 2.560448150667202327e+00 2.865704709451366572e+00 2.786306365915016681e+00 2.999666050124152328e+00 3.092583876154389344e+00 3.085160716584609109e+00
9.808419501400352791e-01 1.538268493192392450e+00 1.964536461483724183e+00 2.278603470335489156e+00 2.611161220187916854e+00 2.729605638936656753e+00 2.573625217955437972e+00
9.197508486178338494e-01 1.511071476791279400e+00 1.940095564337861234e+00 2.292988716438129515e+00 2.590463597171447585e+00 2.699042980282398752e+00 2.510239731600523605e+00
