4.498130643759966074e-01 3.898448139345958574e-01 3.428767075692432109e-01 3.063314558989138070e-01 2.767681736768127232e-01 2.523612665302092384e-01 2.321487359521424154e-01
5.014568001519962293e-01 4.276122139311067660e-01 3.716512337088362372e-01 3.292170199643154049e-01 2.951999670024221811e-01 2.675440326365237098e-01 2.449459408542406513e-01
6.182569282976971836e-01 5.148909762362503528e-01 4.375633871878545356e-01 3.805919338116995898e-01 3.363611649597381126e-01 3.010916695965630829e-01 2.729372604940049074e-01
8.519057153306810459e-01 6.935114500672264759e-01 5.760036396558575467e-01 4.904518038414322212e-01 4.249793971105761958e-01 3.736700778718187177e-01 3.335535697919218556e-01
1.203432554337114047e+00 9.782783637953236244e-01 8.088213673838536844e-01 6.834414813631723984e-01 5.865559039765073646e-01 5.101367888177987808e-01 4.501190074982270861e-01
1.622361153978948423e+00 1.330285764109959246e+00 1.107978601341152558e+00 9.413235288120193056e-01 8.110749181261199814e-01 7.070432656971508134e-01 6.241685594747352628e-01
2.086283350872787157e+00 1.723533312487512292e+00 1.446008419075513363e+00 1.236727139234878647e+00 1.071862558779038688e+00 9.392958647577626108e-01 8.337536270054786147e-01
2.570232307949015915e+00 2.154453197711070356e+00 1.824943085624049166e+00 1.567932304613120609e+00 1.366181263296805781e+00 1.204379031467511130e+00 1.070684603224292930e+00
3.362948436198737401e+00 2.689353409877153656e+00 2.241213351653263519e+00 1.942062669435289379e+00 1.692295784972305706e+00 1.485368366721358191e+00 1.337876069298642667e+00
3.206278025680449062e+00 3.021063805138466840e+00 2.743286354581381481e+00 2.381690491735924287e+00 2.101580029273076633e+00 1.910490478595486152e+00 1.659398356161551513e+00
7.582212765344820582e+00 4.889102534937191713e+00 3.341978042803725568e+00 2.826718639055882054e+00 2.462706995696606782e+00 2.009588657679326928e+00 1.993505848065979302e+00
-1.576455603067063116e+00 -1.205856331267126214e+00 2.170018112615967887e+00 3.895239945738824261e+00 3.491457304566199404e+00 3.735941199561796822e+00 3.228386721881172594e+00
1.822834562845845596e+01 -7.300768722414595402e+00 -5.884750080648734283e+00 2.222538853087753008e+00 5.589710226219973821e-01 -1.721340433903882694e+00 7.439819771568525475e-01
-9.887288998404036855e-01 1.606285186223694872e+00 -6.835179019234334241e-01 -2.864809445617087835e+00 -1.519602507306946571e+00 -1.746921916416067200e+00 -7.070450721253142667e+00
2.982390382207860124e+00 -2.908295806322964139e-01 2.059164205112410384e-01 1.260989290252489292e+00 -5.154279962825221162e-01 -2.271652168081102818e+00 -9.778220246425770590e-01
5.781515917579013397e+00 4.431942608869018585e+00 2.647600913967821379e-01 -3.494987599416415902e-01 1.115948626191054283e+00 -1.008435258363998555e-01 -9.180706880965350258e-01
4.326427684617584646e+00 5.062534506853684668e+00 2.810573998644437133e+00 3.178385580565812774e+00 3.213763746603297111e+00 -1.289961504896746103e-01 -1.335553831369195255e+00
7.032148410654751380e+00 4.947993865707143613e+00 3.786217598117486371e+00 3.364652931228419686e+00 2.266211661976412550e+00 -2.478716638059984545e-01 -3.681440973880119483e+00
