4.498130643759966074e-01 3.898448139345958574e-01 3.428767075692432109e-01 3.063314558989138070e-01 2.767681736768127232e-01 2.523612665302092384e-01 2.321487359521424154e-01
4.939280967453092419e-01 4.219784104060532171e-01 3.674035756495138694e-01 3.259043670151386407e-01 2.925313477386022321e-01 2.653579726667361083e-01 2.431079079501440587e-01
5.854864781731974333e-01 4.904485009475299528e-01 4.190462859903724691e-01 3.661200760411425503e-01 3.247921147096463623e-01 2.916770740133630690e-01 2.651076250993827377e-01
7.634105280022662754e-01 6.248438828623957830e-01 5.221161395998464849e-01 4.473224003375862456e-01 3.899643515500811897e-01 3.448549740398901831e-01 3.094006642580742761e-01
1.044168732818741896e+00 8.472077287122504741e-01 7.000178284426574749e-01 5.920278595497390217e-01 5.091027220811973342e-01 4.440450160305555727e-01 3.932212688834115788e-01
1.396636712803303260e+00 1.139379193923013123e+00 9.447331471380737700e-01 7.997387271698133127e-01 6.869549330743923710e-01 5.973952232137806906e-01 5.265542116151159524e-01
1.784328452454424285e+00 1.469790849316334524e+00 1.228482940526274270e+00 1.046338336832117299e+00 9.037463741905509274e-01 7.895903602866758408e-01 6.982978775967828566e-01
2.225936046395238677e+00 1.835964439064605491e+00 1.540902047596976354e+00 1.320132409460853085e+00 1.145377649094879269e+00 1.004485825390689646e+00 8.929664102697784100e-01
2.635594724538294020e+00 2.223748945644234976e+00 1.889523511190324578e+00 1.623975128160499715e+00 1.416558498731154359e+00 1.250681520269316449e+00 1.111354094949561944e+00
3.418606921901450324e+00 2.720786615426776578e+00 2.263898208433989367e+00 1.963249476191396337e+00 1.710378227830568365e+00 1.500541034018617159e+00 1.352764431559396741e+00
3.203821609158123973e+00 2.993898408569652503e+00 2.713246340541545010e+00 2.357613009265890902e+00 2.079062716164962410e+00 1.888733016140577536e+00 1.641444766864368132e+00
7.203082824303881360e+00 4.697182442755407195e+00 3.237517993175838438e+00 2.742546883291619331e+00 2.371346425525411306e+00 1.914310436572452367e+00 1.921212828431765773e+00
-6.544488618929225066e-01 1.515120187368179883e+00 3.344776530248674273e+00 3.511919398416107896e+00 3.376492465688720301e+00 3.744402530680075003e+00 2.739011949853033645e+00
1.335166290299723713e+01 -7.698429366623483538e+00 -4.095951858433439341e+00 4.249123322343455911e+00 2.143087087443220629e+00 4.380683653428579793e-02 3.692886952325193928e+00
8.459674804754815369e+00 -7.373162772669972220e-01 -3.252763962607728043e+00 -2.848127758357651196e+00 -1.570832760124283078e+00 -1.573375895516722078e+00 -6.722288503626822731e+00
-2.683310579526008155e+00 -4.140820156369711125e-01 -1.765419679354876190e-02 5.710851568755883623e-01 -3.503765472598745490e-01 -2.633082638630726002e+00 -2.360451574166127386e+00
6.618165169279023985e+00 1.510721245609482510e+00 2.733532179283530428e-01 -1.229362849739228936e-01 -9.593873367404808228e-01 -1.394759961552050509e+00 -2.335571481155782170e+00
4.116588330974312093e+00 4.848070707097297927e+00 3.925619456591272760e-01 3.574279677006079181e-01 2.196566403722015615e+00 4.463172459249260815e-02 1.897466917217109916e-01
6.096733276207495500e+00 4.985135070779041833e+00 3.473561780986984093e+00 3.330667119565920764e+00 2.602512501875110740e+00 -2.106520690313540278e-01 -2.885984292724052658e+00
7.032148410654751380e+00 4.947993865707143613e+00 3.786217598117486371e+00 3.364652931228419686e+00 2.266211661976412550e+00 -2.478716638059984545e-01 -3.681440973880119483e+00
