1.574318757777426747e-01 1.840783967392604914e-01 2.033008061240900721e-01 2.193238991959734485e-01 2.322234764194627266e-01 2.427718978505126746e-01 2.515700959040768070e-01
9.026519512521147259e-02 1.406610244216821848e-01 1.783980944530730306e-01 2.072965822418635640e-01 2.302518034129246993e-01 2.489054733104391348e-01 2.643634093270613161e-01
-1.768204227313086296e-01 -7.087195313269144259e-02 8.381208735852008901e-03 6.925194674451451426e-02 1.173186211623283154e-01 1.561011644501266449e-01 1.879458929175400750e-01
-7.228360395425225127e-01 -5.289688327332051632e-01 -3.793788105217879014e-01 -2.616042371967060021e-01 -1.672748128632754738e-01 -9.052201699454545669e-02 -2.712544557591912986e-02
-1.561905083976932396e+00 -1.284508721242197282e+00 -1.057846403074484298e+00 -8.704201982664522275e-01 -7.138691634654308338e-01 -5.819430909887168824e-01 -4.698854793167142607e-01
-2.546771803850369054e+00 -2.219833107833447006e+00 -1.944342300670290014e+00 -1.708435067994430012e+00 -1.503956848993034612e+00 -1.325232205612911329e+00 -1.167969564299148777e+00
-3.561370570713868311e+00 -3.208282682678207820e+00 -2.903371371669632772e+00 -2.638694466976880371e+00 -2.406325277486177860e+00 -2.199970267977080063e+00 -2.015092764095232081e+00
-4.639878140538880480e+00 -4.231903551476533742e+00 -3.895015107981637303e+00 -3.603276903568124467e+00 -3.346187161596057891e+00 -3.118978894825092940e+00 -2.915286919798970366e+00
-5.730683145715737226e+00 -5.348402132760615046e+00 -4.979839834020078904e+00 -4.653037025703933516e+00 -4.365944408184616599e+00 -4.103891344799607488e+00 -3.867964795844217374e+00
-7.201124705311880980e+00 -6.538570038099988047e+00 -6.124315686940517089e+00 -5.766357833799919952e+00 -5.444990368334602593e+00 -5.176118574643640002e+00 -4.933489974817704571e+00
-8.241129259756510450e+00 -8.083812069721284743e+00 -7.617198840211422350e+00 -7.182224700748916391e+00 -6.813228511533298892e+00 -6.438241096612359549e+00 -6.101725117381643138e+00
-1.252789595079835294e+01 -9.945673528733699698e+00 -8.979163798763803328e+00 -8.558254679464615933e+00 -8.115358689543391790e+00 -7.817692814101408594e+00 -7.546259684053537420e+00
1.419119088313751664e+00 -7.489781500163959826e+00 -1.280175797916226976e+01 -1.255495250565118148e+01 -1.174009482727993436e+01 -1.059676328937395517e+01 -9.197904846378079924e+00
4.401961430233199302e+00 1.126632741025169615e+01 3.167904077425559350e+00 -1.196367324118564390e+00 -3.005762771110002785e+00 -7.968019150514428439e+00 -1.274825554641177305e+01
-1.592791223616714325e+00 -4.387384935594480062e+00 6.892021576544696160e+00 5.247002947268448736e+00 2.250394199578988619e-01 7.324179572831285290e-01 -2.234923477339299858e+00
-3.751778779973682809e+00 -5.563709416354998716e+00 -8.345541322461436096e+00 -4.188349771069426630e+00 8.442411530390843133e-01 -2.999903464914147055e-03 2.640959172016248413e+00
-6.757785127774700307e+00 -3.153929299189045521e-01 2.532706409160281780e+00 3.464570485973347269e-01 -2.181987008967254393e+00 -4.810368184005614500e-01 -6.174076818666374145e-02
-9.135928649494855947e+00 -1.107720844479851863e+01 -9.325349439514932115e+00 -8.492713605472053118e+00 -3.358480601097904916e+00 -1.692586117696782688e+00 -7.830564272958140393e-02
-1.154645935597941886e+01 -5.524752125615546738e+00 -4.971573566686281254e+00 2.205416517050407421e+00 -3.925897055467165053e+00 -5.671228868419797564e+00 -1.160305431557512890e+01
-1.166817814715269996e+01 -4.803065474503235066e+00 -4.308904164478359888e+00 3.269374646771874282e+00 -3.938956655510441163e+00 -5.943749491395250217e+00 -1.248833596300262094e+01
