3.215489295679051507e-01 2.203630706970939046e-01 1.730666980341411532e-01 1.447352108677301963e-01 1.156725673561176393e-01 9.601447934397545902e-02 8.066809980640245181e-02
6.362249429190733885e-01 4.764481491861629059e-01 3.591032451701653416e-01 2.798180688747103351e-01 2.253220571229503366e-01 1.844640404850978743e-01 1.549912507118424432e-01
1.426505431103537225e+00 1.065778160396652963e+00 8.094006728477055601e-01 6.336985031457106343e-01 5.067767322675443831e-01 4.125161082601760398e-01 3.430178328827142575e-01
2.551586457166933553e+00 1.998453278353641505e+00 1.581626373946931841e+00 1.274460812292449230e+00 1.040651852783377684e+00 8.604105209435405355e-01 7.236076512492201074e-01
3.348584800287591090e+00 2.777273956959819046e+00 2.325485589507869655e+00 1.971461549721463813e+00 1.685156418552349544e+00 1.449998602507263534e+00 1.257703778930914673e+00
3.702604944020204236e+00 3.166255345471027383e+00 2.725365585120268719e+00 2.372398647642774527e+00 2.089824123965253300e+00 1.856808231486526406e+00 1.662510581353561001e+00
4.424114366214681127e+00 3.575658211935226927e+00 3.021114870204077096e+00 2.653855119822890796e+00 2.339031847474680070e+00 2.074183884553418178e+00 1.885067954571724602e+00
3.350912347616774145e+00 3.667256233910521690e+00 3.449424441053766444e+00 2.988098720739260639e+00 2.689238070789601753e+00 2.478861467224810156e+00 2.167710639935057415e+00
9.294525948423425277e+00 5.152286928176307512e+00 3.644351469041343439e+00 3.405487577542715361e+00 2.898448121542570810e+00 2.408026780943485878e+00 2.391032374310081199e+00
2.256692371536360042e+00 4.998814973257688976e+00 4.867089048629173575e+00 3.875309626596818102e+00 3.586342414576657145e+00 3.329204543055524823e+00 2.883842464050220045e+00
2.029398504679136295e-01 3.922393368232173660e+00 5.859819325196879980e+00 4.961707755705822898e+00 6.066607819981157057e+00 8.192860017104008463e+00 4.466745720277129905e+00
5.053113356108360676e+01 -9.659783165511056779e+01 -5.704659920749973878e+01 1.362961987901494254e+01 -2.184773287202993686e+00 -1.716178654164045980e+01 1.808696014695121690e+01
-2.810770916029254707e+01 6.953312881343246943e+01 2.752183649224217987e+00 -7.622525992748248314e+01 -4.020877426191903226e+01 -1.742884456899160384e+01 -1.110810989929404116e+02
-9.661581865135232761e+01 -2.058466251678454029e+01 2.562485815533381839e+01 5.625866134224393988e+01 2.063519131601242407e+01 -1.653196608249368538e+01 7.439824869276715447e+01
1.122140138079027594e+02 4.066139736298711682e+01 2.622357068779027411e+00 -3.279462332322312079e+01 -1.608633295308190014e+01 2.094150372720227438e+01 -3.391156484280998029e+01
-6.513196384094271707e+01 2.079044727875178467e+01 2.644340195389762727e+00 2.396025264339968075e+01 4.389476914027618193e+01 7.972770265289508274e+00 4.609308981464364763e+01
1.198012510380466438e+02 -5.613438999207193802e+00 4.955904269780405969e+01 1.607983338569355425e+01 -3.965210486685812441e+01 -6.223088186704053726e+00 -1.078572575127647042e+02
1.886337281238745049e+02 -7.267552378756825249e+00 6.121470087138278160e+01 4.581952531479075219e+00 -6.844408572826115744e+01 -7.199333763447924639e+00 -1.592399584427123500e+02
