1.574318757777426747e-01 1.840783967392604914e-01 2.033008061240900721e-01 2.193238991959734485e-01 2.322234764194627266e-01 2.427718978505126746e-01 2.515700959040768070e-01
6.926416222332089367e-02 1.245442177476084461e-01 1.659681883844505990e-01 1.976335243723262858e-01 2.227581076441824959e-01 2.431525356340465960e-01 2.600304233033552959e-01
-2.753764207906224115e-01 -1.516318227419288789e-01 -5.874246260602712655e-02 1.293748908917725926e-02 6.962325131724265981e-02 1.153815404383794208e-01 1.529518845902747282e-01
-9.888282855977663655e-01 -7.624621844417920347e-01 -5.845940874468185111e-01 -4.424815315606651089e-01 -3.272567049168148556e-01 -2.325655734150151033e-01 -1.537266519899229689e-01
-2.015613921677019249e+00 -1.710317004446946898e+00 -1.456175047755861485e+00 -1.241961075623188471e+00 -1.059625440857658862e+00 -9.032248814085843680e-01 -7.681969539405815173e-01
-3.140857754296365378e+00 -2.798210238473456180e+00 -2.504424690595546288e+00 -2.250206360686961560e+00 -2.027598547273658181e+00 -1.830589581520617903e+00 -1.654946292898161087e+00
-4.321296085498843809e+00 -3.923756730029249518e+00 -3.596367349360187315e+00 -3.313290969610102721e+00 -3.063848442794510074e+00 -2.843818756467601183e+00 -2.646487264785840843e+00
-5.503294037260855198e+00 -5.147934144191569139e+00 -4.787648646450434420e+00 -4.466165720229407832e+00 -4.184613399957087587e+00 -3.925368637858658971e+00 -3.692200247302957372e+00
-7.157967583923553256e+00 -6.457579469769500591e+00 -6.039700079584553905e+00 -5.686406790373355058e+00 -5.367541749559394226e+00 -5.106163228884805783e+00 -4.870155495571840909e+00
-8.552414064105821723e+00 -8.165689959146536836e+00 -7.648446020332611894e+00 -7.220940599334163323e+00 -6.849957021346173569e+00 -6.502611138402198954e+00 -6.190390252984542485e+00
-1.085420983581483867e+01 -1.063309294520650461e+01 -1.012913208086172467e+01 -9.555646997715655289e+00 -9.070023475261677959e+00 -8.308280362624508086e+00 -7.626530354972534731e+00
3.797203694060682366e+00 -6.179952450571388201e-02 -9.299689381501266894e+00 -1.043361981137553052e+01 -9.456785814122698142e+00 -1.084266180509011335e+01 -1.121495112434981678e+01
1.595653635564219019e+00 5.037106144370662619e+00 1.002155329365293746e+01 5.180992927132221482e+00 -1.390367717101230971e+00 -3.301980457672795133e+00 -8.757209434795431235e+00
-2.603356879902133159e+00 -8.214867309455238242e+00 -7.714343898674031585e+00 -3.609086261228749759e+00 1.328812596003377866e+00 4.664957562312606609e-01 2.292331785296873647e+00
-5.800406545019972882e+00 1.564084212268631591e+00 3.448992132601041760e+00 2.175957622764635335e+00 -1.372423506638805968e+00 -3.639907575136542839e-01 -2.468196028749010118e-01
-8.575345678275246186e+00 -9.925183854692656737e+00 -7.886206829293445075e+00 -8.080915164568976294e+00 -3.140202832317949166e+00 -1.163845182242506215e+00 9.224285015513129515e-01
-1.126051010657777596e+01 -7.056012602421342095e+00 -6.363625515277041345e+00 -9.926042983125848984e-02 -3.889416469486375760e+00 -5.057649572112697278e+00 -9.636140307034347430e+00
-1.166817814715269996e+01 -4.803065474503235066e+00 -4.308904164478359888e+00 3.269374646771874282e+00 -3.938956655510441163e+00 -5.943749491395250217e+00 -1.248833596300262094e+01
