8.109559745625121607e+00 8.151434305006683090e+00 8.187962046547909267e+00 8.220357075010367609e+00 8.249461070042631405e+00 8.275882588914912574e+00 8.300073135900959187e+00
8.125334829615098897e+00 8.171639250269262078e+00 8.211453392601272938e+00 8.246420389226960523e+00 8.277577368620224973e+00 8.305672419913975091e+00 8.331254769900317214e+00
8.116007803476966487e+00 8.172448212345218010e+00 8.219853944157984316e+00 8.260639427638533761e+00 8.296397020404466360e+00 8.328210369746775754e+00 8.356852523865798688e+00
8.045430889104970618e+00 8.122361026917763738e+00 8.185496060946819696e+00 8.238626954002166158e+00 8.284255736017888339e+00 8.324094936340685535e+00 8.359362845297550138e+00
7.870591597322012412e+00 7.979212999944214957e+00 8.068103843218755955e+00 8.142446510434012907e+00 8.205741949779190136e+00 8.260439906636912966e+00 8.308316018670721448e+00
7.567441787712208878e+00 7.714492731724153174e+00 7.835824548104207921e+00 7.937943521667039981e+00 8.025302802594717733e+00 8.101032403900827461e+00 8.167416687274368314e+00
7.129693733336915251e+00 7.319474356963485029e+00 7.477241234000194581e+00 7.610950827897633886e+00 7.726067218493327893e+00 7.826399935867927482e+00 7.914827206653848535e+00
6.551664535591804395e+00 6.787179902556882638e+00 6.985430808405716618e+00 7.154585164050896395e+00 7.300859260651493265e+00 7.429153043693160541e+00 7.542671993731199009e+00
5.805701680082345995e+00 6.106437980985325531e+00 6.351087527661033683e+00 6.559646963849511181e+00 6.741146188139922835e+00 6.899534103051038869e+00 7.040201032178471152e+00
4.934281677664993815e+00 5.246420129456065951e+00 5.535408997692183419e+00 5.792283453296062312e+00 6.014463276052122609e+00 6.215566822876853692e+00 6.394561286046008597e+00
3.562412613162849961e+00 4.176428497024666342e+00 4.578432644759428349e+00 4.879219608531599306e+00 5.148817964583556339e+00 5.368790784515653947e+00 5.565303547066219103e+00
3.269125209632054663e+00 3.104965653147985449e+00 3.128129782448068053e+00 3.483947521979172013e+00 3.836210955785983590e+00 4.203847867431352192e+00 4.558331249942469299e+00
3.754266328224694860e+00 4.076102398588229647e+00 3.192283683496407232e+00 3.122194725524171321e+00 3.311096228640549644e+00 3.213430809179900649e+00 3.125015937445993153e+00
3.620951941426703513e+00 3.692536565530961656e+00 3.779381739531068707e+00 3.559450036628057923e+00 3.323969799807776848e+00 3.203111990252693442e+00 2.804711770000298809e+00
3.139428753654672111e+00 3.242590410700252779e+00 3.206928369661002698e+00 3.302384590422424715e+00 3.364743222502291520e+00 3.199972094990468197e+00 3.012081266060641305e+00
2.288319749201250364e+00 2.822472752263338602e+00 3.080787964016312941e+00 2.993855559413821421e+00 3.080211753277022346e+00 3.127637300046695046e+00 3.073361881101986270e+00
1.122060926543462456e+00 1.616409597204070847e+00 2.034965583566021863e+00 2.265850133270645550e+00 2.659561585816387907e+00 2.795998280486956755e+00 2.704969096258901473e+00
9.197508486178338494e-01 1.511071476791279400e+00 1.940095564337861234e+00 2.292988716438129515e+00 2.590463597171447585e+00 2.699042980282398752e+00 2.510239731600523605e+00
