0.000000000000000000e+00
1.672240802675585281e+00
3.344481605351170561e+00
5.016722408026756064e+00
6.688963210702341122e+00
8.361204013377927069e+00
1.003344481605351213e+01
1.170568561872909719e+01
1.337792642140468224e+01
1.505016722408026730e+01
1.672240802675585414e+01
1.839464882943143920e+01
2.006688963210702425e+01
2.173913043478260931e+01
2.341137123745819437e+01
2.508361204013377943e+01
2.675585284280936449e+01
2.842809364548494955e+01
3.010033444816053461e+01
3.177257525083611966e+01
3.344481605351170828e+01
3.511705685618728978e+01
3.678929765886287839e+01
3.846153846153845990e+01
4.013377926421404851e+01
4.180602006688963002e+01
4.347826086956521863e+01
4.515050167224080013e+01
4.682274247491638874e+01
4.849498327759197025e+01
5.016722408026755886e+01
5.183946488294314037e+01
5.351170568561872898e+01
5.518394648829431759e+01
5.685618729096989910e+01
5.852842809364548771e+01
6.020066889632106921e+01
6.187290969899665782e+01
6.354515050167223933e+01
6.521739130434782794e+01
6.688963210702341655e+01
6.856187290969899095e+01
7.023411371237457956e+01
7.190635451505016817e+01
7.357859531772575679e+01
7.525083612040133119e+01
7.692307692307691980e+01
7.859531772575250841e+01
8.026755852842809702e+01
8.193979933110368563e+01
8.361204013377926003e+01
8.528428093645484864e+01
8.695652173913043725e+01
8.862876254180602587e+01
9.030100334448160027e+01
9.197324414715718888e+01
9.364548494983277749e+01
9.531772575250836610e+01
9.698996655518394050e+01
9.866220735785952911e+01
1.003344481605351177e+02
1.020066889632107063e+02
1.036789297658862807e+02
1.053511705685618693e+02
1.070234113712374580e+02
1.086956521739130466e+02
1.103678929765886352e+02
1.120401337792642096e+02
1.137123745819397982e+02
1.153846153846153868e+02
1.170568561872909754e+02
1.187290969899665498e+02
1.204013377926421384e+02
1.220735785953177270e+02
1.237458193979933156e+02
1.254180602006688900e+02
1.270903010033444787e+02
1.287625418060200673e+02
1.304347826086956559e+02
1.321070234113712445e+02
1.337792642140468331e+02
1.354515050167224217e+02
1.371237458193979819e+02
1.387959866220735705e+02
1.404682274247491591e+02
1.421404682274247477e+02
1.438127090301003363e+02
1.454849498327759250e+02
1.471571906354515136e+02
1.488294314381271022e+02
1.505016722408026624e+02
1.521739130434782510e+02
1.538461538461538396e+02
1.555183946488294282e+02
1.571906354515050168e+02
1.588628762541806054e+02
1.605351170568561940e+02
1.622073578595317827e+02
1.638795986622073713e+02
1.655518394648829315e+02
1.672240802675585201e+02
1.688963210702341087e+02
1.705685618729096973e+02
1.722408026755852859e+02
1.739130434782608745e+02
1.755852842809364631e+02
1.772575250836120517e+02
1.789297658862876119e+02
1.806020066889632005e+02
1.822742474916387891e+02
1.839464882943143778e+02
1.856187290969899664e+02
1.872909698996655550e+02
1.889632107023411436e+02
1.906354515050167322e+02
1.923076923076923208e+02
1.939799331103678810e+02
1.956521739130434696e+02
1.973244147157190582e+02
1.989966555183946468e+02
2.006688963210702354e+02
2.023411371237458241e+02
2.040133779264214127e+02
2.056856187290970013e+02
2.073578595317725615e+02
2.090301003344481501e+02
2.107023411371237387e+02
2.123745819397993273e+02
2.140468227424749159e+02
2.157190635451505045e+02
2.173913043478260931e+02
2.190635451505016817e+02
2.207357859531772704e+02
2.224080267558528305e+02
2.240802675585284192e+02
2.257525083612040078e+02
2.274247491638795964e+02
2.290969899665551850e+02
2.307692307692307736e+02
2.324414715719063622e+02
2.341137123745819508e+02
2.357859531772575110e+02
2.374581939799330996e+02
2.391304347826086882e+02
2.408026755852842768e+02
2.424749163879598655e+02
2.441471571906354541e+02
2.458193979933110427e+02
2.474916387959866313e+02
2.491638795986622199e+02
2.508361204013377801e+02
2.525083612040133687e+02
2.541806020066889573e+02
2.558528428093645459e+02
2.575250836120401345e+02
2.591973244147156947e+02
2.608695652173913118e+02
2.625418060200668720e+02
2.642140468227424890e+02
2.658862876254180492e+02
2.675585284280936662e+02
2.692307692307692264e+02
2.709030100334448434e+02
2.725752508361204036e+02
2.742474916387959638e+02
2.759197324414715808e+02
2.775919732441471410e+02
2.792642140468227581e+02
2.809364548494983183e+02
2.826086956521739353e+02
2.842809364548494955e+02
2.859531772575250557e+02
2.876254180602006727e+02
2.892976588628762329e+02
2.909698996655518499e+02
2.926421404682274101e+02
2.943143812709030271e+02
2.959866220735785873e+02
2.976588628762542044e+02
2.993311036789297646e+02
3.010033444816053247e+02
3.026755852842809418e+02
3.043478260869565020e+02
3.060200668896321190e+02
3.076923076923076792e+02
3.093645484949832962e+02
3.110367892976588564e+02
3.127090301003344734e+02
3.143812709030100336e+02
3.160535117056855938e+02
3.177257525083612109e+02
3.193979933110367710e+02
3.210702341137123881e+02
3.227424749163879483e+02
3.244147157190635653e+02
3.260869565217391255e+02
3.277591973244147425e+02
3.294314381270903027e+02
3.311036789297658629e+02
3.327759197324414799e+02
3.344481605351170401e+02
3.361204013377926572e+02
3.377926421404682173e+02
3.394648829431438344e+02
3.411371237458193946e+02
3.428093645484949548e+02
3.444816053511705718e+02
3.461538461538461320e+02
3.478260869565217490e+02
3.494983277591973092e+02
3.511705685618729262e+02
3.528428093645484864e+02
3.545150501672241035e+02
3.561872909698996637e+02
3.578595317725752238e+02
3.595317725752508409e+02
3.612040133779264011e+02
3.628762541806020181e+02
3.645484949832775783e+02
3.662207357859531953e+02
3.678929765886287555e+02
3.695652173913043725e+02
3.712374581939799327e+02
3.729096989966554929e+02
3.745819397993311100e+02
3.762541806020066701e+02
3.779264214046822872e+02
3.795986622073578474e+02
3.812709030100334644e+02
3.829431438127090246e+02
3.846153846153846416e+02
3.862876254180602018e+02
3.879598662207357620e+02
3.896321070234113790e+02
3.913043478260869392e+02
3.929765886287625563e+02
3.946488294314381164e+02
3.963210702341137335e+02
3.979933110367892937e+02
3.996655518394648539e+02
4.013377926421404709e+02
4.030100334448160311e+02
4.046822742474916481e+02
4.063545150501672083e+02
4.080267558528428253e+02
4.096989966555183855e+02
4.113712374581940026e+02
4.130434782608695627e+02
4.147157190635451229e+02
4.163879598662207400e+02
4.180602006688963002e+02
4.197324414715719172e+02
4.214046822742474774e+02
4.230769230769230944e+02
4.247491638795986546e+02
4.264214046822742716e+02
4.280936454849498318e+02
4.297658862876253920e+02
4.314381270903010090e+02
4.331103678929765692e+02
4.347826086956521863e+02
4.364548494983277465e+02
4.381270903010033635e+02
4.397993311036789237e+02
4.414715719063545407e+02
4.431438127090301009e+02
4.448160535117056611e+02
4.464882943143812781e+02
4.481605351170568383e+02
4.498327759197324553e+02
4.515050167224080155e+02
4.531772575250836326e+02
4.548494983277591928e+02
4.565217391304348098e+02
4.581939799331103700e+02
4.598662207357859302e+02
4.615384615384615472e+02
4.632107023411371074e+02
4.648829431438127244e+02
4.665551839464882846e+02
4.682274247491639017e+02
4.698996655518394618e+02
4.715719063545150220e+02
4.732441471571906391e+02
4.749163879598661993e+02
4.765886287625418163e+02
4.782608695652173765e+02
4.799331103678929935e+02
4.816053511705685537e+02
4.832775919732441707e+02
4.849498327759197309e+02
4.866220735785952911e+02
4.882943143812709081e+02
4.899665551839464683e+02
4.916387959866220854e+02
4.933110367892976456e+02
4.949832775919732626e+02
4.966555183946488228e+02
4.983277591973244398e+02
5.000000000000000000e+02
