2.000000000000000000e+01
3.665551839464882988e+01
5.331103678929765977e+01
6.996655518394649675e+01
8.662207357859531953e+01
1.032775919732441423e+02
1.199331103678929793e+02
1.365886287625418163e+02
1.532441471571906391e+02
1.698996655518394618e+02
1.865551839464882846e+02
2.032107023411371358e+02
2.198662207357859586e+02
2.365217391304347814e+02
2.531772575250836326e+02
2.698327759197324553e+02
2.864882943143812781e+02
3.031438127090301009e+02
3.197993311036789237e+02
3.364548494983277465e+02
3.531103678929765692e+02
3.697658862876254489e+02
3.864214046822742716e+02
4.030769230769230944e+02
4.197324414715719172e+02
4.363879598662207400e+02
4.530434782608695627e+02
4.696989966555183855e+02
4.863545150501672651e+02
5.030100334448160879e+02
5.196655518394649107e+02
5.363210702341136766e+02
5.529765886287625563e+02
5.696321070234114359e+02
5.862876254180602018e+02
6.029431438127090814e+02
6.195986622073578474e+02
6.362541806020067270e+02
6.529096989966554929e+02
6.695652173913043725e+02
6.862207357859531385e+02
7.028762541806020181e+02
7.195317725752508977e+02
7.361872909698996637e+02
7.528428093645485433e+02
7.694983277591973092e+02
7.861538461538461888e+02
8.028093645484949548e+02
8.194648829431438344e+02
8.361204013377927140e+02
8.527759197324414799e+02
8.694314381270903596e+02
8.860869565217391255e+02
9.027424749163880051e+02
9.193979933110367710e+02
9.360535117056856507e+02
9.527090301003345303e+02
9.693645484949832962e+02
9.860200668896321758e+02
1.002675585284280942e+03
1.019331103678929821e+03
1.035986622073578474e+03
1.052642140468227353e+03
1.069297658862876233e+03
1.085953177257525113e+03
1.102608695652173992e+03
1.119264214046822872e+03
1.135919732441471524e+03
1.152575250836120404e+03
1.169230769230769283e+03
1.185886287625418163e+03
1.202541806020066815e+03
1.219197324414715695e+03
1.235852842809364574e+03
1.252508361204013454e+03
1.269163879598662334e+03
1.285819397993310986e+03
1.302474916387959865e+03
1.319130434782608745e+03
1.335785953177257625e+03
1.352441471571906277e+03
1.369096989966555157e+03
1.385752508361204036e+03
1.402408026755852916e+03
1.419063545150501795e+03
1.435719063545150448e+03
1.452374581939799327e+03
1.469030100334448207e+03
1.485685618729097087e+03
1.502341137123745966e+03
1.518996655518394618e+03
1.535652173913043498e+03
1.552307692307692378e+03
1.568963210702341257e+03
1.585618729096989910e+03
1.602274247491638789e+03
1.618929765886287669e+03
1.635585284280936548e+03
1.652240802675585428e+03
1.668896321070234080e+03
1.685551839464882960e+03
1.702207357859531839e+03
1.718862876254180719e+03
1.735518394648829371e+03
1.752173913043478251e+03
1.768829431438127131e+03
1.785484949832776010e+03
1.802140468227424890e+03
1.818795986622073542e+03
1.835451505016722422e+03
1.852107023411371301e+03
1.868762541806020181e+03
1.885418060200669061e+03
1.902073578595317713e+03
1.918729096989966592e+03
1.935384615384615472e+03
1.952040133779264352e+03
1.968695652173913004e+03
1.985351170568561884e+03
2.002006688963210763e+03
2.018662207357859643e+03
2.035317725752508522e+03
2.051973244147156947e+03
2.068628762541806282e+03
2.085284280936454707e+03
2.101939799331103586e+03
2.118595317725752466e+03
2.135250836120401345e+03
2.151906354515050225e+03
2.168561872909699105e+03
2.185217391304347984e+03
2.201872909698996864e+03
2.218528428093645744e+03
2.235183946488294168e+03
2.251839464882943048e+03
2.268494983277591928e+03
2.285150501672240807e+03
2.301806020066889687e+03
2.318461538461538566e+03
2.335117056856187446e+03
2.351772575250836326e+03
2.368428093645485205e+03
2.385083612040133630e+03
2.401739130434782510e+03
2.418394648829431389e+03
2.435050167224080269e+03
2.451705685618729149e+03
2.468361204013378028e+03
2.485016722408026908e+03
2.501672240802675788e+03
2.518327759197324667e+03
2.534983277591973092e+03
2.551638795986621972e+03
2.568294314381270851e+03
2.584949832775919731e+03
2.601605351170568611e+03
2.618260869565217490e+03
2.634916387959866370e+03
2.651571906354515249e+03
2.668227424749164129e+03
2.684882943143812554e+03
2.701538461538461434e+03
2.718193979933110313e+03
2.734849498327759193e+03
2.751505016722408072e+03
2.768160535117056952e+03
2.784816053511705832e+03
2.801471571906354711e+03
2.818127090301003591e+03
2.834782608695652470e+03
2.851438127090300895e+03
2.868093645484949775e+03
2.884749163879598655e+03
2.901404682274247534e+03
2.918060200668896414e+03
2.934715719063545293e+03
2.951371237458194173e+03
2.968026755852843053e+03
2.984682274247491932e+03
3.001337792642140357e+03
3.017993311036789237e+03
3.034648829431438116e+03
3.051304347826086996e+03
3.067959866220735876e+03
3.084615384615384755e+03
3.101270903010033635e+03
3.117926421404682515e+03
3.134581939799331394e+03
3.151237458193979819e+03
3.167892976588628699e+03
3.184548494983277578e+03
3.201204013377926458e+03
3.217859531772575338e+03
3.234515050167224217e+03
3.251170568561873097e+03
3.267826086956521976e+03
3.284481605351170856e+03
3.301137123745819281e+03
3.317792642140468161e+03
3.334448160535117040e+03
3.351103678929765920e+03
3.367759197324414799e+03
3.384414715719063679e+03
3.401070234113712559e+03
3.417725752508361438e+03
3.434381270903010318e+03
3.451036789297658743e+03
3.467692307692307622e+03
3.484347826086956502e+03
3.501003344481605382e+03
3.517658862876254261e+03
3.534314381270903141e+03
3.550969899665552020e+03
3.567625418060200900e+03
3.584280936454849780e+03
3.600936454849498205e+03
3.617591973244147084e+03
3.634247491638795964e+03
3.650903010033444843e+03
3.667558528428093723e+03
3.684214046822742603e+03
3.700869565217391482e+03
3.717525083612040362e+03
3.734180602006689242e+03
3.750836120401338121e+03
3.767491638795986546e+03
3.784147157190635426e+03
3.800802675585284305e+03
3.817458193979933185e+03
3.834113712374582065e+03
3.850769230769230944e+03
3.867424749163879824e+03
3.884080267558528703e+03
3.900735785953177583e+03
3.917391304347826008e+03
3.934046822742474887e+03
3.950702341137123767e+03
3.967357859531772647e+03
3.984013377926421526e+03
4.000668896321070406e+03
4.017324414715719286e+03
4.033979933110368165e+03
4.050635451505017045e+03
4.067290969899665470e+03
4.083946488294314349e+03
4.100602006688963229e+03
4.117257525083612563e+03
4.133913043478260988e+03
4.150568561872909413e+03
4.167224080267558747e+03
4.183879598662207172e+03
4.200535117056856507e+03
4.217190635451504932e+03
4.233846153846154266e+03
4.250501672240802691e+03
4.267157190635452025e+03
4.283812709030100450e+03
4.300468227424748875e+03
4.317123745819398209e+03
4.333779264214046634e+03
4.350434782608695969e+03
4.367090301003344393e+03
4.383745819397993728e+03
4.400401337792642153e+03
4.417056856187291487e+03
4.433712374581939912e+03
4.450367892976588337e+03
4.467023411371237671e+03
4.483678929765886096e+03
4.500334448160535430e+03
4.516989966555183855e+03
4.533645484949833190e+03
4.550301003344481614e+03
4.566956521739130949e+03
4.583612040133779374e+03
4.600267558528427799e+03
4.616923076923077133e+03
4.633578595317725558e+03
4.650234113712374892e+03
4.666889632107023317e+03
4.683545150501672651e+03
4.700200668896321076e+03
4.716856187290970411e+03
4.733511705685618836e+03
4.750167224080267260e+03
4.766822742474916595e+03
4.783478260869565020e+03
4.800133779264214354e+03
4.816789297658862779e+03
4.833444816053512113e+03
4.850100334448160538e+03
4.866755852842809873e+03
4.883411371237458297e+03
4.900066889632106722e+03
4.916722408026756057e+03
4.933377926421404482e+03
4.950033444816053816e+03
4.966688963210702241e+03
4.983344481605351575e+03
5.000000000000000000e+03
