9.74835
-0.0513783
-0.0184677
-0.000981915
0.058927
0.00962519
0.00240599
-0.000191906
-0.00473915
-0.000859637
-0.000445624
7.99382e-05
0.000317948
3.79312e-05
7.19297e-05
-1.67348e-05
9.80285
-0.0425748
-0.0164354
-0.00111062
0.0504026
0.00801971
0.00173053
-8.22341e-05
-0.00378531
-0.000745844
-0.000229834
2.97339e-05
0.000317948
3.79312e-05
7.19297e-05
-1.67348e-05
9.84979
-0.035263
-0.0148628
-0.00117985
0.0437858
0.00664182
0.00148665
-7.29706e-05
-0.00283146
-0.00063205
-1.40452e-05
-2.04704e-05
0.000183822
8.42571e-05
-4.44329e-05
1.38355e-05
9.89093
-0.029169
-0.0134346
-0.00125946
0.0386744
0.00563049
0.00132526
-7.2405e-05
-0.00228
-0.000379279
-0.000147344
2.1036e-05
0.000139098
1.02975e-05
5.58307e-05
-1.59207e-05
9.92746
-0.0239075
-0.0122009
-0.00132675
0.0345317
0.00490282
0.00119807
-7.80953e-05
-0.0018627
-0.000348386
2.01482e-05
-2.67262e-05
9.03377e-05
5.25984e-05
-3.80211e-05
1.25598e-05
9.96022
-0.0193005
-0.0110207
-0.00141901
0.0310773
0.00436384
0.0011243
-9.38685e-05
-0.00159169
-0.000190591
-9.39152e-05
1.09531e-05
9.03377e-05
5.25984e-05
-3.80211e-05
1.25598e-05
9.67752
-0.0912595
-0.0214108
-0.000984652
0.0707663
0.0138614
0.00180355
-0.000164193
-0.00596447
-0.00151107
-0.000195293
6.90332e-05
0.000411074
0.000131586
2.00663e-05
-1.50142e-05
9.74273
-0.0787775
-0.0197825
-0.00109483
0.0600706
0.0112341
0.00147316
-7.11689e-05
-0.00473125
-0.00111631
-0.000135094
2.39905e-05
0.000411074
0.000131586
2.00663e-05
-1.50142e-05
9.79848
-0.0685281
-0.0184244
-0.00115702
0.0518413
0.0093962
0.00126317
-6.82305e-05
-0.00349803
-0.000721552
-7.48956e-05
-2.10521e-05
0.000237482
3.68976e-05
-2.58867e-06
1.34851e-05
9.84706
-0.0598166
-0.0172387
-0.00123282
0.0455577
0.00806379
0.00110561
-6.98794e-05
-0.00278558
-0.000610859
-8.26615e-05
1.94032e-05
0.000189306
7.41967e-05
6.93136e-06
-1.47415e-05
9.89003
-0.0522895
-0.0162088
-0.00129803
0.0405545
0.00706467
0.000961081
-7.52975e-05
-0.00221767
-0.000388269
-6.18675e-05
-2.48213e-05
0.000117475
1.42355e-05
5.16448e-07
1.16698e-05
9.92848
-0.0455988
-0.0153091
-0.00138648
0.0364715
0.00633083
0.000838896
-8.99308e-05
-0.00186524
-0.000345562
-6.03181e-05
1.0188e-05
0.000117475
1.42355e-05
5.16448e-07
1.16698e-05
9.56386
-0.137035
-0.024361
-0.00110874
0.0862671
0.016976
0.00166877
0.000673676
-0.0076018
-0.00169456
-0.000151871
-0.000236429
0.000547712
0.000126676
9.06522e-07
3.31186e-05
9.64308
-0.121627
-0.0228432
-0.000638376
0.0727066
0.0139669
0.00136775
0.000300173
-0.00595866
-0.00131453
-0.000149151
-0.000137074
0.000547712
0.000126676
9.06522e-07
3.31186e-05
9.71037
-0.108848
-0.0216237
-0.000442158
0.0624325
0.0117178
0.00107216
0.000125382
-0.00431553
-0.000934499
-0.000146432
-3.77177e-05
0.000285276
7.21756e-05
3.70642e-05
-1.04745e-06
9.76878
-0.0979924
-0.0206609
-0.000355541
0.0546572
0.0100654
0.000890494
4.68042e-05
-0.0034597
-0.000717973
-3.52391e-05
-4.086e-05
0.000255692
4.3835e-05
-2.53515e-05
2.43871e-05
9.82023
-0.0886011
-0.019831
-0.00032521
0.0485049
0.00876094
0.000743962
3.82453e-05
-0.00269262
-0.000586468
-0.000111294
3.23012e-05
0.000143897
5.02778e-05
2.53873e-05
-1.66696e-05
9.86619
-0.0803764
-0.019173
-0.000271333
0.0435513
0.00773883
0.000597536
5.28388e-05
-0.00226093
-0.000435634
-3.51318e-05
-1.77077e-05
0.000143897
5.02778e-05
2.53873e-05
-1.66696e-05
9.40136
-0.189083
-0.0283206
-0.00104123
0.105586
0.0223345
0.00307252
-0.00129768
-0.00968466
-0.00270759
-0.000334341
0.000746821
0.000708414
0.000227845
7.26403e-06
-0.00011263
9.49797
-0.169228
-0.0255752
-0.00170472
0.0883414
0.0176029
0.00242563
-0.000141929
-0.00755942
-0.00202405
-0.000312549
0.000408932
0.000708414
0.000227845
7.26403e-06
-0.00011263
9.57946
-0.153422
-0.0234548
-0.00155034
0.0753479
0.0142383
0.00182232
0.000338045
-0.00543418
-0.00134052
-0.000290757
7.10428e-05
0.000393468
0.000143162
1.85645e-05
-3.47915e-05
9.64977
-0.140381
-0.0219047
-0.00117605
0.0656599
0.0119868
0.0012965
0.000375757
-0.00425377
-0.000911031
-0.000235064
-3.33316e-05
0.000298563
6.62932e-05
4.64131e-05
-1.25344e-05
9.71147
-0.129239
-0.0207968
-0.000846156
0.058048
0.0103636
0.000965613
0.00027149
-0.00335808
-0.000712151
-9.58243e-05
-7.09349e-05
0.000202892
5.10434e-05
-3.47e-06
1.47655e-05
9.76636
-0.119536
-0.0199305
-0.000630835
0.0519406
0.00909242
0.000763555
0.000173917
-0.00274941
-0.000559021
-0.000106234
-2.66385e-05
0.000202892
5.10434e-05
-3.47e-06
1.47655e-05
9.18291
-0.248848
-0.0290949
0.00292894
0.129695
0.0245865
-0.00174465
-0.000923335
-0.0119798
-0.00113581
0.00144659
-0.000610976
0.000830893
-9.5516e-05
-0.000191923
0.000159586
9.30146
-0.225493
-0.0295849
0.00155421
0.108228
0.0220284
0.000572768
-0.00166653
-0.00948709
-0.00142235
0.000870826
-0.000132217
0.000830893
-9.5516e-05
-0.000191923
0.000159586
9.40103
-0.204982
-0.0283332
-8.49462e-05
0.0917465
0.0188971
0.00173865
-0.0014522
-0.00699441
-0.0017089
0.000295056
0.000346541
0.000520403
7.59162e-05
-8.41796e-05
2.38505e-07
9.48631
-0.187718
-0.0263837
-0.00119037
0.0793189
0.015707
0.00207622
-0.000758408
-0.0054332
-0.00148115
4.25176e-05
0.000347256
0.000398735
0.000121516
-6.65826e-05
-4.28343e-05
9.56059
-0.173371
-0.0243315
-0.00164436
0.0696487
0.0131093
0.00196151
-0.000192398
-0.00423699
-0.0011166
-0.00015723
0.000218754
0.000265231
8.83998e-05
-2.30019e-06
-4.02258e-05
9.62627
-0.16129
-0.0225295
-0.00165823
0.0619704
0.0111413
0.00164015
0.000124432
-0.0034413
-0.000851405
-0.000164131
9.80762e-05
0.000265231
8.83998e-05
-2.30019e-06
-4.02258e-05
8.9079
-0.298251
-0.0207114
-0.000748242
0.151613
0.0183272
-0.00144788
0.00249896
-0.01228
-7.55429e-05
-0.00130195
-0.000346244
0.00070304
-6.03869e-07
0.000353477
-5.73356e-05
9.04794
-0.28
-0.0231077
0.00134713
0.129163
0.0181743
-0.00299135
0.00163446
-0.0101708
-7.73545e-05
-0.00024152
-0.00051825
0.00070304
-6.03869e-07
0.000353477
-5.73356e-05
9.16763
-0.261904
-0.0259871
0.00240601
0.11093
0.0180178
-0.00241396
0.000425955
-0.00806171
-7.91661e-05
0.00081891
-0.000690257
0.000512378
-9.17275e-05
-0.000101453
0.000106273
9.27101
-0.244057
-0.0276836
0.00224798
0.0963438
0.0175843
-0.0010805
-0.000635742
-0.00652458
-0.000354349
0.000514553
-0.00037144
0.000410834
-0.000140152
3.52799e-05
9.24892e-05
9.36124
-0.226967
-0.0282143
0.00133329
0.0845271
0.0164551
5.44446e-05
-0.00110115
-0.00529208
-0.000774804
0.000620392
-9.39721e-05
0.000311105
-3.68779e-05
-0.000104978
6.41286e-05
9.44079
-0.211324
-0.0276444
0.000202291
0.0748763
0.0147949
0.000980294
-0.00109671
-0.00435876
-0.000885438
0.000305457
9.84137e-05
0.000311105
-3.68779e-05
-0.000104978
6.41286e-05
8.58819
-0.341919
-0.0253794
-0.00419258
0.170992
0.0229283
0.00230408
0.000963335
-0.0140037
-0.00371817
0.00148452
-0.000256227
0.000998577
0.000534343
-0.000623361
0.000123062
8.74618
-0.322174
-0.0222142
-0.00336241
0.14598
0.017095
0.00340304
0.000820067
-0.011008
-0.00211515
-0.000385563
0.000112959
0.000998577
0.000534343
-0.000623361
0.000123062
8.88215
-0.30666
-0.0198201
-0.00230632
0.12696
0.0144677
0.000761829
0.00141517
-0.00801222
-0.000512117
-0.00225565
0.000482144
0.00042547
2.4185e-05
0.000778835
-0.000244183
9.00152
-0.29268
-0.0205351
-0.00065319
0.112212
0.013516
-0.00141296
0.00164691
-0.00673581
-0.000439562
8.08594e-05
-0.000250405
0.000398451
0.000207875
-0.00023954
2.94591e-05
9.10739
-0.279396
-0.0221067
0.000772772
0.0999356
0.0132605
-0.00196986
0.00123448
-0.00554046
0.000184064
-0.000637761
-0.000162028
0.000233377
-5.44491e-05
0.000335227
-7.80915e-05
9.20202
-0.266006
-0.0243791
0.00176713
0.0895548
0.0134653
-0.0022397
0.000676145
-0.00484033
2.07172e-05
0.000367919
-0.000396302
0.000233377
-5.44491e-05
0.000335227
-7.80915e-05
8.2167
-0.405255
-0.0353867
-0.00579297
0.197187
0.0304265
0.0167237
-0.00398927
-0.0164936
-0.00151781
-0.0131538
0.00472226
0.00103262
-0.000343194
0.00314018
-0.00115072
8.39843
-0.37669
-0.0286765
-0.0062107
0.167298
0.0263613
-0.000163287
0.0020031
-0.0133957
-0.00254739
-0.00373323
0.00127011
0.00103262
-0.000343194
0.00314018
-0.00115072
8.55336
-0.353219
-0.0294329
-0.0040882
0.143605
0.0202369
0.00179079
0.00109117
-0.0102978
-0.00357698
0.00568731
-0.00218204
0.000984308
0.000849306
-0.00304989
0.00113369
8.68765
-0.33571
-0.0250047
-0.00404538
0.125962
0.0156309
0.00401572
0.000128157
-0.00734492
-0.00102906
-0.00346238
0.00121902
0.000396246
-0.000182827
0.00174247
-0.000645546
8.80667
-0.321291
-0.0227089
-0.00334375
0.112461
0.0130243
0.00231838
0.000629565
-0.00615618
-0.00157754
0.00176504
-0.000717614
0.000436063
0.00038173
-0.00115475
0.000416784
8.91341
-0.309462
-0.0197802
-0.00301502
0.101457
0.0110144
0.00238423
0.000444688
-0.00484799
-0.000432352
-0.0016992
0.000532737
0.000436063
0.00038173
-0.00115475
0.000416784
7.77026
-0.493407
-0.0647991
0.00108773
0.240348
0.0519061
-0.0431958
0.0224654
-0.0264429
-0.0136586
0.057196
-0.026625
0.00267889
0.00248501
-0.0141744
0.00658326
7.98685
-0.452675
-0.0649733
0.00351136
0.195499
0.032044
0.0286729
-0.0110348
-0.0184062
-0.00620352
0.0146727
-0.00687522
0.00267889
0.00248501
-0.0141744
0.00658326
8.16662
-0.424349
-0.0358021
-0.00781544
0.166723
0.027092
0.0154951
-0.00503551
-0.0103696
0.00125152
-0.0278505
0.0128746
-8.25938e-05
-0.00184942
0.0135366
-0.00629295
8.32289
-0.397855
-0.0346209
-0.00626934
0.145737
0.0240468
0.000403894
0.00183474
-0.0106173
-0.00429674
0.0127593
-0.0060043
0.00131035
0.00136548
-0.00788229
0.00366337
8.45932
-0.37674
-0.0293399
-0.00677554
0.128433
0.0195497
0.00227568
0.000816234
-0.0066863
-0.0002003
-0.0108875
0.00498579
7.98302e-05
-0.000677411
0.00524543
-0.00243714
8.58115
-0.358068
-0.0327064
-0.00341065
0.1153
0.0171169
-0.00376312
0.00347639
-0.00644681
-0.00223253
0.00484874
-0.00232563
7.98302e-05
-0.000677411
0.00524543
-0.00243714
7.21315
-0.619742
-0.013587
-0.0327245
0.271524
0.0329106
0.213595
-0.111203
-0.00953046
0.0208584
-0.245893
0.131309
-0.00242726
-0.00611405
0.0607236
-0.0324829
7.47271
-0.572087
0.0148382
-0.0451015
0.245181
0.0562853
-0.0960208
0.0539661
-0.0168122
0.00251627
-0.0637224
0.0338603
-0.00242726
-0.00611405
0.0607236
-0.0324829
7.69865
-0.5194
-0.0841814
0.0102421
0.204275
0.0429757
-0.0412949
0.0242381
-0.024094
-0.0158259
0.118448
-0.0635883
0.00531165
0.00634496
-0.0581359
0.0312319
7.88415
-0.485905
-0.0651638
0.00212371
0.172022
0.0303588
0.0211942
-0.00924292
-0.00815906
0.00320899
-0.0559594
0.0301073
-0.00154309
-0.00340899
0.0339474
-0.0183181
8.04647
-0.455746
-0.0659815
0.00466994
0.151075
0.0265498
0.0111178
-0.00398277
-0.0127883
-0.00701799
0.045883
-0.0248471
0.0022107
0.00250201
-0.022682
0.0122705
8.18696
-0.433713
-0.0316627
-0.0118894
0.13213
0.0200198
0.0348377
-0.0168655
-0.00615623
0.000488048
-0.022163
0.0119644
0.0022107
0.00250201
-0.022682
0.0122705
6.54709
-0.74509
-0.29849
0.128784
0.406826
0.126491
-0.839881
0.501719
-0.103256
-0.0770014
1.00194
-0.598399
0.0196994
0.0178846
-0.248165
0.148417
6.87036
-0.677715
-0.384596
0.180522
0.259412
0.026142
0.419505
-0.249827
-0.0441581
-0.0233477
0.257446
-0.153148
0.0196994
0.0178846
-0.248165
0.148417
7.10531
-0.657037
0.0441906
-0.074037
0.230194
0.0331003
0.189902
-0.110873
0.0149402
0.030306
-0.487049
0.292103
-0.0152474
-0.0162313
0.239465
-0.143918
7.3352
-0.609862
-0.0134909
-0.0367255
0.214332
0.0450184
-0.0658008
0.0415774
-0.0308021
-0.0183878
0.231345
-0.139652
0.0106772
0.00953143
-0.14112
0.0853439
7.52941
-0.573699
0.010934
-0.0494567
0.184759
0.0368371
-0.0264691
0.0183041
0.00122948
0.0102065
-0.192014
0.116379
-0.00569875
-0.00605039
0.0947686
-0.0574987
7.7097
-0.532706
-0.11278
0.0277279
0.170122
0.0390989
-0.126191
0.0785664
-0.0158668
-0.00794469
0.0922922
-0.0561169
-0.00569875
-0.00605039
0.0947686
-0.0574987
5.6323
-0.955717
0.250659
0.224356
0.195156
-0.0481131
2.53983
-1.0083
0.223284
0.131683
-2.96079
1.1065
-0.0621639
-0.0331943
0.74499
-0.290349
5.98857
-0.905342
0.574687
0.0322038
0.455232
0.11567
-1.14679
0.333649
0.036792
0.0320999
-0.725824
0.235452
-0.0621639
-0.0331943
0.74499
-0.290349
6.41843
-0.790766
-0.552933
0.310956
0.342324
0.0802867
-0.363465
-0.0664937
-0.1497
-0.0674831
1.50915
-0.635595
0.0640675
0.0309428
-0.816318
0.422107
6.67512
-0.74702
-0.22357
0.0309747
0.235127
0.038149
0.205873
-0.0713611
0.0425029
0.0253455
-0.939808
0.630727
-0.0355672
-0.0166763
0.587823
-0.405658
6.91719
-0.700202
-0.369681
0.184683
0.213431
0.0388111
0.0897281
-0.0268799
-0.0641986
-0.0246834
0.823663
-0.586246
0.0255208
0.0109908
-0.398941
0.277575
7.09194
-0.675083
0.144769
-0.150868
0.161597
0.0224168
0.540231
-0.366648
0.0123638
0.00828902
-0.37316
0.246478
0.0255208
0.0109908
-0.398941
0.277575
5.15159
0.21867
1.3842
-0.597418
1.67857
2.00664
-3.23123
0.776435
-1.49933
-2.47041
3.3623
-0.707191
0.359283
0.585738
-0.925461
0.227803
5.69012
0.340644
0.589809
-0.300372
-0.242236
-1.17696
0.716994
0.0454603
-0.42148
-0.713191
0.585921
-0.0237832
0.359283
0.585738
-0.925461
0.227803
5.38569
-0.963765
0.967263
-0.0508924
-0.00734786
-0.846124
-0.887548
0.681302
0.656368
1.04402
-2.19046
0.659625
-0.2992
-0.335371
1.71232
-0.692398
5.73551
-1.10124
-0.398428
0.597637
0.407788
0.235812
-0.131513
-0.076642
-0.241232
0.0379121
2.9465
-1.41757
0.129922
-0.0580028
-1.89868
0.903173
6.03199
-0.885515
0.517875
0.00659903
0.315091
0.137628
0.065435
-0.20226
0.148535
-0.136096
-2.74955
1.29195
-0.0848546
0.0458331
1.29156
-0.603019
6.41076
-0.83815
-0.874682
0.493272
0.357596
0.0029343
-1.55899
0.572587
-0.106029
0.00140297
1.12513
-0.517105
-0.0848546
0.0458331
1.29156
-0.603019
6.15704
1.19481
-1.33622
0.276679
1.23042
-2.12652
1.20998
-0.0967337
-1.31462
2.13263
-0.864036
-0.0392851
0.247362
-0.581776
0.386844
-0.05226
6.3202
0.619145
-0.603439
0.0884005
-0.656737
0.393414
0.642438
-0.332084
-0.572533
0.387301
0.296497
-0.196065
0.247362
-0.581776
0.386844
-0.05226
5.33829
0.818083
0.72234
-0.492009
-1.05972
-0.577313
2.39596
-0.880995
0.169553
-1.35803
1.45703
-0.352845
0.385352
1.01208
-1.94713
0.631216
4.83348
-0.105182
2.6282
-1.09463
0.435446
-0.257139
-0.531371
0.306962
1.32561
1.6782
-4.38436
1.5408
-0.92359
-1.14585
2.73217
-0.909387
5.67095
0.170032
0.444636
-0.156257
0.315894
-0.338282
-1.10359
0.660404
-1.44516
-1.75934
3.81214
-1.18736
0.649519
0.819895
-1.75187
0.510329
5.1912
-1.1077
1.40132
-0.172884
-0.625873
-1.39729
1.26509
-0.183329
0.503394
0.700339
-1.44346
0.343627
0.649519
0.819895
-1.75187
0.510329
6.29231
-0.647603
0.0709214
0.0192142
0.217144
0.00323746
0.152814
-0.0950624
-0.085312
0.286702
-0.350718
0.133297
0.000170204
0.035132
-0.0282704
-0.00100588
6.42431
-0.322531
-0.155253
0.0564433
0.0470303
0.682038
-0.633433
0.168515
-0.0848013
0.392098
-0.435529
0.13028
0.000170204
0.035132
-0.0282704
-0.00100588
6.38671
0.786737
-1.25249
0.354232
-0.122062
1.57163
-1.5893
0.426057
-0.0842907
0.497494
-0.52034
0.127262
0.0815134
-0.988539
1.1484
-0.319675
6.26187
1.86732
-2.21373
0.587876
-0.0461032
-0.398997
0.815222
-0.278444
0.160249
-2.46812
2.92486
-0.831763
-0.246657
1.59033
-1.56859
0.378071
6.12936
0.590533
-0.0422306
-0.14426
-0.465576
-0.564254
1.95918
-0.807758
-0.579722
2.30286
-1.7809
0.302449
0.227874
-1.15285
0.623693
-0.00860085
5.31193
1.17629
0.759741
-0.658169
-0.941397
0.58291
0.268455
-0.228662
0.103901
-1.1557
0.0901763
0.276646
0.227874
-1.15285
0.623693
-0.00860085
5.73484
-0.448118
0.00934243
-0.0376071
0.278133
0.0236782
-0.0560173
0.0475975
-0.0160305
-0.0148416
0.0291749
-0.0205097
0.00602599
-0.0244263
0.0246824
-0.0050226
6.00297
-0.463708
0.00718254
-0.0155418
0.26415
-0.0792841
0.0763799
-0.0084896
0.00204753
-0.0881207
0.103222
-0.0355775
0.00602599
-0.0244263
0.0246824
-0.0050226
6.27519
-0.655539
0.211467
-0.0646314
0.286323
-0.328805
0.356872
-0.0947123
0.0201255
-0.1614
0.17727
-0.0506452
-0.0782986
0.34924
-0.352283
0.0950205
6.50334
-0.796503
0.393325
-0.114968
0.0916778
0.396115
-0.345438
0.0890588
-0.21477
0.886319
-0.879579
0.234416
0.153153
-0.412638
0.2138
-0.00743711
6.5334
0.0732922
-0.617892
0.20107
0.121595
0.930838
-1.4632
0.53558
0.244688
-0.351596
-0.238179
0.212105
-0.309888
0.0687294
0.463567
-0.237371
6.58979
0.721263
-1.8557
0.711384
-0.318694
0.433833
-0.548855
0.247677
-0.684977
-0.145408
1.15252
-0.500008
-0.309888
0.0687294
0.463567
-0.237371
5.25846
-0.542254
-0.108289
-0.00190238
0.293391
0.0544363
0.122541
-0.039057
-0.0222068
-0.0180208
-0.0608573
0.0238962
0.00125948
0.00987073
0.00200145
-0.00211658
5.5309
-0.495968
-0.044603
-0.0191798
0.252756
0.0480069
0.00683113
0.00238555
-0.0184284
0.0115914
-0.054853
0.0175464
0.00125948
0.00987073
0.00200145
-0.00211658
5.76649
-0.426499
-0.0906234
-0.00136443
0.219678
0.100802
-0.0968705
0.0311287
-0.0146499
0.0412036
-0.0488486
0.0111967
0.0136785
-0.0702647
0.0729537
-0.0168548
5.98519
-0.354758
-0.163389
0.0241061
0.231413
-0.0275852
0.0242933
0.00295752
0.0263857
-0.169591
0.170012
-0.0393678
-0.053123
-0.0073499
0.0917331
-0.0380362
6.18987
-0.559284
0.12265
-0.0503405
0.124816
-0.388816
0.639517
-0.189887
-0.132983
-0.19164
0.445212
-0.153477
-0.0149628
0.28375
-0.377658
0.112692
6.16674
-0.85599
0.829721
-0.281012
-0.186039
0.0791544
0.396967
-0.158764
-0.177872
0.659611
-0.687761
0.1846
-0.0149628
0.28375
-0.377658
0.112692
4.60601
-0.764538
-0.112178
2.22569e-05
0.431312
0.182348
-0.000200758
-0.0449558
-0.0771888
-0.068047
0.0141758
0.0274375
0.0110151
0.00752389
-0.00385278
-0.00159192
4.97115
-0.642713
-0.102056
-0.019088
0.309979
0.0688258
0.0165924
0.00514341
-0.0441435
-0.0454753
0.00261743
0.0226617
0.0110151
0.00752389
-0.00385278
-0.00159192
5.248
-0.611839
-0.0866987
0.00712523
0.254738
0.000446892
0.010269
0.0456912
-0.0110983
-0.0229036
-0.0089409
0.017886
-0.000487372
0.0250781
0.0106726
-0.0292606
5.49115
-0.609218
-0.0746981
0.0414417
0.231079
0.0298739
0.0244049
-0.00631879
-0.0125604
0.0523306
0.0230768
-0.0698959
-0.00677606
0.0620075
-0.018934
-0.0343921
5.70289
-0.465006
-0.0461504
-0.0691651
0.18563
0.320558
0.0137565
-0.249287
-0.0328886
0.238353
-0.0337252
-0.173072
0.00382209
-0.133489
-0.0178155
0.135738
5.85946
-0.0395834
-0.0839346
-0.355786
0.131319
0.396798
-0.10714
-0.188217
-0.0214224
-0.162113
-0.0871716
0.234143
0.00382209
-0.133489
-0.0178155
0.135738
3.72932
-0.988828
2.82853
-1.88942
0.568503
0.047079
-0.121361
0.0762927
-0.103622
0.0426171
-0.130579
0.0903377
0.0130943
-0.00495742
0.0149381
-0.0102503
4.20729
-0.904089
2.59153
-1.73304
0.400541
0.117441
-0.337705
0.226217
-0.0643397
0.0277448
-0.0857649
0.0595867
0.0130943
-0.00495742
0.0149381
-0.0102503
4.55659
-0.763861
2.18299
-1.45749
0.311145
0.158058
-0.464421
0.31464
-0.0250569
0.0128726
-0.0409506
0.0288357
0.00600264
-0.0413587
0.125213
-0.0861191
4.84868
-0.634289
1.80284
-1.20013
0.279039
0.0597272
-0.170682
0.113954
-0.00704895
-0.111204
0.33469
-0.229522
0.00190534
-0.0790368
0.236795
-0.16202
5.12257
-0.764802
2.20364
-1.47772
0.270657
-0.39979
1.20908
-0.831149
-0.00133292
-0.348314
1.04508
-0.715581
-0.0117437
0.238095
-0.715559
0.490358
5.38015
-1.27481
3.74224
-2.53409
0.23276
-0.382132
1.15256
-0.791236
-0.0365639
0.365972
-1.1016
0.755494
-0.0117437
0.238095
-0.715559
0.490358
