11.4401
0.247213
-0.739771
0.221234
0.0727006
-1.96262
3.09158
-0.926945
-0.00697214
1.91979
-3.03965
0.911459
0.000530889
-0.467294
0.755798
-0.228193
11.5064
-0.262912
0.0679618
-0.0224453
0.0603489
0.475072
-0.72032
0.211393
-0.00537947
0.517903
-0.772254
0.226879
0.000530889
-0.467294
0.755798
-0.228193
11.5619
0.262768
-0.668815
0.187634
0.0511827
0.108994
0.00256501
-0.0194285
-0.00378681
-0.88398
1.49514
-0.457701
0.000275537
0.429574
-0.766919
0.237611
11.6096
-0.0826435
0.0619708
-0.0518841
0.0444357
-0.370243
0.692087
-0.221996
-0.0029602
0.404743
-0.805617
0.255133
0.000209764
-0.152308
0.307917
-0.0959777
11.6512
-0.200452
0.256358
-0.114724
0.0391446
-0.0176822
0.00460432
0.000338025
-0.0023309
-0.0521819
0.118135
-0.0327996
0.000145782
0.0506883
-0.0893838
0.0264638
11.6882
-0.219628
0.289713
-0.120722
0.0349201
0.0300187
-0.0272774
0.0141302
-0.00189356
0.0998828
-0.150016
0.0465919
0.000145782
0.0506883
-0.0893838
0.0264638
11.1688
-0.568626
-0.0632956
0.207988
0.274721
1.43971
0.250116
-0.864066
-0.215376
-1.42513
-0.245835
0.84982
0.0608412
0.359722
0.0562139
-0.212633
11.289
-0.194325
-0.00280113
-0.0188913
0.0264939
-0.331389
-0.0729131
0.197675
-0.0328519
-0.345969
-0.0771937
0.211921
0.0608412
0.359722
0.0562139
-0.212633
11.3435
-0.511961
-0.096694
0.178072
0.143314
0.0558391
-0.0586586
-0.0163814
0.149672
0.733197
0.0914481
-0.425978
-0.0994577
-0.39143
-0.038116
0.221051
11.537
-0.114354
-0.10202
-0.0432364
0.144284
0.347944
0.00988977
-0.205185
-0.148702
-0.441092
-0.0228997
0.237174
0.0598413
0.175594
0.0138874
-0.0896547
11.5924
-0.0319089
-0.101143
-0.100902
0.0264047
-0.00745949
0.00575242
0.000199032
0.0308223
0.0856888
0.0187624
-0.0317901
-0.0120859
-0.0486878
-0.00848084
0.0248964
11.6376
-0.00236739
-0.085109
-0.107597
0.0517916
0.0178547
0.0178346
0.0113082
-0.00543539
-0.0603746
-0.00668015
0.0428992
-0.0120859
-0.0486878
-0.00848084
0.0248964
10.7449
-0.0712548
0.427729
-0.232813
1.10049
-0.652252
-1.68146
1.19703
-1.03653
0.632655
1.65615
-1.17075
0.264144
-0.165749
-0.417978
0.297174
11.073
-0.256601
-0.0155521
0.0906332
-0.180133
0.115811
0.376917
-0.252959
-0.244093
0.135407
0.40222
-0.279231
0.264144
-0.165749
-0.417978
0.297174
10.9129
-0.171132
0.345606
-0.144383
0.124113
-0.110622
-0.0725791
0.0801005
0.548339
-0.36184
-0.851715
0.612291
-0.307953
0.19549
0.4505
-0.321213
11.2774
-0.448104
-0.128189
0.226796
0.296932
-0.247832
-0.42451
0.341044
-0.375519
0.224631
0.499785
-0.351347
0.159668
-0.0655959
-0.19017
0.119217
11.3585
-0.536901
-0.243084
0.33571
0.0248967
0.00464245
0.00454959
-0.00399742
0.103483
0.0278434
-0.0707253
0.0063052
-0.0443581
0.00903977
0.0506175
-0.0274102
11.4425
-0.495376
-0.258642
0.310608
0.0987891
0.0874485
0.0149515
-0.0736177
-0.029591
0.0549627
0.0811272
-0.0759254
-0.0443581
0.00903977
0.0506175
-0.0274102
10.8685
0.0857636
-0.164244
0.0565344
-0.0361983
-0.42409
1.17953
-0.599014
0.0815313
0.432704
-1.1385
0.584978
-0.0224096
-0.110184
0.290412
-0.1497
10.8915
-0.0158055
0.167199
-0.107201
0.0596355
0.110767
-0.226232
0.121843
0.0143025
0.102153
-0.267262
0.135878
-0.0224096
-0.110184
0.290412
-0.1497
10.943
0.0869306
-0.0358832
0.000819688
0.0210118
-0.015479
0.11048
-0.0555013
-0.0529262
-0.228399
0.603974
-0.313222
0.0168252
0.132853
-0.316614
0.159478
10.9279
-0.0240945
0.361958
-0.208425
-0.0343649
-0.0737185
0.368587
-0.20351
-0.0024505
0.170159
-0.345867
0.165213
0.0231191
-0.0882837
0.106451
-0.0405012
10.9142
-0.0159372
0.491129
-0.287223
0.0300913
0.00174936
-0.00379401
0.00541283
0.0669067
-0.0946916
-0.0265141
0.0437097
-0.0121111
0.0280442
-0.0200187
0.00477767
10.9991
-0.0808353
0.440802
-0.233323
0.127571
-0.103501
-0.116878
0.107165
0.0305735
-0.0105592
-0.0865701
0.0580427
-0.0121111
0.0280442
-0.0200187
0.00477767
10.8466
-0.0731217
-0.0026694
0.00225179
0.120229
0.13793
-0.290718
0.123915
-0.0392855
-0.0893597
0.273011
-0.134191
0.00811879
0.0215406
-0.068704
0.0353357
10.9356
-0.00301126
-0.0890805
0.0273119
0.0660138
0.0238319
0.0491919
-0.0384592
-0.0149291
-0.0247379
0.066899
-0.0281836
0.00811879
0.0215406
-0.068704
0.0353357
10.9948
0.0176233
-0.0416937
-0.00399526
0.0605119
0.0389779
-0.0231223
0.0111806
0.00942722
0.0398839
-0.139213
0.0778235
-0.00745747
-0.0219399
0.0654082
-0.0353119
11.0573
0.0745453
-0.138621
0.049697
0.056994
0.0529261
-0.105324
0.060892
-0.0129452
-0.0259357
0.0570115
-0.0281121
0.000785292
0.003115
0.00170543
-0.00156622
11.1022
0.104651
-0.185228
0.0809107
0.0334595
0.0103998
0.0138152
-3.08298e-05
-0.0105893
-0.0165907
0.0621277
-0.0328108
0.00069208
0.00233979
-0.00737906
0.00212526
11.1257
0.1008
-0.116664
0.0501944
0.0143571
-0.0157621
0.115933
-0.0592766
-0.00851307
-0.00957128
0.0399906
-0.026435
0.00069208
0.00233979
-0.00737906
0.00212526
10.773
-0.0717051
-0.0466652
-0.0370578
0.0913551
-0.0717613
0.076262
0.0209968
0.0101751
0.0540901
-0.0609208
0.0122461
-0.00370893
-0.00986034
0.0136765
-0.00589417
10.8709
-0.0992366
-0.0176476
-0.00970914
0.100578
0.00683795
-0.00455011
0.0278064
-0.000951736
0.0245091
-0.0198913
-0.00543647
-0.00370893
-0.00986034
0.0136765
-0.00589417
10.9668
-0.0777499
-0.0284124
0.00676662
0.0875481
0.0262751
-0.00330304
-0.00074906
-0.0120785
-0.00507192
0.0211383
-0.023119
0.000699017
0.00294097
-0.00743886
0.00946752
11.043
-0.0536057
-0.018016
-0.00763391
0.0654881
0.0249542
0.016657
-0.0185845
-0.00998148
0.00375098
-0.00117825
0.00528358
0.00403949
0.00182718
-0.0047854
2.58028e-05
11.1025
-0.0230734
-0.0073226
-0.020909
0.0576436
0.0379377
-5.56713e-05
-0.00793989
0.002137
0.00923252
-0.0155345
0.00536099
-0.00222192
-0.00604254
0.00210679
0.00212619
11.1601
0.0180543
-0.0208059
-0.0213617
0.0552519
0.0382751
-0.0248042
0.00916068
-0.00452877
-0.00889509
-0.00921408
0.0117396
-0.00222192
-0.00604254
0.00210679
0.00212619
10.6176
-0.276209
-0.10175
0.0333338
0.116853
0.143753
0.0326278
-0.0582778
0.0155904
-0.0310134
-0.00856921
0.0139329
-0.00578692
-0.00018981
0.00169621
0.000604422
10.7443
-0.163659
-0.0759955
-0.0104068
0.130673
0.0811569
0.020578
-0.0285988
-0.00177035
-0.0315828
-0.00348058
0.0157461
-0.00578692
-0.00018981
0.00169621
0.000604422
10.8674
-0.114275
-0.0572019
-0.0226551
0.109771
0.0174219
0.0187055
0.00470669
-0.0191311
-0.0321522
0.00160804
0.0175594
0.00566865
0.0164658
-0.00400141
-0.00806596
10.9637
-0.112539
-0.0408897
-0.00845496
0.0885149
0.00251486
0.00991735
0.0156276
-0.00212517
0.0172452
-0.0103962
-0.00663849
0.00110708
-0.00766621
0.00281946
0.00251216
11.0512
-0.100446
-0.0385491
0.00304631
0.0875858
0.0140067
-0.00241662
0.00988711
0.00119607
-0.00575341
-0.00193779
0.000897998
-0.00403148
0.00454963
0.00123024
-0.002971
11.1359
-0.0876427
-0.0416733
0.0108604
0.0778835
0.0161487
-0.00260149
0.00277011
-0.0108984
0.00789548
0.00175292
-0.00801499
-0.00403148
0.00454963
0.00123024
-0.002971
10.273
-0.379709
-0.0161892
-0.00133483
0.234956
0.0341752
-0.0584663
0.0361467
-0.0100593
-0.00635319
0.0157925
-0.0112729
-0.0036761
0.00501587
-0.00102711
-0.000343301
10.4942
-0.346871
-0.05989
0.0231957
0.203809
0.0365165
-0.0299626
0.012571
-0.0210876
0.00869443
0.0127112
-0.0123028
-0.0036761
0.00501587
-0.00102711
-0.000343301
10.6733
-0.296644
-0.0781685
0.0231205
0.150605
0.0689529
-0.00762151
-0.0130645
-0.0321159
0.023742
0.00962985
-0.0133327
0.0100671
-0.0157349
-0.00142355
0.00711466
10.8018
-0.219684
-0.0775837
0.00383795
0.116575
0.0692324
0.00736756
-0.018386
-0.00191461
-0.0234626
0.00535921
0.00801127
-0.00122751
0.0055092
-0.00168998
-0.00220636
10.9152
-0.168405
-0.0665469
-0.00874313
0.109063
0.0388348
0.013016
-0.00898254
-0.00559714
-0.006935
0.000289278
0.00139217
-0.0012226
-0.00190288
-0.000222172
0.00182953
11.0175
-0.138408
-0.0534637
-0.014504
0.0942008
0.0192561
0.0129281
-0.000709613
-0.00926495
-0.0126436
-0.000377236
0.00688076
-0.0012226
-0.00190288
-0.000222172
0.00182953
9.87576
-0.416091
-0.0294799
-0.0060416
0.246811
0.0256828
0.048345
-0.0220213
-0.0118929
-0.00858684
-0.0425736
0.0243977
-3.06445e-05
0.00193174
0.00930614
-0.00544114
10.1106
-0.397064
-0.0144024
-0.00910634
0.222934
0.0143043
-0.00888379
0.0104507
-0.0119848
-0.00279162
-0.0146552
0.00807432
-3.06445e-05
0.00193174
0.00930614
-0.00544114
10.3216
-0.383619
-0.0286352
0.00397757
0.198872
0.0145163
-0.0102757
0.0102759
-0.0120767
0.0030036
0.0132632
-0.0082491
2.33303e-05
0.00276201
-0.00962112
0.00347648
10.5084
-0.363337
-0.0352688
0.0094809
0.174789
0.0288095
-0.0126126
0.0042072
-0.0120067
0.0112896
-0.0156001
0.00218035
0.000385349
-0.00448985
0.00851684
-0.00197954
10.6716
-0.327728
-0.0549647
0.0138889
0.151931
0.0379192
-0.0182623
0.00262927
-0.0108507
-0.00217993
0.00995042
-0.00375827
-0.00151813
0.00314136
-0.00137195
-0.000376028
10.8111
-0.288847
-0.0646485
0.0123839
0.125675
0.0429834
-0.00247729
-0.00601536
-0.0154051
0.00724415
0.00583457
-0.00488636
-0.00151813
0.00314136
-0.00137195
-0.000376028
9.42415
-0.493176
-0.0230101
-0.0276924
0.298818
0.0563087
-0.196302
0.148767
-0.0386555
-0.0205408
0.230123
-0.154027
0.00576609
0.0042206
-0.0603686
0.038943
9.69007
-0.453187
-0.0495583
0.00599058
0.238805
0.0278889
0.0828372
-0.0424584
-0.0213573
-0.007879
0.0490168
-0.0371983
0.00576609
0.0042206
-0.0603686
0.038943
9.91329
-0.428957
0.0219272
-0.0347231
0.213389
0.0247927
-0.000234913
-2.59565e-05
-0.00405898
0.0047828
-0.132089
0.0796308
-0.0033593
-0.00605078
0.0721445
-0.042499
10.1193
-0.405432
-0.0382522
0.00238267
0.195193
0.016206
-0.0479795
0.0317385
-0.0141369
-0.0133695
0.0843444
-0.0478663
0.0024328
0.00660521
-0.0373527
0.0210441
10.3027
-0.395991
-0.03924
0.00729895
0.174217
0.0092825
0.00865128
-0.00086186
-0.00683848
0.00644608
-0.0277137
0.0152659
-0.000124748
-0.000730625
0.0084273
-0.00558046
10.47
-0.380993
-0.0498751
0.0161226
0.160166
0.0199828
-0.0214942
0.0129287
-0.00721273
0.00425421
-0.0024318
-0.00147543
-0.000124748
-0.000730625
0.0084273
-0.00558046
8.88027
-0.622273
-0.332283
0.234392
0.307591
0.110006
1.30899
-0.919538
0.0168989
-0.0223778
-1.29674
0.88534
-0.0114389
0.000312484
0.327385
-0.222887
9.19332
-0.534332
0.00735701
-0.0226923
0.307073
0.0661882
-0.302326
0.182482
-0.0174178
-0.0214403
-0.314581
0.216679
-0.0114389
0.000312484
0.327385
-0.222887
9.47153
-0.489272
-0.282166
0.153582
0.23792
0.024245
0.0506659
-0.0528198
-0.0517344
-0.0205029
0.667574
-0.451981
0.0202354
0.0107411
-0.37968
0.267587
9.67796
-0.474789
0.0563939
-0.0836316
0.195158
0.0154626
0.246773
-0.154021
0.00897171
0.0117204
-0.471466
0.35078
-0.00727062
-0.00496797
0.213037
-0.163281
9.87482
-0.452574
0.0447375
-0.0501528
0.191289
0.0239995
-0.0570485
0.0576975
-0.0128402
-0.00318349
0.167645
-0.139062
0.00199147
-0.000617398
-0.0641961
0.0524846
10.0553
-0.432375
0.0911378
-0.0790329
0.171583
0.0157803
0.085653
-0.0629731
-0.00686575
-0.00503568
-0.0249434
0.0183917
0.00199147
-0.000617398
-0.0641961
0.0524846
8.1601
-0.583664
0.936743
-0.147808
0.807052
-0.0306232
-4.00223
0.856355
-0.416875
0.0401698
3.91828
-0.917711
0.0933717
-0.0135782
-1.00966
0.263965
8.64365
-0.587695
-0.156864
0.0548024
0.253417
0.00898177
0.805351
-0.18717
-0.13676
-0.000564855
0.889296
-0.125815
0.0933717
-0.0135782
-1.00966
0.263965
8.85368
-0.592856
0.528121
0.00578281
0.260012
-0.0328826
-0.445045
0.353096
0.143355
-0.0412996
-2.13969
0.666081
-0.0811163
0.0541428
1.3574
-0.519276
9.17593
-0.612896
-0.69922
0.505683
0.303373
0.0469466
-0.652239
0.127429
-0.0999939
0.121129
1.9325
-0.891748
0.0375176
-0.0687364
-0.944943
0.479689
9.41683
-0.513557
-0.363904
0.221053
0.215938
0.0829949
0.377927
-0.217001
0.012559
-0.0850805
-0.902332
0.547319
-0.0103374
0.0284444
0.34151
-0.210157
9.63499
-0.487198
-0.546799
0.341214
0.210044
-0.00183293
-0.402207
0.247166
-0.0184531
0.000252653
0.122197
-0.0831522
-0.0103374
0.0284444
0.34151
-0.210157
8.36537
0.846399
0.443489
-0.820211
-2.36944
-5.46601
0.208323
1.6313
2.62387
5.1236
-0.738131
-1.2929
-0.665904
-1.24101
0.374203
0.219264
7.95389
-0.737016
0.287885
-0.262551
0.88058
1.05817
-0.145328
-0.296712
0.626156
1.40058
0.38448
-0.635108
-0.665904
-1.24101
0.374203
0.219264
8.79473
0.480733
0.90124
-0.975107
0.13518
0.136316
1.74624
-0.909136
-1.37156
-2.32244
1.50709
0.0226845
0.811147
1.21111
-1.68984
0.542253
8.3695
-0.494285
2.46473
-1.31931
-0.174491
-0.875245
-0.3091
0.762992
1.06188
1.31088
-3.56243
1.64944
-0.496473
-0.519556
2.14881
-1.17917
8.76042
-0.578206
0.742014
-0.0860414
0.459859
0.187847
-0.987521
0.524366
-0.427534
-0.247787
2.88401
-1.88807
0.14946
0.0809925
-1.126
0.749787
8.9422
-0.557153
1.5125
-0.699957
0.0531695
-0.0647494
1.40249
-1.00241
0.0208445
-0.00480972
-0.494002
0.361292
0.14946
0.0809925
-1.126
0.749787
8.83505
-0.727255
-3.43245
1.35318
-5.99583
-0.155474
6.70388
-1.90619
5.71644
-0.23136
-5.88466
2.05447
-1.31344
0.165192
1.14716
-0.416022
7.24221
-0.948897
-1.46607
1.08544
1.49671
-0.122618
-1.62396
0.954679
1.77611
0.264216
-2.44317
0.806403
-1.31344
0.165192
1.14716
-0.416022
9.20159
-0.642107
-4.38604
2.4305
1.1086
0.901391
-3.06881
1.31942
-2.16422
0.759792
0.998316
-0.441662
0.874666
-0.541815
1.71489
-1.00343
9.02064
0.477261
-4.74165
2.30483
-0.595844
0.79553
4.07248
-2.57419
0.459776
-0.865653
6.14298
-3.45195
-0.0463855
0.24056
-4.73193
2.70121
8.83818
0.647698
0.741885
-1.02009
0.184552
-0.214096
2.16265
-1.37444
0.32062
-0.143974
-8.05281
4.6517
-0.145765
0.0783452
3.19135
-1.81529
9.19759
0.367973
-1.95692
0.441869
0.388496
-0.267008
-4.36891
2.48307
-0.116675
0.0910621
1.52125
-0.794185
-0.145765
0.0783452
3.19135
-1.81529
6.02853
-3.53261
2.68897
-1.02032
-1.35362
7.53371
-2.30565
2.20406
1.65489
-5.83728
3.98834
-3.159
-0.41711
1.21145
-0.830274
0.6915
5.91268
-0.624729
3.54138
-1.28376
0.704819
-0.506493
3.1802
-2.03944
0.403555
-2.20292
1.49752
-1.0845
-0.41711
1.21145
-0.830274
0.6915
6.60395
-2.12269
7.38882
-3.7162
0.260599
-1.27797
3.68441
-2.13394
-0.847775
1.43144
-0.993308
0.990002
1.04431
-0.122325
-3.39783
1.54227
7.06108
-2.09155
6.68209
-3.31786
1.69798
1.21793
-8.4957
4.47288
2.28516
1.06447
-11.1868
5.61681
-1.83654
-1.11966
8.64397
-4.27987
9.20767
-0.928812
-4.35644
2.49196
0.758667
-0.0121139
-4.93738
2.8669
-3.22447
-2.29451
14.7451
-7.22279
1.30864
1.01517
-5.65583
2.70804
8.05051
-2.22026
-0.204526
0.844104
-1.76435
-1.55562
7.58537
-3.45457
0.701451
0.751005
-2.22237
0.901317
1.30864
1.01517
-5.65583
2.70804
4.16457
-1.21561
-2.47776
2.16524
6.07849
9.53458
11.3489
-11.3527
-3.35306
-7.33761
-12.9161
10.7183
0.655569
1.62541
2.84901
-2.34388
7.54558
2.60676
-1.19591
-0.812991
1.33908
-0.264418
-5.93624
3.05234
-1.38635
-2.46139
-4.36907
3.6867
0.655569
1.62541
2.84901
-2.34388
8.15388
1.50636
-8.65222
3.58217
0.533093
-0.310977
-6.12735
3.3941
0.580359
2.41483
4.17796
-3.34494
-0.933574
-2.29117
2.86285
-0.462304
8.33376
1.31904
-7.73876
3.16902
-1.10691
-2.35484
10.8171
-4.68269
-2.22036
-4.45869
12.7665
-4.73185
1.4079
3.32868
-9.66006
3.71892
6.41439
-2.16581
6.18479
-2.5266
-1.32393
-1.28617
7.36994
-2.98963
2.00335
5.52736
-16.2137
6.42491
-0.623984
-2.17238
6.0048
-2.47133
6.46983
-0.097002
3.34586
-1.56265
0.810822
3.2514
-7.04299
2.4462
0.131399
-0.989792
1.80074
-0.989083
-0.623984
-2.17238
6.0048
-2.47133
2.63644
0.324594
6.20952
-2.57293
15.6093
-1.8256
-33.3182
13.1314
-12.8884
-1.01483
28.9918
-11.0765
2.78611
0.291795
-6.30419
2.3959
8.14343
-2.22404
-4.42114
1.87794
-1.80924
-2.97988
5.75274
-1.83379
-4.53011
-0.139448
10.0792
-3.88876
2.78611
0.291795
-6.30419
2.3959
4.59019
-5.05157
5.10662
-1.44872
-2.51114
-2.38339
6.99858
-2.42363
3.82821
0.735937
-8.83337
3.29892
-0.824207
2.0476
1.15841
-0.646335
5.08306
-4.65142
4.43024
-1.21976
2.67266
5.2313
-7.19293
2.23521
1.35559
6.87875
-5.35814
1.35992
-1.20455
-4.83466
4.68678
-1.44024
7.90677
2.62397
-3.43406
0.935121
1.77021
4.48481
-3.84888
0.634316
-2.25804
-7.62523
8.70219
-2.96081
0.737104
2.42323
-3.68139
1.46664
8.15604
1.90677
-2.26214
0.0752659
-0.534566
-3.49597
2.51133
-0.887384
-0.046732
-0.355552
-2.34197
1.43911
0.737104
2.42323
-3.68139
1.46664
6.59763
5.02485
-1.82523
-2.90749
-6.40309
-29.0678
7.67437
14.8238
4.01205
23.7394
-5.67523
-12.5987
-0.83039
-5.1289
1.19618
2.72697
3.37619
-5.43249
1.37008
2.04459
-0.870166
3.02422
-0.0875692
-2.19266
1.52088
8.35267
-2.08671
-4.41777
-0.83039
-5.1289
1.19618
2.72697
3.19652
0.815507
0.39198
-1.83888
-0.319583
4.34287
-0.672454
-2.8473
-0.970293
-7.03402
1.50182
3.76313
1.73547
2.42541
-0.773491
-0.638811
3.64211
0.549765
0.447856
-1.56186
2.94624
-2.44893
0.0107159
2.76252
4.23612
0.242221
-0.818652
1.8467
-2.79267
0.218162
-0.0166885
-1.84549
8.0318
-1.43879
-0.376768
1.20187
3.04046
-1.31001
-1.67665
0.919439
-4.1419
0.896706
-0.868718
-3.68978
0.945587
-0.539621
1.00284
1.76767
7.87594
-2.39171
-1.9193
0.199198
-2.40659
-1.13546
-0.405556
-1.15711
-1.30514
-0.722157
2.13982
1.61323
0.945587
-0.539621
1.00284
1.76767
6.88976
-7.34808
21.9384
-14.9845
-12.9727
30.7523
-92.5731
63.4906
9.4775
-25.4071
76.5211
-52.4946
-2.03614
5.44435
-16.4032
11.2549
1.35838
3.44144
-10.5168
7.26642
-0.126172
-3.7289
11.2595
-7.73403
3.36907
-9.07406
27.3115
-18.73
-2.03614
5.44435
-16.4032
11.2549
2.56513
-3.91716
11.651
-7.94278
0.503529
-5.54395
16.6729
-11.4295
-2.73937
7.25901
-21.8982
15.0346
2.74858
-1.038
3.21167
-2.23238
3.07787
-3.2401
9.63741
-6.5701
3.27055
5.86007
-17.4885
11.9425
5.50638
4.145
-12.2632
8.33743
-4.43669
-5.35169
15.7791
-10.7091
7.41811
1.41328
-4.33507
3.00068
0.973234
-1.905
5.32264
-3.51007
-7.80369
-11.9101
35.0743
-23.79
3.17648
6.76908
-19.8878
13.4731
3.76413
-5.63271
16.1741
-10.8263
-5.10471
-5.41789
15.8078
-10.6707
1.72575
8.39718
-24.5891
16.6294
3.17648
6.76908
-19.8878
13.4731
